1.000000000 0.000000000 0.000000000 0.000000000 0.000000000 1.000000000 0.000000000 0.000000000 0.000000000 0.000000000 1.000000000 0.000000000
0.999997735 -0.001449848 -0.001541091 -0.000374942 0.001448273 0.999998391 -0.001022359 -0.006437595 0.001542571 0.001020125 0.999998271 0.564333141
0.999994278 -0.001917392 -0.002794618 -0.007390801 0.001910480 0.999995112 -0.002473622 -0.019601976 0.002799346 0.002468268 0.999993026 1.119323015
0.999986589 -0.002094597 -0.004743337 -0.015444022 0.002075965 0.999990106 -0.003929561 -0.032072254 0.004751521 0.003919662 0.999981046 1.668696046
0.999968827 -0.004283753 -0.006630619 -0.020086382 0.004246955 0.999975502 -0.005553808 -0.046297520 0.006654248 0.005525475 0.999962568 2.231149673
0.999943614 -0.006552866 -0.008350052 -0.021689650 0.006489705 0.999950290 -0.007568862 -0.057357106 0.008399234 0.007514247 0.999936461 2.800398588
0.999923885 -0.007772421 -0.009587744 -0.036322802 0.007693202 0.999936223 -0.008271916 -0.070204034 0.009651425 0.008197526 0.999919832 3.369779825
0.999911487 -0.007732393 -0.010828977 -0.046443742 0.007649997 0.999941647 -0.007629623 -0.083716057 0.010887340 0.007546106 0.999912262 3.954382896
0.999896646 -0.007944120 -0.011981705 -0.061890475 0.007847921 0.999936759 -0.008054563 -0.099046767 0.012044934 0.007959700 0.999895751 4.542153835
0.999889731 -0.007274220 -0.012947948 -0.078573309 0.007135148 0.999916673 -0.010754853 -0.116076857 0.013025101 0.010661282 0.999858379 5.134333134
0.999880254 -0.005651430 -0.014406086 -0.092639185 0.005440028 0.999877572 -0.014671614 -0.132204771 0.014487238 0.014591489 0.999788523 5.739837170
0.999867737 -0.004203787 -0.015711354 -0.106656179 0.003914787 0.999823391 -0.018380044 -0.148401618 0.015785847 0.018316101 0.999707520 6.356855392
0.999854267 -0.002497315 -0.016885899 -0.122373603 0.002187134 0.999829054 -0.018362800 -0.161600083 0.016928865 0.018323192 0.999688804 6.999027729
0.999837756 -0.000086770 -0.018013667 -0.141404822 -0.000121222 0.999933362 -0.011544917 -0.174760908 0.018013470 0.011545226 0.999770999 7.650695324
0.999825001 0.000828762 -0.018687272 -0.166150719 -0.000847812 0.999999106 -0.001011448 -0.188520625 0.018686416 0.001027117 0.999824882 8.311819077
0.999804735 0.001950119 -0.019662848 -0.182311907 -0.001838965 0.999982238 0.005669521 -0.202372611 0.019673552 -0.005632255 0.999790609 8.989326477
0.999779880 0.002547066 -0.020824015 -0.191363990 -0.002434971 0.999982357 0.005406510 -0.212325767 0.020837417 -0.005354612 0.999768555 9.654178619
0.999764264 0.004841464 -0.021163421 -0.220699981 -0.004884386 0.999986112 -0.001976959 -0.218364015 0.021153552 0.002079865 0.999774098 10.343474388
0.999747396 0.004546817 -0.022010896 -0.245847225 -0.004724636 0.999956608 -0.008033413 -0.219146132 0.021973411 0.008135377 0.999725461 11.051874161
0.999723673 0.002277266 -0.023393799 -0.259164840 -0.002434656 0.999974608 -0.006701562 -0.219889119 0.023377940 0.006756668 0.999703884 11.790628433
0.999714315 0.001677670 -0.023844425 -0.280235857 -0.001607063 0.999994278 0.002980039 -0.236229688 0.023849286 -0.002940867 0.999711275 12.536084175
0.999712110 0.001316087 -0.023955762 -0.319850206 -0.001066431 0.999945164 0.010431367 -0.245465532 0.023968171 -0.010402817 0.999658644 13.332631111
0.999673367 -0.000454453 -0.025553964 -0.308149278 0.000784192 0.999916553 0.012895104 -0.241831273 0.025545971 -0.012910930 0.999590278 14.107643127
0.999661803 -0.002499453 -0.025888206 -0.329671830 0.002806791 0.999925971 0.011842203 -0.241007566 0.025856690 -0.011910861 0.999594748 14.915955544
0.999670982 -0.002815752 -0.025496326 -0.358772010 0.003053967 0.999951959 0.009309020 -0.240465000 0.025468888 -0.009383821 0.999631643 15.754384041
0.999683321 -0.000127501 -0.025164716 -0.384073019 0.000278198 0.999982059 0.005985024 -0.242800012 0.025163498 -0.005990130 0.999665380 16.593154907
0.999706388 -0.003008408 -0.024044335 -0.412318647 0.003020078 0.999995351 0.000449049 -0.250817597 0.024042871 -0.000521531 0.999710858 17.455410004
0.999718249 -0.005942104 -0.022981549 -0.436188698 0.005815730 0.999967575 -0.005561877 -0.266491562 0.023013854 0.005426656 0.999720395 18.317228317
0.999750435 -0.005411776 -0.021674190 -0.457228214 0.005169578 0.999923706 -0.011215012 -0.269465983 0.021733232 0.011100166 0.999702275 19.224533081
0.999777555 -0.003930456 -0.020722969 -0.494247288 0.003692976 0.999927163 -0.011485592 -0.292942852 0.020766603 0.011406508 0.999719262 20.135528564
0.999760568 -0.003920598 -0.021526076 -0.510869443 0.003688704 0.999934852 -0.010801903 -0.313750207 0.021567024 0.010719914 0.999709904 21.066890717
0.999751627 -0.003114419 -0.022063252 -0.531802356 0.002847107 0.999922276 -0.012136819 -0.334106505 0.022099333 0.012070988 0.999682903 22.008501053
0.999764621 -0.000898105 -0.021678234 -0.557259083 0.000591000 0.999899387 -0.014168759 -0.357615530 0.021688782 0.014152613 0.999664605 22.956317902
0.999749959 0.004412523 -0.021920854 -0.590019464 -0.004749703 0.999870777 -0.015353565 -0.384305507 0.021850275 0.015453841 0.999641836 23.953836441
0.999745905 0.005766818 -0.021791395 -0.621197104 -0.006096950 0.999867141 -0.015113739 -0.410189450 0.021701343 0.015242759 0.999648273 24.928709030
0.999745786 0.006629635 -0.021548320 -0.661725402 -0.006957495 0.999860704 -0.015175940 -0.439311147 0.021444703 0.015322005 0.999652684 25.940191269
0.999736965 0.006854334 -0.021885566 -0.687482417 -0.007187668 0.999858737 -0.015188571 -0.465506583 0.021778369 0.015341883 0.999645054 26.934391022
0.999704123 0.007474295 -0.023144512 -0.693661928 -0.007799749 0.999871552 -0.014003633 -0.495565265 0.023036873 0.014180012 0.999634027 27.925975800
0.999686956 0.007893120 -0.023742603 -0.719461381 -0.008180098 0.999894381 -0.012014229 -0.520984054 0.023645265 0.012204684 0.999645889 28.946769714
0.999674976 0.008539559 -0.024019737 -0.755977511 -0.008805531 0.999900877 -0.010989145 -0.545166612 0.023923514 0.011197083 0.999651015 29.954217911
0.999673784 0.008286592 -0.024157893 -0.792080402 -0.008568748 0.999896049 -0.011599649 -0.579575181 0.024059262 0.011802869 0.999640763 30.981637955
0.999671280 0.009319315 -0.023884654 -0.832954764 -0.009630176 0.999869943 -0.012933298 -0.602546990 0.023761014 0.013159056 0.999630988 32.013111115
0.999661267 0.009976525 -0.024036948 -0.847411036 -0.010260697 0.999878466 -0.011728082 -0.631725490 0.023917029 0.011970744 0.999642193 33.047504425
0.999648690 0.009438021 -0.024766825 -0.876456738 -0.009666050 0.999911845 -0.009103511 -0.655650735 0.024678722 0.009339709 0.999651730 34.105144501
0.999638200 0.010214838 -0.024880037 -0.916235030 -0.010349259 0.999932468 -0.005279977 -0.682414174 0.024824422 0.005535557 0.999676466 35.173133850
0.999625027 0.010585154 -0.025252972 -0.954265118 -0.010659347 0.999939263 -0.002805226 -0.711960495 0.025221743 0.003073353 0.999677062 36.242359161
0.999628365 0.008563379 -0.025880802 -0.991961598 -0.008630103 0.999959707 -0.002467561 -0.722627878 0.025858626 0.002689998 0.999661982 37.305095673
0.999614835 0.007904508 -0.026605479 -1.021114111 -0.008000799 0.999961734 -0.003514711 -0.747197986 0.026576681 0.003726222 0.999639809 38.380535126
0.999587119 0.008061785 -0.027580161 -1.052594185 -0.008170878 0.999959171 -0.003845120 -0.770482838 0.027548036 0.004068887 0.999612212 39.470035553
0.999568999 0.008008976 -0.028242411 -1.086133361 -0.008095666 0.999962866 -0.002956551 -0.784843743 0.028217688 0.003183918 0.999596715 40.563602448
0.999529600 0.008363473 -0.029507393 -1.118193150 -0.008403420 0.999963939 -0.001229976 -0.805251241 0.029496042 0.001477360 0.999563813 41.643077850
0.999520838 0.008302617 -0.029820874 -1.166079283 -0.008263712 0.999964893 0.001427612 -0.827395737 0.029831680 -0.001180497 0.999554276 42.722637177
0.999498904 0.009480061 -0.030200386 -1.208092213 -0.009436668 0.999954283 0.001579048 -0.852783382 0.030213969 -0.001293267 0.999542713 43.819801331
0.999464929 0.011229464 -0.030720312 -1.247691631 -0.011319960 0.999932110 -0.002773428 -0.863778234 0.030687083 0.003119696 0.999524117 44.898166656
0.999450445 0.012155233 -0.030839641 -1.291315317 -0.012366240 0.999901414 -0.006660544 -0.888260603 0.030755637 0.007038254 0.999502122 45.979240417
0.999407053 0.013543788 -0.031655956 -1.310108185 -0.013783987 0.999877691 -0.007381921 -0.904432833 0.031552102 0.007813887 0.999471486 47.087448120
0.999398649 0.014108595 -0.031676430 -1.348635435 -0.014256779 0.999888420 -0.004457070 -0.931947172 0.031610001 0.004905993 0.999488175 48.173603058
0.999384344 0.014718985 -0.031849232 -1.384170532 -0.014801567 0.999887645 -0.002358664 -0.956909060 0.031810932 0.002828629 0.999489903 49.262454987
0.999407351 0.012869137 -0.031925902 -1.418355465 -0.012913370 0.999915957 -0.001179660 -0.976662517 0.031908032 0.001591231 0.999489546 50.339973450
0.999435246 0.013048287 -0.030966757 -1.463713169 -0.013123848 0.999911368 -0.002238038 -0.999300897 0.030934813 0.002643177 0.999517858 51.426734924
0.999456942 0.012206215 -0.030611735 -1.497341156 -0.012338157 0.999915361 -0.004124882 -1.017552853 0.030558798 0.004500333 0.999522865 52.517047882
0.999461412 0.012510568 -0.030338569 -1.530817270 -0.012701066 0.999900758 -0.006094528 -1.046459198 0.030259309 0.006476579 0.999521136 53.593040466
0.999471068 0.011262143 -0.030508231 -1.559499025 -0.011535791 0.999894679 -0.008808464 -1.072223902 0.030405816 0.009155742 0.999495685 54.671703339
0.999490082 0.009499033 -0.030489614 -1.592407584 -0.009869557 0.999878943 -0.012025084 -1.101413488 0.030371701 0.012319869 0.999462724 55.765319824
0.999510407 0.007935644 -0.030266222 -1.629747510 -0.008349271 0.999873102 -0.013564573 -1.135247946 0.030154739 0.013810631 0.999449790 56.853610992
0.999511957 0.006731192 -0.030503526 -1.664434433 -0.007079202 0.999910891 -0.011315249 -1.169039011 0.030424641 0.011525667 0.999470592 57.958663940
0.999536812 0.005550866 -0.029923042 -1.709589124 -0.005721017 0.999967933 -0.005603661 -1.198096871 0.029890977 0.005772255 0.999536633 59.063926697
0.999548972 0.003915168 -0.029774116 -1.726946712 -0.003897700 0.999992192 0.000644670 -1.216930747 0.029776409 -0.000528329 0.999556422 60.129497528
0.999538004 0.002021321 -0.030324070 -1.757903337 -0.001982633 0.999997199 0.001305825 -1.234392643 0.030326629 -0.001245101 0.999539196 61.232044220
0.999541163 -0.000925282 -0.030273117 -1.788745642 0.000888027 0.999998808 -0.001244060 -1.262467861 0.030274233 0.001216606 0.999540865 62.323738098
0.999566615 -0.001602939 -0.029394748 -1.837382674 0.001447679 0.999984920 -0.005302396 -1.271002650 0.029402804 0.005257544 0.999553800 63.422195435
0.999584973 0.000343802 -0.028808309 -1.889900208 -0.000621097 0.999953508 -0.009617107 -1.293017030 0.028803667 0.009631008 0.999538720 64.507186890
0.999586344 0.000739266 -0.028754415 -1.926940560 -0.001136050 0.999904335 -0.013785202 -1.321745515 0.028741473 0.013812165 0.999491453 65.602737427
0.999607265 0.004260063 -0.027697377 -1.978483438 -0.004662013 0.999884486 -0.014463841 -1.352749467 0.027632564 0.014587285 0.999511719 66.689033508
0.999597192 0.007113168 -0.027475741 -2.015001059 -0.007399920 0.999919057 -0.010349071 -1.394506693 0.027399901 0.010548218 0.999568880 67.782196045
0.999595642 0.008557417 -0.027117847 -2.060974598 -0.008786078 0.999926805 -0.008324197 -1.423513174 0.027044628 0.008559091 0.999597609 68.875289917
0.999594748 0.007856590 -0.027364247 -2.097874165 -0.008060161 0.999940574 -0.007337020 -1.452504992 0.027304977 0.007554607 0.999598563 69.971908569
0.999594271 0.005883393 -0.027867090 -2.112115145 -0.006067957 0.999960184 -0.006543088 -1.477361083 0.027827483 0.006709529 0.999590218 71.065872192
0.999589026 0.004850514 -0.028255865 -2.149412155 -0.004997683 0.999974310 -0.005140157 -1.503344536 0.028230209 0.005279259 0.999587476 72.161247253
0.999585927 0.003226455 -0.028592410 -2.180441618 -0.003323402 0.999988914 -0.003343816 -1.526334405 0.028581304 0.003437456 0.999585569 73.275032043
0.999571204 0.001975781 -0.029215733 -2.219888687 -0.002021754 0.999996841 -0.001544119 -1.551909566 0.029212585 0.001602524 0.999571979 74.371429443
0.999556899 0.001363345 -0.029735841 -2.258616447 -0.001445492 0.999995232 -0.002741252 -1.575525522 0.029731965 0.002783020 0.999554038 75.461441040
0.999536157 0.002746316 -0.030329388 -2.300415754 -0.002943201 0.999974847 -0.006448823 -1.605174541 0.030310908 0.006535098 0.999519289 76.547897339
0.999509871 0.001727173 -0.031258203 -2.325343370 -0.001990886 0.999962807 -0.008407436 -1.633115411 0.031242521 0.008465546 0.999475956 77.609718323
0.999446094 0.003929763 -0.033045720 -2.355183601 -0.004151567 0.999969304 -0.006646096 -1.660371661 0.033018589 0.006779607 0.999431670 78.701644897
0.999463916 0.006095862 -0.032167856 -2.424963951 -0.006175019 0.999978244 -0.002362012 -1.683929324 0.032152757 0.002559383 0.999479651 79.790748596
0.999425650 0.005872787 -0.033375237 -2.433335304 -0.005817044 0.999981463 0.001767069 -1.712374687 0.033384997 -0.001571909 0.999441326 80.834541321
0.999433935 0.007280781 -0.032845147 -2.502368927 -0.007207231 0.999971151 0.002357127 -1.731887817 0.032861363 -0.002119070 0.999457657 81.892288208
0.999415994 0.007311003 -0.033378977 -2.550006151 -0.007323926 0.999973178 -0.000264926 -1.742603898 0.033376135 0.000509236 0.999442756 82.958938599
0.999397635 0.007312624 -0.033924561 -2.592262506 -0.007355489 0.999972224 -0.001138883 -1.763898015 0.033915289 0.001387728 0.999423862 84.029174805
0.999358296 0.006541578 -0.035217360 -2.618208647 -0.006562625 0.999978364 -0.000482047 -1.793488026 0.035213441 0.000712856 0.999379516 85.074478149
0.999337137 0.005236557 -0.036024347 -2.659225941 -0.005238194 0.999986231 0.000048933 -1.817457557 0.036024105 0.000139802 0.999350905 86.122276306
0.999312758 0.003819806 -0.036869191 -2.700627089 -0.003772927 0.999991953 0.001340981 -1.834398150 0.036874022 -0.001200955 0.999319196 87.148391724
0.999299526 0.003889296 -0.037223272 -2.753665686 -0.003725054 0.999983013 0.004480700 -1.861330509 0.037240069 -0.004338903 0.999296904 88.137718201
0.999256730 0.002718080 -0.038450379 -2.789026737 -0.002513319 0.999982417 0.005372666 -1.881849408 0.038464304 -0.005272035 0.999246061 89.114707947
0.999187350 0.001411986 -0.040282022 -2.843442440 -0.001218776 0.999987662 0.004820577 -1.884111404 0.040288337 -0.004767565 0.999176741 90.084259033
0.999074519 0.000546607 -0.043009456 -2.900920391 -0.000353986 0.999989867 0.004486062 -1.909429789 0.043011472 -0.004466686 0.999064565 91.024818420
0.998938680 0.000661162 -0.046052162 -2.956580639 -0.000498272 0.999993622 0.003548456 -1.927648067 0.046054214 -0.003521744 0.998932779 91.935958862
0.998759747 0.000023122 -0.049789574 -2.994333267 0.000154543 0.999993622 0.003564445 -1.941089630 0.049789343 -0.003567719 0.998753309 92.842346191
0.998642504 0.001051716 -0.052079070 -3.057847500 -0.000774676 0.999985397 0.005339496 -1.964230895 0.052083928 -0.005291903 0.998628676 93.702674866
0.998456597 0.001852050 -0.055506740 -3.107886553 -0.001484854 0.999976754 0.006655855 -1.983070135 0.055517782 -0.006563164 0.998436093 94.548385620
0.998315394 0.003248169 -0.057929300 -3.175200462 -0.002798989 0.999965429 0.007833390 -1.991776586 0.057952739 -0.007658051 0.998289943 95.368980408
0.998124957 0.004795292 -0.061020646 -3.229946375 -0.004306765 0.999957740 0.008134923 -1.998133183 0.061057080 -0.007856869 0.998103380 96.160812378
0.997982204 0.006804383 -0.063128605 -3.292326450 -0.006283327 0.999944568 0.008448714 -2.012145281 0.063182607 -0.008035011 0.997969687 96.920280457
0.997783422 0.008760242 -0.065966919 -3.350757360 -0.008297375 0.999938965 0.007287365 -2.028185129 0.066026740 -0.006723859 0.997795165 97.648643494
0.997618616 0.010027243 -0.068239257 -3.409580469 -0.009797421 0.999945104 0.003701714 -2.045186758 0.068272628 -0.003024330 0.997662127 98.348007202
0.997360945 0.012394898 -0.071536697 -3.458726645 -0.012401649 0.999923050 0.000349798 -2.063025951 0.071535535 0.000538298 0.997437835 99.022270203
0.997174203 0.014182647 -0.073772863 -3.510631561 -0.014417903 0.999892533 -0.002657314 -2.072955847 0.073727235 0.003713455 0.997271419 99.663063049
0.997073114 0.016108993 -0.074738264 -3.562786341 -0.016430439 0.999858260 -0.003688056 -2.086942434 0.074668258 0.004905244 0.997196376 100.284576416
0.997070253 0.018470868 -0.074228309 -3.608776569 -0.018757954 0.999819040 -0.003172222 -2.104829311 0.074156277 0.004555298 0.997236192 100.873657227
0.997222066 0.022327509 -0.071062192 -3.663510084 -0.022503929 0.999745369 -0.001682824 -2.118770361 0.071006522 0.003277327 0.997470438 101.437393188
0.997555375 0.024889393 -0.065298066 -3.704248667 -0.024968525 0.999688089 -0.000395971 -2.131399632 0.065267831 0.002025399 0.997865677 101.975845337
0.997975647 0.026010418 -0.058034662 -3.730507851 -0.025962804 0.999661684 0.001574469 -2.144775629 0.058055967 -0.000064540 0.998313308 102.498916626
0.998516440 0.025595974 -0.048059452 -3.756761551 -0.025444366 0.999669135 0.003763820 -2.149880409 0.048139885 -0.002535394 0.998837411 102.996299744
0.999023557 0.025244398 -0.036257043 -3.768687487 -0.025082201 0.999673307 0.004921494 -2.160403728 0.036369435 -0.004007282 0.999330342 103.475723267
0.999438524 0.024454493 -0.022905424 -3.770445824 -0.024346046 0.999691010 0.005001565 -2.171248913 0.023020655 -0.004441100 0.999725163 103.934188843
0.999689221 0.023238512 -0.009027143 -3.742404222 -0.023189671 0.999716103 0.005477901 -2.197380543 0.009151879 -0.005266862 0.999944270 104.385238647
0.999714792 0.021897152 0.009541956 -3.733981609 -0.021920735 0.999756932 0.002373796 -2.207427979 -0.009487657 -0.002582285 0.999951601 104.810852051
0.999294043 0.021264423 0.030973218 -3.710361242 -0.021209633 0.999772847 -0.002096481 -2.218515158 -0.031010762 0.001438070 0.999517977 105.227127075
0.998296857 0.019132590 0.055112232 -3.665488720 -0.018784763 0.999800205 -0.006822437 -2.228495598 -0.055231761 0.005775545 0.998456836 105.631843567
0.996463776 0.016774062 0.082332559 -3.610365868 -0.016031867 0.999824762 -0.009667413 -2.236839771 -0.082480282 0.008313281 0.996557951 106.032585144
0.993602872 0.014510003 0.111994945 -3.530980110 -0.013292693 0.999844253 -0.011608453 -2.237696886 -0.112145945 0.010045478 0.993640959 106.433677673
0.989494562 0.011689357 0.144096822 -3.454072952 -0.009887383 0.999863744 -0.013215114 -2.254360199 -0.144231647 0.011651546 0.989475310 106.790687561
0.983614445 0.009006172 0.180059820 -3.375015259 -0.006488508 0.999872863 -0.014566450 -2.270137072 -0.180168092 0.013159450 0.983547807 107.134712219
0.975966096 0.005166743 0.217861131 -3.261100769 -0.001936025 0.999885082 -0.015040098 -2.284268856 -0.217913762 0.014256840 0.975863934 107.479606628
0.966205716 0.003197786 0.257752448 -3.135471344 0.000785162 0.999881923 -0.015348213 -2.303206682 -0.257771045 0.015031907 0.966089010 107.827842712
0.953687668 0.003006593 0.300783604 -3.008911133 0.001643797 0.999882996 -0.015206647 -2.329770327 -0.300794125 0.014996819 0.953571200 108.173751831
0.938403428 0.005088895 0.345503837 -2.865901947 0.000313511 0.999878585 -0.015578630 -2.342351913 -0.345541179 0.014727361 0.938288033 108.503379822
0.920727432 0.005224663 0.390171438 -2.698619843 0.000322968 0.999899805 -0.014151486 -2.353579998 -0.390206248 0.013155674 0.920633495 108.820144653
0.900483012 0.004771831 0.434864879 -2.520202637 0.000841172 0.999918818 -0.012714075 -2.364449501 -0.434890181 0.011814605 0.900406003 109.121780396
0.877473831 0.003711098 0.479610026 -2.322605133 0.002926354 0.999909997 -0.013090976 -2.376917362 -0.479615450 0.012890499 0.877384126 109.410186768
0.852969885 0.003571439 0.521947920 -2.109291077 0.004679863 0.999884069 -0.014489583 -2.395670891 -0.521939099 0.014801825 0.852854371 109.675186157
0.825739563 0.006088333 0.564018667 -1.880531311 0.005368621 0.999811590 -0.018652342 -2.399954319 -0.564025998 0.018429978 0.825551391 109.942466736
0.795186222 0.010618559 0.606272221 -1.653450012 0.004030331 0.999732018 -0.022795990 -2.412250280 -0.606351852 0.020570539 0.794930398 110.196640015
0.761405170 0.016570108 0.648064435 -1.403343201 0.000970715 0.999642968 -0.026699973 -2.420408964 -0.648275495 0.020958584 0.761117458 110.454162598
0.724401057 0.020545082 0.689072609 -1.133396149 -0.001536462 0.999601424 -0.028188433 -2.440618992 -0.689377189 0.019360999 0.724143922 110.697654724
0.685885191 0.021308193 0.727397740 -0.840145111 0.000042928 0.999570012 -0.029321615 -2.449458599 -0.727709889 0.020142484 0.685589314 110.910003662
0.642395616 0.020821141 0.766090333 -0.514984131 0.001334889 0.999598980 -0.028286891 -2.466721058 -0.766372025 0.019194018 0.642110169 111.176300049
0.597711682 0.018929547 0.801487684 -0.192188263 0.002269395 0.999677300 -0.025302798 -2.478805065 -0.801707864 0.016942671 0.597475827 111.383758545
0.551326275 0.017212685 0.834112227 0.147945404 0.002747558 0.999744236 -0.022446714 -2.491249084 -0.834285319 0.014667233 0.551137924 111.566894531
0.503308654 0.014620762 0.863983035 0.503921509 0.004098176 0.999805272 -0.019306585 -2.504276037 -0.864096999 0.013257924 0.503150702 111.733200073
0.453003407 0.011064236 0.891440272 0.856998444 0.005598159 0.999867916 -0.015254817 -2.517515659 -0.891491294 0.011900908 0.452881515 111.862274170
0.401243746 0.010842437 0.915907204 1.205272675 0.003169788 0.999907553 -0.013225453 -2.536244154 -0.915965796 0.008209861 0.401172221 111.986282349
0.349812269 0.016049730 0.936682284 1.574062347 -0.001931888 0.999863386 -0.016410835 -2.548849583 -0.936817825 0.003931146 0.349795461 112.092109680
0.298693389 0.021100864 0.954115808 1.962182999 -0.002559652 0.999769628 -0.021309208 -2.558359861 -0.954345763 0.003922714 0.298678547 112.189239502
0.252408534 0.022898449 0.967349768 2.357900620 -0.000981984 0.999725401 -0.023408595 -2.574771643 -0.967620254 0.004958608 0.252361745 112.258453369
0.211559474 0.022354743 0.977109432 2.770900726 0.006462757 0.999684453 -0.024270512 -2.591720819 -0.977343738 0.011449478 0.211348265 112.307281494
0.175952345 0.022215437 0.984148026 3.205223083 0.014196430 0.999584079 -0.025102012 -2.603897333 -0.984296262 0.018388147 0.175563827 112.353591919
0.145990521 0.024034273 0.988994002 3.653995514 0.017956460 0.999475718 -0.026939645 -2.605991364 -0.989122927 0.021691760 0.145482421 112.387878418
0.117498331 0.022730168 0.992812932 4.118927956 0.015680460 0.999570906 -0.024740657 -2.619382620 -0.992949188 0.018474750 0.117091484 112.436317444
0.092241526 0.019333763 0.995549023 4.605587959 0.008918759 0.999755263 -0.020241810 -2.632814884 -0.995696664 0.010746198 0.092046529 112.475990295
0.068236977 0.014918384 0.997557700 5.122289181 0.003914413 0.999876440 -0.015220827 -2.652001858 -0.997661591 0.004943476 0.068170153 112.511230469
0.045536466 0.012786941 0.998880804 5.642616272 0.007701997 0.999883890 -0.013150897 -2.667909384 -0.998932958 0.008292223 0.045432683 112.519119263
0.025027923 0.013499279 0.999595582 6.189278603 0.015374954 0.999785364 -0.013886802 -2.685420275 -0.999568522 0.015716294 0.024814997 112.516525269
0.007777471 0.016264901 0.999837518 6.750247478 0.019996839 0.999665320 -0.016417649 -2.699396610 -0.999769866 0.020121275 0.007449619 112.501777649
-0.005822634 0.021116424 0.999760032 7.335731030 0.021561420 0.999547243 -0.020986352 -2.705065489 -0.999750555 0.021434050 -0.006275298 112.478271484
-0.017776664 0.025876250 0.999507070 7.925157547 0.018631836 0.999499977 -0.025544692 -2.716528177 -0.999668300 0.018168552 -0.018249899 112.484191895
-0.024612539 0.026325874 0.999350429 8.569869041 0.021307711 0.999439955 -0.025803454 -2.722205877 -0.999469995 0.020658774 -0.025159694 112.477455139
-0.026491236 0.023353478 0.999376237 9.222634315 0.027471408 0.999366522 -0.022625048 -2.740423918 -0.999271512 0.026854903 -0.027116004 112.446472168
-0.026649432 0.022387989 0.999394059 9.891091347 0.029367913 0.999335170 -0.021603558 -2.750902891 -0.999213338 0.028774396 -0.027289202 112.439285278
-0.024920778 0.022540377 0.999435306 10.584496498 0.028026536 0.999368608 -0.021840032 -2.768476486 -0.999296486 0.027466441 -0.025536774 112.434471130
-0.021750620 0.020555539 0.999552071 11.248446465 0.024242708 0.999505460 -0.020027049 -2.815017700 -0.999469399 0.023796251 -0.022238187 112.397781372
-0.021279218 0.021842102 0.999534905 11.959034920 0.023360306 0.999499261 -0.021343997 -2.833541632 -0.999500632 0.022895256 -0.021778800 112.399047852
-0.019659391 0.023310063 0.999534965 12.682029724 0.023275223 0.999467909 -0.022850707 -2.847095966 -0.999535799 0.022815170 -0.020191474 112.383171082
-0.017442591 0.022902165 0.999585509 13.435211182 0.022781912 0.999487102 -0.022502365 -2.867616892 -0.999588251 0.022379966 -0.017955404 112.354316711
-0.018159730 0.021301484 0.999608159 14.184742928 0.021301771 0.999554336 -0.020913348 -2.892961979 -0.999608159 0.020913642 -0.018605398 112.353363037
-0.018206587 0.020439971 0.999625325 14.948760033 0.021865016 0.999560118 -0.020040400 -2.910865545 -0.999595225 0.021491958 -0.018645499 112.351440430
-0.018854063 0.018161578 0.999657273 15.740171432 0.021461794 0.999612093 -0.017755976 -2.936095953 -0.999591827 0.021119667 -0.019236526 112.344490051
-0.020205600 0.016415650 0.999661088 16.519845963 0.019060647 0.999689817 -0.016030859 -2.961950302 -0.999614179 0.018730275 -0.020512227 112.342277527
-0.021413082 0.015137177 0.999656141 17.317481995 0.018006222 0.999729037 -0.014752580 -2.991100073 -0.999608576 0.017684132 -0.021679843 112.335586548
-0.022448599 0.012568123 0.999668956 18.124704361 0.020368315 0.999719203 -0.012111359 -3.013051271 -0.999540627 0.020089684 -0.022698283 112.315025330
-0.023665098 0.011011505 0.999659359 18.942028046 0.021529371 0.999713123 -0.010502430 -3.035345078 -0.999488175 0.021273490 -0.023895377 112.298942566
-0.025801679 0.009776273 0.999619246 19.737779617 0.019868741 0.999759674 -0.009264804 -3.051487207 -0.999469757 0.019622127 -0.025989715 112.287635803
-0.026817180 0.014829867 0.999530375 20.561479568 0.017094240 0.999750555 -0.014374499 -3.067928791 -0.999494255 0.016700730 -0.027063999 112.276527405
-0.027886407 0.018984236 0.999430895 21.397003174 0.018707542 0.999654412 -0.018466499 -3.097558975 -0.999436021 0.018181931 -0.028231917 112.254486084
-0.029098559 0.020630445 0.999363661 22.222154617 0.018238150 0.999631464 -0.020104934 -3.124254227 -0.999410093 0.017641518 -0.029464101 112.231391907
-0.030583072 0.018415608 0.999362588 23.065401077 0.014738178 0.999729872 -0.017971348 -3.151659727 -0.999423504 0.014179167 -0.030846225 112.214065552
-0.031717915 0.014437758 0.999392569 23.943344116 0.012399030 0.999824405 -0.014050485 -3.175496578 -0.999419868 0.011945847 -0.031891361 112.208732605
-0.032097925 0.008926094 0.999444842 24.801145554 0.010584187 0.999906957 -0.008590305 -3.202820301 -0.999428689 0.010302579 -0.032189414 112.191184998
-0.032325778 0.003531232 0.999471068 25.663492203 0.007269269 0.999968171 -0.003297877 -3.220533609 -0.999450922 0.007158818 -0.032350417 112.173522949
-0.031825442 0.002504694 0.999490261 26.504068375 0.004419426 0.999987483 -0.002365217 -3.241012096 -0.999483645 0.004341898 -0.031836104 112.148620605
-0.030834951 0.009348836 0.999480724 27.335939407 0.007922288 0.999927223 -0.009108601 -3.265968561 -0.999493062 0.007637312 -0.030906770 112.120185852
-0.029924765 0.020318735 0.999345601 28.169292450 0.010144386 0.999748170 -0.020023152 -3.294977188 -0.999500692 0.009538561 -0.030123344 112.102043152
-0.029642474 0.026042769 0.999221385 29.005949020 0.011480368 0.999603450 -0.025712157 -3.299771547 -0.999494612 0.010709257 -0.029929709 112.078376770
-0.027486818 0.020742733 0.999406934 29.842292786 0.013170565 0.999705434 -0.020386694 -3.327708244 -0.999535322 0.012602388 -0.027751921 112.049171448
-0.026208349 0.012845668 0.999573946 30.678710938 0.016083421 0.999793410 -0.012426790 -3.359754324 -0.999527037 0.015750883 -0.026409537 112.023384094
-0.025188269 0.010122903 0.999631464 31.495769501 0.017344585 0.999802649 -0.009687597 -3.384490013 -0.999532163 0.017094176 -0.025358882 111.991035461
-0.025987167 0.010920472 0.999602675 32.318107605 0.016455596 0.999809444 -0.010494931 -3.408581257 -0.999526680 0.016176322 -0.026161922 111.985977173
-0.028663866 0.011719394 0.999520361 33.157417297 0.012846490 0.999853015 -0.011354888 -3.431364298 -0.999506533 0.012514855 -0.028810203 112.002502441
-0.030649966 0.011822593 0.999460220 33.972179413 0.010714003 0.999876559 -0.011498955 -3.456606627 -0.999472737 0.010355776 -0.030772844 111.988418579
-0.032975774 0.012065658 0.999383390 34.800849915 0.010418773 0.999876976 -0.011727838 -3.479707241 -0.999401808 0.010025612 -0.033097424 111.971717834
-0.034934677 0.011906811 0.999318719 35.606288910 0.010152712 0.999881685 -0.011558597 -3.512884378 -0.999338031 0.009742000 -0.035051432 111.945930481
-0.036682438 0.012419516 0.999249816 36.395450592 0.007529873 0.999897838 -0.012151147 -3.530046701 -0.999298632 0.007078491 -0.036772206 111.910568237
-0.038781147 0.011779866 0.999178290 37.192405701 0.006077710 0.999914765 -0.011552655 -3.551124811 -0.999229312 0.005624690 -0.038849432 111.890609741
-0.040934175 0.010699520 0.999104559 37.991584778 0.006621557 0.999923646 -0.010437002 -3.576527834 -0.999139845 0.006188397 -0.041001905 111.864700317
-0.043149780 0.010972535 0.999008298 38.787807465 0.006287652 0.999922872 -0.010711001 -3.600615263 -0.999048889 0.005819239 -0.043215442 111.839363098
-0.044096179 0.011754670 0.998958111 39.574317932 0.007264787 0.999908090 -0.011445165 -3.627540827 -0.999000847 0.006752530 -0.044177514 111.783775330
-0.045399234 0.012245374 0.998893857 40.361423492 0.007866323 0.999898255 -0.011900165 -3.648555994 -0.998937905 0.007317363 -0.045490943 111.759788513
-0.046246868 0.010768555 0.998871922 41.126071930 0.009753384 0.999898970 -0.010328056 -3.676657677 -0.998882473 0.009264740 -0.046347223 111.719940186
-0.047693260 0.010795359 0.998803616 41.897064209 0.010143426 0.999895215 -0.010322803 -3.693042040 -0.998810470 0.009638964 -0.047797766 111.687438965
-0.049083821 0.009262129 0.998751640 42.655181885 0.008821664 0.999921978 -0.008839439 -3.730232477 -0.998755634 0.008376778 -0.049161695 111.659225464
-0.050573058 0.007867585 0.998689353 43.435539246 0.006389630 0.999951005 -0.007553958 -3.756603718 -0.998699903 0.005999230 -0.050620861 111.627624512
-0.051761232 0.007086066 0.998634279 44.171730042 0.005310880 0.999962628 -0.006820218 -3.772346020 -0.998645306 0.004950605 -0.051796939 111.602073669
-0.052508906 0.006864442 0.998596787 44.884773254 0.005782855 0.999961674 -0.006569745 -3.793490410 -0.998603702 0.005429771 -0.052546594 111.568862915
-0.052055713 0.009148342 0.998602211 45.597244263 0.005762805 0.999944150 -0.008860228 -3.819826126 -0.998627484 0.005293525 -0.052105531 111.530326843
-0.051881116 0.011840270 0.998583019 46.313018799 0.005927731 0.999915779 -0.011548096 -3.842759848 -0.998635650 0.005320203 -0.051946938 111.492721558
-0.052483074 0.013321815 0.998532951 47.017852783 0.003726168 0.999906600 -0.013144293 -3.865769863 -0.998614848 0.003030850 -0.052527819 111.463562012
-0.052403189 0.014718641 0.998517513 47.718574524 0.004603637 0.999884248 -0.014497185 -3.878051281 -0.998615324 0.003837115 -0.052464891 111.423301697
-0.052004546 0.014288544 0.998544633 48.410934448 0.005678643 0.999885738 -0.014011987 -3.903601408 -0.998630643 0.004941691 -0.052079733 111.386756897
-0.052424379 0.013494331 0.998533666 49.092193604 0.006572919 0.999891639 -0.013167598 -3.930300236 -0.998603284 0.005872979 -0.052507397 111.354324341
-0.052468751 0.013564576 0.998530388 49.772342682 0.002756897 0.999905944 -0.013438398 -3.952368975 -0.998618722 0.002047751 -0.052501198 111.325248718
-0.051430956 0.013340030 0.998587430 50.459625244 0.000278634 0.999910951 -0.013343359 -3.983242750 -0.998676479 -0.000408021 -0.051430091 111.284164429
-0.052680388 0.012092427 0.998538196 51.164379120 0.001658281 0.999926388 -0.012021749 -4.002437115 -0.998610020 0.001022547 -0.052696563 111.265419006
-0.053503718 0.011721147 0.998498797 51.832794189 0.002177879 0.999930084 -0.011621246 -4.020802021 -0.998565257 0.001552830 -0.053525511 111.230712891
-0.057261594 0.011033447 0.998298287 52.506565094 -0.001013514 0.999937773 -0.011109704 -4.043639183 -0.998358607 -0.001647948 -0.057246856 111.202110291
-0.062358305 0.010516571 0.997998476 53.166900635 -0.004649869 0.999930561 -0.010827470 -4.064641476 -0.998043001 -0.005315745 -0.062305074 111.166862488
-0.069240510 0.014701752 0.997491598 53.852405548 -0.000966337 0.999889910 -0.014804178 -4.082508564 -0.997599423 -0.001988962 -0.069218688 111.133399963
-0.076093450 0.017192982 0.996952474 54.522323608 0.001609696 0.999852180 -0.017120127 -4.107200623 -0.997099340 0.000302061 -0.076109856 111.085601807
-0.081883855 0.020941695 0.996421754 55.189117432 0.001627879 0.999780834 -0.020878507 -4.093854904 -0.996640682 -0.000087559 -0.081899978 111.002563477
-0.087968700 0.019700337 0.995928347 55.864326477 -0.002214932 0.999798119 -0.019972522 -4.122049332 -0.996120811 -0.003962872 -0.087907322 110.950897217
-0.093253568 0.018563742 0.995469213 56.545253754 -0.002451282 0.999818861 -0.018874481 -4.145743847 -0.995639443 -0.004200289 -0.093191177 110.890090942
-0.097415708 0.018814996 0.995065808 57.224670410 -0.004857325 0.999800384 -0.019380040 -4.174305439 -0.995231986 -0.006721280 -0.097304866 110.822463989
-0.101731703 0.018421518 0.994641244 57.926940918 -0.006787656 0.999792457 -0.019211156 -4.192554474 -0.994788766 -0.008705667 -0.101585560 110.760993958
-0.103471294 0.014993211 0.994519413 58.617652893 -0.006457931 0.999855161 -0.015745545 -4.215805054 -0.994611442 -0.008051752 -0.103359498 110.678245544
-0.105967253 0.011070468 0.994307995 59.340122223 -0.005283768 0.999917567 -0.011696037 -4.247406483 -0.994355559 -0.006493090 -0.105900012 110.612281799
-0.107859679 0.009790201 0.994118035 60.057804108 -0.004114580 0.999938548 -0.010293947 -4.249345303 -0.994157732 -0.005200680 -0.107812777 110.532562256
-0.109625317 0.009514305 0.993927419 60.786525726 -0.005075460 0.999935746 -0.010131617 -4.265559196 -0.993960083 -0.006155320 -0.109569967 110.466178894
-0.110443674 0.013880828 0.993785441 61.517448425 -0.003209357 0.999892354 -0.014322795 -4.279350758 -0.993877172 -0.004771275 -0.110387214 110.391647339
-0.110901982 0.018220056 0.993664265 62.236412048 0.002921250 0.999833584 -0.018007141 -4.297557831 -0.993827045 0.000905715 -0.110936739 110.310958862
-0.111849315 0.023576751 0.993445396 62.972862244 0.010138269 0.999693573 -0.022583591 -4.319861889 -0.993673444 0.007545857 -0.112054057 110.222457886
-0.113112815 0.025011739 0.993267298 63.725078583 0.010064150 0.999660671 -0.024026632 -4.343616486 -0.993531108 0.007278673 -0.113326125 110.146484375
-0.111857973 0.021131031 0.993499517 64.524894714 0.009184255 0.999753177 -0.020229992 -4.385867119 -0.993681788 0.006861668 -0.112024434 110.048988342
-0.111150645 0.016207326 0.993671417 65.275657654 0.009538210 0.999838412 -0.015240982 -4.412055492 -0.993757844 0.007783802 -0.111287266 109.966720581
-0.111353315 0.014322295 0.993677676 66.027656555 0.011606229 0.999846756 -0.013110595 -4.437041283 -0.993713140 0.010072943 -0.111502461 109.881607056
-0.112802379 0.013628954 0.993523955 66.769493103 0.011740463 0.999854445 -0.012382807 -4.466633320 -0.993548036 0.010267622 -0.112945952 109.811065674
-0.115040921 0.014528204 0.993254483 67.517929077 0.009985751 0.999859333 -0.013468241 -4.489730835 -0.993310511 0.008368995 -0.115169816 109.743965149
-0.116890371 0.015183376 0.993028760 68.272758484 0.009191651 0.999856770 -0.014205820 -4.508787155 -0.993102252 0.007467051 -0.117013209 109.650489807
-0.118740872 0.015542617 0.992803633 69.009902954 0.010610203 0.999840200 -0.014383783 -4.530870438 -0.992868543 0.008825907 -0.118886821 109.564292908
-0.120479695 0.015653335 0.992592335 69.746978760 0.010912182 0.999836147 -0.014443060 -4.554329395 -0.992655814 0.009091253 -0.120630763 109.475837708
-0.123001397 0.015204146 0.992290020 70.499061584 0.010623374 0.999845505 -0.014003072 -4.576263905 -0.992349565 0.008819072 -0.123143919 109.388130188
-0.124821976 0.015626960 0.992056072 71.258232117 0.007843657 0.999860168 -0.014762990 -4.596954346 -0.992148161 0.005938603 -0.124927111 109.308929443
-0.125685290 0.016987773 0.991924703 72.014137268 0.007912585 0.999838710 -0.016120719 -4.620424747 -0.992038548 0.005822551 -0.125799462 109.211166382
-0.126410007 0.016991451 0.991832495 72.773880005 0.006594035 0.999845564 -0.016288310 -4.648120403 -0.991956174 0.004481174 -0.126502559 109.120361328
-0.127988815 0.017329920 0.991624117 73.554130554 0.006649626 0.999839783 -0.016615236 -4.667513847 -0.991753340 0.004467367 -0.128083557 109.031387329
-0.128917143 0.015881544 0.991528153 74.328750610 0.006926568 0.999861717 -0.015114442 -4.688525200 -0.991631150 0.004919375 -0.129009351 108.931976318
-0.130083323 0.013864064 0.991406083 75.114013672 0.004696944 0.999899566 -0.013366548 -4.702729225 -0.991491914 0.002917814 -0.130135402 108.833999634
-0.131753325 0.011968258 0.991210282 75.899085999 0.001747148 0.999928236 -0.011841290 -4.719667435 -0.991280973 0.000171662 -0.131764784 108.740821838
-0.133653954 0.011650149 0.990959585 76.690925598 0.002514643 0.999931633 -0.011416469 -4.738699913 -0.991024733 0.000966053 -0.133674130 108.632797241
-0.136146918 0.012108046 0.990614712 77.481216431 0.003064841 0.999925613 -0.011800630 -4.762752056 -0.990683854 0.001429457 -0.136173919 108.541000366
-0.138650373 0.014241833 0.990238965 78.281921387 0.003249727 0.999897778 -0.013925730 -4.767355919 -0.990335941 0.001287199 -0.138682470 108.443038940
-0.140178472 0.017283382 0.989975333 79.079681396 0.004951631 0.999847293 -0.016754590 -4.798502445 -0.990113974 0.002553359 -0.140242621 108.333457947
-0.140171498 0.020292321 0.989919245 79.871955872 0.006495719 0.999787271 -0.019574814 -4.842119694 -0.990105927 0.003686406 -0.140273526 108.195678711
-0.141538665 0.024406752 0.989631832 80.687919617 0.007704827 0.999692857 -0.023552926 -4.868697643 -0.989902735 0.004291291 -0.141683236 108.088432312
-0.141031086 0.025110111 0.989686608 81.515396118 0.009975797 0.999663532 -0.023941681 -4.903754711 -0.989954948 0.006496391 -0.141234130 107.969886780
-0.140774831 0.024358125 0.989741921 82.344955444 0.013708996 0.999649465 -0.022652067 -4.938050747 -0.989946723 0.010379527 -0.141059428 107.855644226
-0.140448093 0.022663904 0.989828587 83.181045532 0.013682221 0.999686956 -0.020948237 -4.961367130 -0.989993513 0.010600912 -0.140714183 107.736389160
-0.139801532 0.021162389 0.989953399 84.028808594 0.013221512 0.999722302 -0.019504078 -4.988487244 -0.990091264 0.010361980 -0.140042514 107.621818542
-0.137821794 0.018770693 0.990279138 84.864601135 0.012565543 0.999773204 -0.017201843 -5.011548996 -0.990377307 0.010072608 -0.138026372 107.520843506
-0.136929050 0.015762681 0.990455389 85.725051880 0.013186619 0.999813855 -0.014088582 -5.036477089 -0.990493000 0.011131623 -0.137111410 107.418136597
-0.135065198 0.012307720 0.990760207 86.574325562 0.013492062 0.999852955 -0.010581370 -5.062700748 -0.990744829 0.011938225 -0.135211363 107.301254272
-0.133342981 0.012162751 0.990995288 87.424499512 0.011254590 0.999878824 -0.010757424 -5.088548183 -0.991006017 0.009718819 -0.133463681 107.198387146
-0.131778240 0.016264671 0.991145790 88.275993347 0.012409991 0.999814093 -0.014756942 -5.110396862 -0.991201520 0.010355466 -0.131955579 107.084022522
-0.130603045 0.022749236 0.991173685 89.129539490 0.012945327 0.999690652 -0.021238958 -5.134899139 -0.991350234 0.010057195 -0.130857125 106.989418030
-0.128646895 0.026114047 0.991346538 89.986396790 0.010513807 0.999632955 -0.024967950 -5.162788868 -0.991634607 0.007210777 -0.128874227 106.879585266
-0.126854703 0.023673240 0.991638780 90.862495422 0.008727908 0.999703050 -0.022749249 -5.192225933 -0.991882920 0.005769083 -0.127023622 106.770484924
