1.000000000 0.000000000 0.000000000 0.000000000 0.000000000 1.000000000 0.000000000 0.000000000 0.000000000 0.000000000 1.000000000 0.000000000
0.999997914 -0.001494070 -0.001412111 -0.003053626 0.001492626 0.999998331 -0.001023224 -0.007381671 0.001413638 0.001021114 0.999998450 0.562199652
0.999995470 -0.001861150 -0.002365612 -0.007643473 0.001855069 0.999994934 -0.002570102 -0.018555230 0.002370384 0.002565701 0.999993920 1.118975282
0.999987185 -0.002690632 -0.004290109 -0.015991475 0.002674864 0.999989748 -0.003676841 -0.032766365 0.004299957 0.003665318 0.999984026 1.676148534
0.999971688 -0.004233596 -0.006210464 -0.020122925 0.004199267 0.999975920 -0.005530280 -0.045184389 0.006233727 0.005504044 0.999965370 2.241870880
0.999949872 -0.006391179 -0.007702180 -0.026010204 0.006332704 0.999951184 -0.007592657 -0.054299880 0.007750329 0.007543501 0.999941528 2.795052528
0.999925315 -0.007956080 -0.009278982 -0.025055557 0.007881128 0.999936223 -0.008086341 -0.070094347 0.009342724 0.008012608 0.999924242 3.373753309
0.999910712 -0.007934515 -0.010750383 -0.035275038 0.007853863 0.999940813 -0.007523654 -0.081959948 0.010809443 0.007438549 0.999913871 3.953555584
0.999896586 -0.008339485 -0.011715539 -0.046157632 0.008249163 0.999936044 -0.007736905 -0.100351922 0.011779311 0.007639462 0.999901414 4.543426514
0.999890029 -0.007716171 -0.012662126 -0.061541017 0.007583805 0.999916494 -0.010468560 -0.117250666 0.012741845 0.010371380 0.999864995 5.137220383
0.999881983 -0.006026874 -0.014130504 -0.072986901 0.005824047 0.999880075 -0.014351211 -0.133658916 0.014215302 0.014267219 0.999797165 5.736505032
0.999865055 -0.005021159 -0.015638303 -0.083340690 0.004740788 0.999828339 -0.017914176 -0.147173077 0.015725568 0.017837621 0.999717176 6.356899738
0.999854386 -0.003284896 -0.016746689 -0.099744692 0.002982603 0.999832690 -0.018044109 -0.157472208 0.016803160 0.017991530 0.999696910 6.971786499
0.999847651 -0.000754235 -0.017439948 -0.124587327 0.000556261 0.999935389 -0.011353778 -0.167232305 0.017447386 0.011342347 0.999783397 7.607154369
0.999826729 0.000255381 -0.018608503 -0.135804951 -0.000273385 0.999999523 -0.000964932 -0.180360705 0.018608246 0.000969852 0.999826312 8.278217316
0.999809623 0.000873394 -0.019492935 -0.153069586 -0.000756660 0.999981821 0.005995079 -0.195216671 0.019497816 -0.005979189 0.999791980 8.957220078
0.999785066 0.003212979 -0.020487493 -0.177870482 -0.003108261 0.999981880 0.005141118 -0.212939560 0.020503644 -0.005076331 0.999776900 9.638996124
0.999758184 0.005234031 -0.021360192 -0.198593184 -0.005279043 0.999983966 -0.002051470 -0.218928680 0.021349112 0.002163735 0.999769688 10.336586952
0.999735653 0.005201961 -0.022393923 -0.221291274 -0.005387671 0.999951541 -0.008240540 -0.216408581 0.022349972 0.008359011 0.999715269 11.039043427
0.999719203 0.002711762 -0.023539485 -0.239228070 -0.002863830 0.999975264 -0.006428831 -0.221116230 0.023521468 0.006494440 0.999702275 11.772157669
0.999712944 0.002211044 -0.023856394 -0.260581642 -0.002146621 0.999994040 0.002725747 -0.229280129 0.023862276 -0.002673752 0.999711633 12.533217430
0.999697030 0.001892559 -0.024545312 -0.278793782 -0.001638038 0.999944687 0.010385416 -0.239904910 0.024563616 -0.010342060 0.999644697 13.313903809
0.999680579 0.000904050 -0.025257766 -0.298410028 -0.000584593 0.999919772 0.012652379 -0.240800157 0.025267186 -0.012633571 0.999600828 14.103067398
0.999681473 -0.000761424 -0.025224622 -0.323425293 0.001057285 0.999930799 0.011717779 -0.242394090 0.025213955 -0.011740715 0.999613047 14.908437729
0.999699712 -0.001423879 -0.024462059 -0.350086868 0.001655078 0.999954164 0.009433665 -0.240419358 0.024447510 -0.009471320 0.999656200 15.726403236
0.999705970 0.001388956 -0.024205573 -0.373191535 -0.001244281 0.999981284 0.005990977 -0.245029271 0.024213439 -0.005959099 0.999689043 16.562429428
0.999728441 -0.001578038 -0.023245661 -0.395720273 0.001585381 0.999998629 0.000297485 -0.247818530 0.023245165 -0.000334258 0.999729693 17.411628723
0.999739170 -0.004472206 -0.022394884 -0.412509859 0.004347331 0.999974787 -0.005621632 -0.260486543 0.022419458 0.005522807 0.999733329 18.280750275
0.999759614 -0.003522927 -0.021639965 -0.432940394 0.003274710 0.999928594 -0.011495057 -0.267069101 0.021678915 0.011421430 0.999699891 19.175565720
0.999777138 -0.002427152 -0.020969901 -0.463760138 0.002175714 0.999925554 -0.012004945 -0.283471614 0.020997478 0.011956645 0.999708116 20.074588776
0.999755204 -0.001603157 -0.022066500 -0.474779844 0.001342474 0.999929190 -0.011823231 -0.301098466 0.022083892 0.011790713 0.999686599 21.016506195
0.999770999 -0.000339094 -0.021398153 -0.510237455 0.000061085 0.999915600 -0.012991510 -0.323876053 0.021400753 0.012987227 0.999686658 21.948942184
0.999764681 0.002537251 -0.021545172 -0.534130871 -0.002864316 0.999880910 -0.015163141 -0.345072478 0.021504130 0.015221287 0.999652863 22.901823044
0.999743044 0.005709736 -0.021934133 -0.562160969 -0.006058811 0.999855518 -0.015881369 -0.366098523 0.021840284 0.016010184 0.999633253 23.866312027
0.999724448 0.007842412 -0.022126034 -0.587884605 -0.008186183 0.999846518 -0.015489369 -0.402235061 0.022001166 0.015666228 0.999635160 24.833669662
0.999724805 0.008358100 -0.021920564 -0.619512320 -0.008707791 0.999835551 -0.015905978 -0.426409632 0.021784015 0.016092477 0.999633133 25.814140320
0.999716461 0.008233088 -0.022341643 -0.644329131 -0.008587573 0.999837995 -0.015817232 -0.454434216 0.022207797 0.016004607 0.999625266 26.801599503
0.999704719 0.008944207 -0.022594301 -0.675907671 -0.009271641 0.999852896 -0.014428965 -0.482826293 0.022461917 0.014634192 0.999640584 27.806261063
0.999681175 0.009946364 -0.023208834 -0.695742369 -0.010238226 0.999869525 -0.012490646 -0.510343671 0.023081571 0.012724281 0.999652624 28.814670563
0.999670148 0.010529777 -0.023428509 -0.727778733 -0.010793128 0.999879658 -0.011142708 -0.539571226 0.023308361 0.011391900 0.999663413 29.831258774
0.999664545 0.010553626 -0.023652161 -0.751105607 -0.010850755 0.999863327 -0.012469471 -0.565579534 0.023517326 0.012721932 0.999642432 30.861402512
0.999652863 0.012132149 -0.023386912 -0.789153934 -0.012440249 0.999837101 -0.013073784 -0.596719384 0.023224486 0.013360185 0.999641001 31.892524719
0.999649763 0.011294693 -0.023930451 -0.817263424 -0.011593657 0.999855936 -0.012391243 -0.620232105 0.023787051 0.012664346 0.999636829 32.938301086
0.999630570 0.011103415 -0.024805352 -0.845703900 -0.011351015 0.999886870 -0.009863277 -0.643473923 0.024693033 0.010141200 0.999643624 33.985549927
0.999625504 0.011206458 -0.024964208 -0.878028750 -0.011361551 0.999916971 -0.006079392 -0.669717014 0.024894007 0.006360747 0.999669850 35.046089172
0.999611735 0.011254915 -0.025486965 -0.910915792 -0.011359871 0.999927580 -0.003976980 -0.689002454 0.025440358 0.004264964 0.999667227 36.109676361
0.999605179 0.010611488 -0.026021643 -0.941606939 -0.010694269 0.999938190 -0.003044094 -0.715259433 0.025987735 0.003321175 0.999656737 37.175399780
0.999592125 0.010475200 -0.026568862 -0.970660508 -0.010603177 0.999932766 -0.004680485 -0.732419729 0.026518049 0.004960290 0.999636054 38.247272491
0.999568462 0.010851934 -0.027297301 -1.005602598 -0.010997202 0.999926090 -0.005177176 -0.751279712 0.027239108 0.005475135 0.999613941 39.324729919
0.999541998 0.010497682 -0.028387936 -1.037832499 -0.010623699 0.999934316 -0.004291797 -0.767878592 0.028341014 0.004591416 0.999587893 40.415603638
0.999523640 0.010643655 -0.028970871 -1.081041694 -0.010709797 0.999940395 -0.002128828 -0.791827857 0.028946485 0.002438087 0.999578059 41.494983673
0.999512374 0.010949573 -0.029242678 -1.123105526 -0.010944041 0.999939978 0.000349187 -0.811361969 0.029244747 -0.000028983 0.999572277 42.579929352
0.999489129 0.012466960 -0.029424988 -1.166165471 -0.012460070 0.999922335 0.000417417 -0.836823642 0.029427901 -0.000050567 0.999566913 43.664512634
0.999454498 0.014077314 -0.029874949 -1.205640912 -0.014195001 0.999892294 -0.003730875 -0.851569057 0.029819209 0.004152915 0.999546707 44.727214813
0.999429047 0.015136887 -0.030208606 -1.239480257 -0.015370756 0.999853492 -0.007524582 -0.875573874 0.030090285 0.007984613 0.999515355 45.812854767
0.999445319 0.015781909 -0.029325474 -1.293709874 -0.016027205 0.999838352 -0.008148420 -0.896182656 0.029192137 0.008613903 0.999536693 46.889217377
0.999428988 0.016663954 -0.029393921 -1.322871208 -0.016827637 0.999844134 -0.005330015 -0.921862483 0.029300524 0.005821601 0.999553680 47.981971741
0.999414265 0.017106907 -0.029639086 -1.359450221 -0.017209947 0.999846697 -0.003224848 -0.946797788 0.029579379 0.003733047 0.999555469 49.074329376
0.999434948 0.015670419 -0.029733690 -1.392675161 -0.015736861 0.999874175 -0.002001844 -0.968523741 0.029698577 0.002468627 0.999555826 50.162952423
0.999443591 0.015470531 -0.029550120 -1.430810928 -0.015564416 0.999874532 -0.002949683 -0.989290953 0.029500779 0.003407971 0.999558926 51.235664368
0.999439538 0.014925929 -0.029964216 -1.464388251 -0.015077318 0.999874711 -0.004832710 -1.009926677 0.029888326 0.005281781 0.999539196 52.345149994
0.999463618 0.015459387 -0.028869241 -1.505018711 -0.015660373 0.999854505 -0.006748715 -1.041196942 0.028760714 0.007197198 0.999560416 53.407939911
0.999487102 0.014301568 -0.028653491 -1.538934350 -0.014571291 0.999851286 -0.009226679 -1.067620039 0.028517269 0.009639462 0.999546826 54.495811462
0.999505281 0.013271167 -0.028514855 -1.573143244 -0.013631115 0.999829292 -0.012466031 -1.101338387 0.028344555 0.012848554 0.999515653 55.583518982
0.999516070 0.011365091 -0.028961167 -1.595577836 -0.011781838 0.999828935 -0.014259902 -1.131371617 0.028794145 0.014594212 0.999478817 56.664264679
0.999550641 0.009848837 -0.028311776 -1.638351560 -0.010185155 0.999879003 -0.011759439 -1.163587451 0.028192533 0.012042514 0.999529958 57.761997223
0.999560177 0.008384665 -0.028446555 -1.671465874 -0.008562210 0.999944508 -0.006125354 -1.185549259 0.028393615 0.006366225 0.999576569 58.861396790
0.999559879 0.006832864 -0.028865039 -1.692841291 -0.006838406 0.999976635 -0.000093318 -1.210137129 0.028863734 0.000290667 0.999583304 59.955287933
0.999574542 0.005079211 -0.028721649 -1.725259542 -0.005056519 0.999986827 0.000862676 -1.232034922 0.028725648 -0.000717078 0.999587059 61.048355103
0.999588847 0.001915654 -0.028605931 -1.754782438 -0.001989463 0.999994755 -0.002551986 -1.245465994 0.028600890 0.002607847 0.999587655 62.136573792
0.999590874 0.000220695 -0.028598776 -1.794205308 -0.000383885 0.999983668 -0.005700820 -1.264045715 0.028597053 0.005709467 0.999574721 63.220130920
0.999586105 0.002438209 -0.028664876 -1.829630733 -0.002709749 0.999951780 -0.009437880 -1.293028474 0.028640484 0.009511649 0.999544442 64.307487488
0.999576628 0.002398614 -0.028996097 -1.861666918 -0.002803104 0.999899209 -0.013917211 -1.317414522 0.028959800 0.013992599 0.999482572 65.405014038
0.999589503 0.005245400 -0.028166518 -1.900325298 -0.005664039 0.999874294 -0.014803862 -1.345648408 0.028085321 0.014957322 0.999493539 66.493438721
0.999594808 0.009646798 -0.026780238 -1.951734304 -0.009944318 0.999890089 -0.010998833 -1.376784563 0.026671190 0.011260687 0.999580860 67.589744568
0.999584496 0.011001144 -0.026641639 -1.987798095 -0.011238022 0.999898434 -0.008757797 -1.405729175 0.026542589 0.009053556 0.999606669 68.692581177
0.999597311 0.010336636 -0.026427077 -2.024531841 -0.010543982 0.999914765 -0.007718727 -1.434332132 0.026345033 0.007994267 0.999620855 69.780242920
0.999599099 0.008942239 -0.026863676 -2.052464008 -0.009137267 0.999932706 -0.007145947 -1.458479643 0.026797967 0.007388543 0.999613702 70.881607056
0.999604583 0.007765534 -0.027022142 -2.083967447 -0.007922375 0.999952376 -0.005701974 -1.486518741 0.026976578 0.005913798 0.999618590 71.973358154
0.999616742 0.006579054 -0.026895763 -2.127959967 -0.006673001 0.999971926 -0.003404719 -1.515310884 0.026872613 0.003582889 0.999632418 73.060707092
0.999589443 0.005345498 -0.028148392 -2.151272774 -0.005402207 0.999983549 -0.001938990 -1.536061645 0.028137559 0.002090258 0.999601901 74.153839111
0.999587834 0.004554130 -0.028344978 -2.189587116 -0.004639833 0.999984860 -0.002958547 -1.563516140 0.028331077 0.003088844 0.999593794 75.231163025
0.999576151 0.004929890 -0.028691199 -2.231043100 -0.005130105 0.999962926 -0.006908822 -1.587215424 0.028656080 0.007053083 0.999564469 76.315185547
0.999552608 0.005592104 -0.029383129 -2.269587755 -0.005851708 0.999944568 -0.008756603 -1.616668224 0.029332535 0.008924627 0.999529839 77.397994995
0.999523997 0.007865403 -0.029832145 -2.312332153 -0.008082564 0.999941587 -0.007165811 -1.642385364 0.029774044 0.007403520 0.999529243 78.481643677
0.999504507 0.008837537 -0.030210333 -2.355686903 -0.008931461 0.999955714 -0.002975420 -1.665108800 0.030182695 0.003243768 0.999539137 79.558013916
0.999474943 0.009904608 -0.030848011 -2.390801430 -0.009878452 0.999950707 0.001000183 -1.688498974 0.030856395 -0.000694927 0.999523580 80.640098572
0.999453783 0.011034673 -0.031149015 -2.438177824 -0.010983017 0.999937952 0.001828964 -1.710786104 0.031167267 -0.001485855 0.999513030 81.706329346
0.999433279 0.010594524 -0.031949215 -2.476318121 -0.010604726 0.999943674 -0.000149906 -1.732499480 0.031945840 0.000488634 0.999489427 82.769813538
0.999422193 0.010791660 -0.032231070 -2.518576145 -0.010832350 0.999940753 -0.001088009 -1.749128342 0.032217413 0.001436519 0.999479771 83.829963684
0.999409914 0.009844808 -0.032905880 -2.555717230 -0.009884564 0.999950528 -0.001045728 -1.774036407 0.032893959 0.001370372 0.999457836 84.885696411
0.999382675 0.009181038 -0.033908855 -2.589875221 -0.009209924 0.999957323 -0.000695818 -1.795427918 0.033901028 0.001007687 0.999424636 85.919029236
0.999389172 0.007768510 -0.034069769 -2.632532358 -0.007760018 0.999969840 0.000381504 -1.812340856 0.034071695 -0.000116889 0.999419391 86.941703796
0.999361217 0.007958992 -0.034837339 -2.668147087 -0.007851878 0.999963939 0.003210369 -1.836475134 0.034861635 -0.002934780 0.999387801 87.944267273
0.999333322 0.006962431 -0.035838217 -2.709307909 -0.006813845 0.999967694 0.004266453 -1.855636835 0.035866760 -0.004019413 0.999348462 88.920494080
0.999264836 0.005693731 -0.037912082 -2.749397039 -0.005524689 0.999974310 0.004562070 -1.875780582 0.037937086 -0.004349263 0.999270678 89.882629395
0.999156177 0.004870604 -0.040781952 -2.797618628 -0.004733532 0.999982953 0.003456979 -1.891690254 0.040798090 -0.003261019 0.999162078 90.814826965
0.999004483 0.004676952 -0.044362754 -2.843315125 -0.004566068 0.999986112 0.002600458 -1.910505533 0.044374309 -0.002395306 0.999012113 91.733329773
0.998860836 0.004693499 -0.047486566 -2.890277624 -0.004543953 0.999984384 0.003256686 -1.931411624 0.047501110 -0.003037199 0.998866558 92.621238708
0.998694062 0.005459453 -0.050795719 -2.939054489 -0.005240447 0.999976397 0.004443677 -1.949329376 0.050818786 -0.004171681 0.998699188 93.491317749
0.998537242 0.006380717 -0.053689018 -2.994460821 -0.006092519 0.999966145 0.005529839 -1.965383768 0.053722478 -0.005194649 0.998542368 94.335754395
0.998373389 0.007398543 -0.056531534 -3.051785707 -0.007011021 0.999950528 0.007050253 -1.979893208 0.056580905 -0.006642442 0.998375833 95.149383545
0.998207331 0.008733376 -0.059210252 -3.104972601 -0.008285928 0.999935269 0.007798286 -1.995052814 0.059274532 -0.007293695 0.998215079 95.942344666
0.998030066 0.011158397 -0.061737135 -3.158418894 -0.010654025 0.999907196 0.008492881 -2.011744261 0.061826181 -0.007818401 0.998056293 96.704719543
0.997827291 0.012865281 -0.064615197 -3.209093809 -0.012417765 0.999896109 0.007322705 -2.027160883 0.064702697 -0.006504419 0.997883320 97.435958862
0.997642159 0.014248232 -0.067133300 -3.271819830 -0.014047870 0.999895394 0.003455669 -2.040787458 0.067175508 -0.002504443 0.997738004 98.129341125
0.997424841 0.016318427 -0.069838166 -3.323444366 -0.016355602 0.999866188 0.000039547 -2.057273626 0.069829471 0.001102800 0.997558355 98.810913086
0.997261167 0.018334195 -0.071651593 -3.377298594 -0.018564567 0.999824405 -0.002550500 -2.070461988 0.071592242 0.003873696 0.997426510 99.431861877
0.997160971 0.020079777 -0.072572201 -3.435996056 -0.020408165 0.999784648 -0.003786303 -2.078888655 0.072480522 0.005256619 0.997355998 100.071609497
0.997167051 0.022763984 -0.071691185 -3.484211445 -0.023032155 0.999730468 -0.002916044 -2.104197025 0.071605466 0.004558986 0.997422636 100.653976440
0.997292697 0.026352433 -0.068649836 -3.534587860 -0.026529983 0.999646664 -0.001675724 -2.116355896 0.068581425 0.003492467 0.997639418 101.221405029
0.997577131 0.028833847 -0.063310936 -3.571459055 -0.028893486 0.999582529 -0.000026427 -2.133988857 0.063283741 0.001855636 0.997993886 101.764335632
0.998002708 0.030053951 -0.055562459 -3.606065989 -0.029993614 0.999548256 0.001919742 -2.145884037 0.055595044 -0.000249388 0.998453498 102.278068542
0.998490274 0.029699024 -0.046204634 -3.625702858 -0.029527741 0.999554336 0.004385317 -2.161135197 0.046314277 -0.003014378 0.998922408 102.783859253
0.998985171 0.029147873 -0.034335040 -3.639210224 -0.028972022 0.999564469 0.005608165 -2.171554565 0.034483548 -0.004607718 0.999394655 103.267547607
0.999390721 0.028197678 -0.020565387 -3.641596794 -0.028092969 0.999590933 0.005362800 -2.179401159 0.020708188 -0.004781790 0.999774158 103.722900391
0.999587715 0.028088836 -0.005952564 -3.624223709 -0.028059065 0.999593616 0.005027766 -2.192927599 0.006091369 -0.004858669 0.999969602 104.154045105
0.999562562 0.026842415 0.012416379 -3.611117363 -0.026869005 0.999637008 0.001979660 -2.207216501 -0.012358736 -0.002312410 0.999920905 104.562820435
0.999098957 0.026308397 0.033304010 -3.577059507 -0.026237816 0.999652445 -0.002554683 -2.219709396 -0.033359647 0.001678556 0.999441922 104.976882935
0.998036683 0.024383828 0.057689041 -3.532566547 -0.023980269 0.999682903 -0.007677507 -2.227669001 -0.057857960 0.006279035 0.998305142 105.384231567
0.996176660 0.021863513 0.084581509 -3.476402283 -0.021067148 0.999725044 -0.010296530 -2.235950470 -0.084783375 0.008475274 0.996363282 105.788223267
0.993187487 0.019401524 0.114901051 -3.409562111 -0.018171042 0.999765813 -0.011746890 -2.245443344 -0.115102068 0.009578992 0.993307412 106.186813354
0.988895714 0.017234486 0.147608399 -3.327278137 -0.015341963 0.999784946 -0.013950282 -2.253195286 -0.147817105 0.011530768 0.988947451 106.564720154
0.982911229 0.014631114 0.183498085 -3.227523804 -0.012028420 0.999810755 -0.015288860 -2.272219419 -0.183687031 0.012820399 0.982901156 106.941909790
0.975047112 0.011470615 0.221701369 -3.109714508 -0.008118249 0.999838591 -0.016026445 -2.282368422 -0.221849442 0.013826711 0.974982917 107.302772522
0.965043128 0.009264666 0.261927485 -3.003517151 -0.005030417 0.999845624 -0.016831646 -2.299309731 -0.262042999 0.014925659 0.964940786 107.617477417
0.952872753 0.009137786 0.303232521 -2.869724274 -0.004114588 0.999843538 -0.017200250 -2.327385187 -0.303342313 0.015141975 0.952761352 107.938529968
0.937609613 0.011181668 0.347509980 -2.724380493 -0.005302613 0.999826372 -0.017864075 -2.338606834 -0.347649395 0.014906820 0.937506139 108.259902954
0.919659972 0.011367603 0.392550826 -2.558982849 -0.005312771 0.999849558 -0.016507294 -2.352977037 -0.392679393 0.013095568 0.919582188 108.582962036
0.899036825 0.010564686 0.437745571 -2.382720947 -0.004320409 0.999874294 -0.015258068 -2.365427256 -0.437851608 0.011826327 0.898969412 108.893020630
0.876186013 0.009685764 0.481875718 -2.184528351 -0.002196074 0.999867857 -0.016104391 -2.378263712 -0.481968015 0.013052208 0.876091540 109.164855957
0.851236403 0.010846052 0.524670243 -1.961284637 -0.001226922 0.999824703 -0.018677924 -2.388698101 -0.524780869 0.015255600 0.851100624 109.450988770
0.823910773 0.012251539 0.566586971 -1.732910156 0.000452475 0.999751806 -0.022276007 -2.401508570 -0.566719234 0.018609811 0.823700786 109.714843750
0.791917801 0.016895359 0.610393941 -1.510581970 -0.001374368 0.999663949 -0.025887046 -2.427567959 -0.610626161 0.019661507 0.791674912 109.998191833
0.758090317 0.023339821 0.651731730 -1.254390717 -0.004822887 0.999532700 -0.030185319 -2.435772419 -0.652131677 0.019739971 0.757848740 110.250198364
0.720406115 0.028303830 0.692974746 -0.983936310 -0.006791790 0.999406934 -0.033759095 -2.440533876 -0.693519294 0.019613719 0.720171154 110.497680664
0.680682898 0.028361442 0.732029021 -0.691501617 -0.005030904 0.999407709 -0.034042638 -2.462111712 -0.732560933 0.019489473 0.680422544 110.727493286
0.640023530 0.025771145 0.767922938 -0.373512268 -0.000800631 0.999459207 -0.032874111 -2.474850416 -0.768354893 0.020425379 0.639698029 110.924674988
0.595454812 0.024331043 0.803020239 -0.067676544 -0.000094459 0.999543428 -0.030215530 -2.486734390 -0.803388715 0.017916135 0.595185280 111.109474182
0.548851788 0.022808418 0.835608423 0.274959564 0.000677285 0.999615252 -0.027729940 -2.497829914 -0.835919440 0.015785571 0.548625171 111.294189453
0.500433922 0.020640820 0.865528584 0.624404907 0.001869588 0.999687731 -0.024921160 -2.510473728 -0.865772784 0.014089573 0.500238955 111.457366943
0.449661106 0.017050888 0.893036485 0.993366241 0.004938553 0.999754965 -0.021575142 -2.517855644 -0.893185556 0.014111810 0.449466795 111.602958679
0.397693843 0.017489811 0.917351484 1.372436523 0.002760472 0.999790967 -0.020258296 -2.528825521 -0.917513967 0.010588925 0.397562474 111.737770081
0.346538931 0.021990512 0.937777817 1.744884491 -0.001092145 0.999733925 -0.023039781 -2.551929474 -0.938034952 0.006959991 0.346470773 111.839607239
0.296217173 0.026910234 0.954741418 2.133600235 -0.001349762 0.999613762 -0.027756225 -2.566188335 -0.955119669 0.006933196 0.296139091 111.924537659
0.249601692 0.029108115 0.967911005 2.537048340 0.000071052 0.999547541 -0.030077849 -2.580103874 -0.968348622 0.007576254 0.249486700 111.992889404
0.208253786 0.028849658 0.977649212 2.945482254 0.007539825 0.999487817 -0.031100195 -2.594287872 -0.978045702 0.013848037 0.207929641 112.047554016
0.173173934 0.028898729 0.984467268 3.381263733 0.015734315 0.999360621 -0.032103691 -2.606531858 -0.984765589 0.021049440 0.172608554 112.083900452
0.142770335 0.029682364 0.989310682 3.835261345 0.020475240 0.999247730 -0.032935347 -2.623953819 -0.989544094 0.024958570 0.142055213 112.117584229
0.114570253 0.028374607 0.993009865 4.303144455 0.018029632 0.999367952 -0.030636486 -2.641648769 -0.993251503 0.021413635 0.113986254 112.167037964
0.089130446 0.024983324 0.995706558 4.796334267 0.012173261 0.999583364 -0.026170284 -2.655056715 -0.995945513 0.014453565 0.088789187 112.205558777
0.065191284 0.020814572 0.997655749 5.300032139 0.007187895 0.999746680 -0.021327881 -2.672246695 -0.997846842 0.008561438 0.065025151 112.234176636
0.042542063 0.018424401 0.998924792 5.833524704 0.011345637 0.999756575 -0.018922931 -2.693295240 -0.999030173 0.012138461 0.042322669 112.244117737
0.022091813 0.019290460 0.999569833 6.372248650 0.019407071 0.999617159 -0.019720299 -2.711813450 -0.999567509 0.019834379 0.021708984 112.234176636
0.005056259 0.021202022 0.999762416 6.924539089 0.023717791 0.999491394 -0.021316230 -2.739736557 -0.999705911 0.023819936 0.004550822 112.215476990
-0.009190233 0.026337348 0.999610841 7.494919777 0.024079232 0.999369025 -0.026109599 -2.752383232 -0.999667883 0.023829909 -0.009818617 112.203445435
-0.020439321 0.031512149 0.999294341 8.121961594 0.022285847 0.999269307 -0.031055525 -2.759485960 -0.999542654 0.021635370 -0.021126654 112.205085754
-0.026886526 0.031251218 0.999149799 8.748349190 0.024088858 0.999241233 -0.030605858 -2.777879238 -0.999348223 0.023245491 -0.027618930 112.185310364
-0.029377738 0.028122243 0.999172628 9.386517525 0.030621190 0.999160290 -0.027221570 -2.800464630 -0.999099195 0.029796146 -0.030214205 112.155921936
-0.028882381 0.026250577 0.999238074 10.038339615 0.032074824 0.999164581 -0.025321545 -2.825830460 -0.999068081 0.031319037 -0.029700236 112.132453918
-0.026899057 0.026023285 0.999299347 10.721613884 0.031227613 0.999195099 -0.025179991 -2.846934080 -0.999150276 0.030528415 -0.027690049 112.117462158
-0.025402050 0.026145626 0.999335349 11.414262772 0.027831823 0.999288917 -0.025436955 -2.871073961 -0.999289751 0.027167175 -0.026111672 112.108711243
-0.024278477 0.027522169 0.999326289 12.124129295 0.026408765 0.999289751 -0.026879570 -2.896445036 -0.999356270 0.025738383 -0.024988059 112.096282959
-0.023472568 0.028150195 0.999328077 12.844182014 0.025988411 0.999282837 -0.027538497 -2.925267220 -0.999386609 0.025324553 -0.024187313 112.081802368
-0.022768276 0.027812853 0.999353766 13.596460342 0.025791824 0.999296606 -0.027223647 -2.949488878 -0.999408007 0.025155326 -0.023469603 112.072135925
-0.022093263 0.026238317 0.999411523 14.354997635 0.024525560 0.999368846 -0.025695032 -2.979597092 -0.999454975 0.023943445 -0.022722827 112.055252075
-0.021549713 0.025094356 0.999452770 15.119135857 0.025158130 0.999381959 -0.024550131 -3.005394459 -0.999451160 0.024615312 -0.022167725 112.039810181
-0.021876417 0.022642594 0.999504268 15.900480270 0.026030591 0.999417484 -0.022070894 -3.036654711 -0.999421775 0.025534853 -0.022453073 112.019088745
-0.023039540 0.020850336 0.999517083 16.683822632 0.023559704 0.999516189 -0.020307247 -3.065914392 -0.999456942 0.023080457 -0.023519622 112.004959106
-0.024148822 0.019762343 0.999512970 17.484066010 0.022985287 0.999551177 -0.019207761 -3.090739965 -0.999444127 0.022510251 -0.024592234 111.987068176
-0.025451863 0.017210551 0.999527872 18.285373688 0.025296196 0.999542832 -0.016566664 -3.114508390 -0.999355972 0.024862604 -0.025875585 111.966362000
-0.026462859 0.015800091 0.999525070 19.097673416 0.026393043 0.999537587 -0.015101525 -3.136831045 -0.999301314 0.025980873 -0.026867637 111.943595886
-0.028384071 0.014868238 0.999486625 19.921869278 0.023890989 0.999613822 -0.014191660 -3.163865089 -0.999311507 0.023475910 -0.028728329 111.924903870
-0.029142559 0.019473726 0.999385536 20.754711151 0.021150915 0.999598503 -0.018861106 -3.190739393 -0.999351442 0.020588260 -0.029542740 111.908378601
-0.030278103 0.024029888 0.999252617 21.590158463 0.022714889 0.999469340 -0.023346826 -3.218125105 -0.999283373 0.021991016 -0.030807875 111.890876770
-0.031244658 0.025740555 0.999180198 22.428501129 0.022502773 0.999433041 -0.025043396 -3.247560263 -0.999258399 0.021701854 -0.031806175 111.863487244
-0.033168107 0.023759164 0.999167383 23.278402328 0.018889654 0.999553621 -0.023141298 -3.280447960 -0.999271214 0.018106371 -0.033602107 111.851516724
-0.033813104 0.019159127 0.999244511 24.118961334 0.015823154 0.999701202 -0.018632444 -3.313640356 -0.999302924 0.015181178 -0.034106158 111.823646545
-0.033810511 0.013973431 0.999330580 24.973333359 0.014346347 0.999806106 -0.013494696 -3.341515779 -0.999325275 0.013880482 -0.034004420 111.795196533
-0.034435052 0.008109313 0.999373972 25.825828552 0.011300506 0.999906301 -0.007724256 -3.368725777 -0.999343038 0.011027448 -0.034523461 111.778892517
-0.034405425 0.006790390 0.999384880 26.675302505 0.008427701 0.999943316 -0.006504049 -3.394291401 -0.999372363 0.008198745 -0.034460701 111.760101318
-0.033713687 0.013171457 0.999344647 27.509664536 0.010318829 0.999864399 -0.012830194 -3.428687811 -0.999378264 0.009879513 -0.033845022 111.738327026
-0.031878684 0.024916362 0.999181092 28.330062866 0.014115185 0.999600768 -0.024476482 -3.447094679 -0.999392092 0.013323348 -0.032217659 111.696556091
-0.030867893 0.030098578 0.999070168 29.167255402 0.016205940 0.999430239 -0.029608710 -3.475859404 -0.999392092 0.015276912 -0.031338081 111.667587280
-0.030319223 0.024667663 0.999235809 29.999944687 0.017728066 0.999551415 -0.024137544 -3.508027792 -0.999383032 0.016982693 -0.030742930 111.653892517
-0.029479556 0.016694881 0.999425888 30.840339661 0.020576863 0.999658823 -0.016091822 -3.542635918 -0.999353647 0.020090673 -0.029813021 111.628250122
-0.028379077 0.013319419 0.999508381 31.658950806 0.021127194 0.999695897 -0.012722049 -3.576630592 -0.999373913 0.020755773 -0.028651841 111.597717285
-0.028854510 0.014530115 0.999477923 32.495239258 0.020383984 0.999695063 -0.013944789 -3.598096132 -0.999375761 0.019970976 -0.029141888 111.582519531
-0.029385258 0.015532898 0.999447405 33.309959412 0.017487055 0.999734163 -0.015023209 -3.624337435 -0.999415159 0.017035935 -0.029649071 111.560386658
-0.031763636 0.015046265 0.999382079 34.118938446 0.014737978 0.999784946 -0.014583909 -3.656939030 -0.999386668 0.014265636 -0.031978559 111.545173645
-0.033784520 0.015097622 0.999315083 34.928394318 0.014584506 0.999786794 -0.014611680 -3.684010267 -0.999322712 0.014080872 -0.033997517 111.519897461
-0.035695180 0.015510504 0.999242365 35.743034363 0.013263312 0.999798834 -0.015045349 -3.708987951 -0.999274671 0.012716218 -0.035893723 111.492866516
-0.038150188 0.016003273 0.999143839 36.554889679 0.011531970 0.999812305 -0.015573653 -3.734377384 -0.999205470 0.010927962 -0.038327567 111.473800659
-0.040200207 0.015117870 0.999077260 37.353317261 0.009701559 0.999844313 -0.014739111 -3.759847403 -0.999144554 0.009100092 -0.040340621 111.448707581
-0.042142995 0.013945226 0.999014258 38.142616272 0.009933896 0.999859035 -0.013537960 -3.786156416 -0.999062181 0.009353573 -0.042275582 111.415367126
-0.044506188 0.013791694 0.998913944 38.933486938 0.009549778 0.999864936 -0.013379337 -3.814345121 -0.998963416 0.008943942 -0.044631872 111.391181946
-0.045730218 0.015238291 0.998837531 39.715183258 0.010450449 0.999836206 -0.014775068 -3.834509373 -0.998899102 0.009762635 -0.045881975 111.348075867
-0.046477042 0.015457601 0.998799741 40.493888855 0.010163313 0.999835789 -0.015000707 -3.863132715 -0.998867691 0.009453926 -0.046626505 111.311492920
-0.048181552 0.014249054 0.998736978 41.277839661 0.012736703 0.999825835 -0.013650135 -3.887885571 -0.998757362 0.012062935 -0.048354648 111.282585144
-0.049936201 0.013310769 0.998663664 42.056968689 0.012645270 0.999839485 -0.012694137 -3.917411566 -0.998672307 0.011994475 -0.050096504 111.250114441
-0.051191635 0.013012585 0.998604059 42.809635162 0.011557261 0.999855876 -0.012436435 -3.942684650 -0.998622000 0.010904488 -0.051334653 111.215980530
-0.052594643 0.012354356 0.998539567 43.568260193 0.009869820 0.999881029 -0.011851097 -3.963000059 -0.998567164 0.009232100 -0.052710325 111.185623169
-0.053870030 0.010944671 0.998488009 44.300811768 0.008538643 0.999908388 -0.010499569 -3.988599539 -0.998511493 0.007960121 -0.053958558 111.158142090
-0.054205950 0.010571003 0.998473823 45.018379211 0.008921187 0.999909163 -0.010101879 -4.013804913 -0.998489916 0.008359988 -0.054295335 111.115409851
-0.054567527 0.013242678 0.998422265 45.720508575 0.009476012 0.999873936 -0.012744030 -4.034996033 -0.998465180 0.008765653 -0.054686140 111.082672119
-0.054570537 0.016045364 0.998381019 46.424652100 0.008798366 0.999839783 -0.015587898 -4.058230400 -0.998471141 0.007933482 -0.054702967 111.049964905
-0.054350838 0.017693151 0.998365104 47.117294312 0.006800388 0.999826372 -0.017348832 -4.081759930 -0.998498678 0.005846346 -0.054461718 111.014244080
-0.054568026 0.018287387 0.998342574 47.816055298 0.007550392 0.999811172 -0.017901601 -4.110598564 -0.998481512 0.006561023 -0.054695804 110.979804993
-0.054694686 0.018177167 0.998337626 48.512619019 0.008644562 0.999805450 -0.017730290 -4.133653641 -0.998465657 0.007660440 -0.054841179 110.944999695
-0.054835487 0.017772688 0.998337209 49.200569153 0.009117781 0.999808788 -0.017298074 -4.156983376 -0.998453796 0.008154072 -0.054987043 110.907875061
-0.055247042 0.017796205 0.998314083 49.880752563 0.005461787 0.999831557 -0.017521000 -4.179674149 -0.998457789 0.004484597 -0.055334937 110.877502441
-0.055026971 0.017594146 0.998329818 50.563327789 0.002372804 0.999844134 -0.017490050 -4.213157177 -0.998482049 0.001406417 -0.055060145 110.849479675
-0.054813731 0.016047228 0.998367667 51.242553711 0.003903817 0.999866545 -0.015856989 -4.239017487 -0.998489022 0.003028264 -0.054869063 110.812072754
-0.055852484 0.015863348 0.998313010 51.930252075 0.004854498 0.999866247 -0.015616435 -4.259804726 -0.998427212 0.003974093 -0.055922024 110.778167725
-0.059366878 0.015151076 0.998121202 52.604976654 0.001317973 0.999885082 -0.015099459 -4.285189629 -0.998235285 0.000419090 -0.059380028 110.745223999
-0.064979121 0.014546988 0.997780681 53.274555206 -0.001894680 0.999890268 -0.014701132 -4.313114643 -0.997884810 -0.002845742 -0.064944424 110.714370728
-0.070495814 0.018398954 0.997342467 53.931915283 0.001531122 0.999830723 -0.018336633 -4.336024761 -0.997510970 0.000234397 -0.070512041 110.661537170
-0.077130742 0.021372763 0.996791840 54.599456787 0.003655819 0.999769568 -0.021153724 -4.352951050 -0.997014225 0.002012489 -0.077191092 110.602798462
-0.084093057 0.023026757 0.996191740 55.273822784 0.002898922 0.999734402 -0.022863932 -4.375913143 -0.996453643 0.000965186 -0.084137477 110.543930054
-0.090540819 0.022021903 0.995649219 55.954132080 -0.000623382 0.999754012 -0.022169385 -4.403542519 -0.995892465 -0.002627905 -0.090504833 110.490592957
-0.096042365 0.021501541 0.995144963 56.650035858 -0.000630381 0.999765098 -0.021662205 -4.421953201 -0.995377004 -0.002707809 -0.096006252 110.427978516
-0.100584887 0.021747064 0.994690835 57.341579437 -0.003297570 0.999748349 -0.022191096 -4.451108932 -0.994922936 -0.005512151 -0.100487866 110.363464355
-0.104417704 0.020808833 0.994315743 58.022754669 -0.005733832 0.999751985 -0.021524737 -4.474919319 -0.994516969 -0.007948805 -0.104272477 110.296104431
-0.106977679 0.017384047 0.994109392 58.727519989 -0.005204822 0.999823630 -0.018044066 -4.497475624 -0.994247794 -0.007104474 -0.106868319 110.221527100
-0.108506069 0.014055301 0.993996382 59.438896179 -0.002902314 0.999891341 -0.014455476 -4.524547100 -0.994091511 -0.004453397 -0.108453482 110.139350891
-0.110128202 0.011601763 0.993849635 60.159523010 -0.003567787 0.999920785 -0.012067979 -4.547346115 -0.993910968 -0.004874869 -0.110078096 110.065475464
-0.111651294 0.011093011 0.993685544 60.882083893 -0.004963018 0.999918997 -0.011720247 -4.567631245 -0.993735015 -0.006240260 -0.111587204 109.990379333
-0.111903228 0.015077055 0.993604720 61.620487213 -0.002872312 0.999875784 -0.015495703 -4.585600376 -0.993714929 -0.004587962 -0.111846022 109.912826538
-0.112048030 0.019400999 0.993513346 62.356548309 0.003060119 0.999811351 -0.019178865 -4.605791569 -0.993698001 0.000891314 -0.112086266 109.826843262
-0.112175830 0.023777336 0.993403852 63.095336914 0.010000889 0.999690115 -0.022798490 -4.636325359 -0.993637979 0.007377482 -0.112378851 109.730880737
-0.113298528 0.024925008 0.993248284 63.842914581 0.011278770 0.999653101 -0.023799185 -4.661291122 -0.993496954 0.008506206 -0.113540351 109.647827148
-0.113899224 0.022724487 0.993232310 64.595230103 0.008956471 0.999721169 -0.021845862 -4.687406540 -0.993451893 0.006407630 -0.114070989 109.572502136
-0.113583408 0.017808096 0.993368864 65.349105835 0.009792121 0.999810994 -0.016803933 -4.713653088 -0.993480206 0.007818541 -0.113736302 109.485374451
-0.113841347 0.015900288 0.993371665 66.094177246 0.011575026 0.999825299 -0.014677076 -4.737674713 -0.993431509 0.009827446 -0.114005513 109.402252197
-0.114778705 0.015236704 0.993274271 66.838363647 0.011536469 0.999835432 -0.014004244 -4.763826370 -0.993324101 0.009851487 -0.114935599 109.320816040
-0.116653137 0.016500270 0.993035555 67.592330933 0.010331415 0.999828041 -0.015399487 -4.784305573 -0.993118942 0.008463065 -0.116803542 109.239723206
-0.118913673 0.017102074 0.992757320 68.334144592 0.009625658 0.999824464 -0.016070850 -4.808539867 -0.992857933 0.007644898 -0.119057409 109.158477783
-0.121001519 0.017284548 0.992501855 69.077041626 0.010708309 0.999812961 -0.016106358 -4.835160255 -0.992594540 0.008679123 -0.121163972 109.068450928
-0.122648396 0.017361531 0.992298305 69.820236206 0.011167822 0.999807835 -0.016112577 -4.860054493 -0.992387354 0.009105631 -0.122818716 108.977218628
-0.124700062 0.017172743 0.992045999 70.564086914 0.010947926 0.999813259 -0.015931046 -4.883275509 -0.992134094 0.008874244 -0.124864772 108.885116577
-0.126143202 0.017136624 0.991864026 71.314025879 0.008384579 0.999833405 -0.016207986 -4.907323360 -0.991976619 0.006271834 -0.126265883 108.794708252
-0.127344891 0.018483719 0.991686285 72.066085815 0.008161075 0.999812007 -0.017587189 -4.934038162 -0.991824925 0.005853590 -0.127471790 108.704017639
-0.128535390 0.018867167 0.991525412 72.831832886 0.006707930 0.999812782 -0.018155284 -4.955881596 -0.991682172 0.004317486 -0.128637865 108.614448547
-0.129686207 0.019233327 0.991368473 73.595001221 0.006637528 0.999806404 -0.018528733 -4.980736732 -0.991532862 0.004177315 -0.129788741 108.517791748
-0.130881459 0.017454308 0.991244316 74.377967834 0.006882328 0.999836862 -0.016696876 -5.005806923 -0.991374135 0.004636754 -0.130980223 108.423408508
-0.131552130 0.014981494 0.991196036 75.150718689 0.004832423 0.999883533 -0.014471442 -5.030198574 -0.991297483 0.002886129 -0.131609216 108.323486328
-0.133649394 0.012929378 0.990944326 75.935554504 0.001155777 0.999916255 -0.012890561 -5.049938679 -0.991028011 -0.000577505 -0.133653179 108.227394104
-0.135895595 0.012393513 0.990645647 76.726211548 0.002380249 0.999922931 -0.012183058 -5.071156025 -0.990720332 0.000702359 -0.135914654 108.123245239
-0.137817323 0.012799990 0.990374982 77.526077271 0.003572680 0.999916375 -0.012426145 -5.100623608 -0.990451336 0.001825755 -0.137851521 108.018409729
-0.140239209 0.014120420 0.990017056 78.323913574 0.002686599 0.999900043 -0.013880815 -5.117235184 -0.990114033 0.000713145 -0.140263110 107.910736084
-0.141287208 0.017274281 0.989817858 79.114997864 0.003994504 0.999849498 -0.016879173 -5.149562359 -0.989960611 0.001569020 -0.141334981 107.793952942
-0.141853198 0.021045966 0.989663959 79.918197632 0.006135625 0.999773443 -0.020381505 -5.175119877 -0.989868701 0.003181026 -0.141950205 107.679328918
-0.143030748 0.025307672 0.989394724 80.737915039 0.006872873 0.999674320 -0.024577051 -5.201326370 -0.989694357 0.003284710 -0.143158153 107.567169189
-0.142816275 0.026484188 0.989394844 81.571807861 0.009244652 0.999634027 -0.025423834 -5.234431267 -0.989706039 0.005515675 -0.143008888 107.445144653
-0.142245114 0.025838150 0.989494145 82.387214661 0.012558379 0.999625862 -0.024297379 -5.262117386 -0.989751756 0.008970258 -0.142516434 107.329689026
-0.142330542 0.023812832 0.989532590 83.227455139 0.012927323 0.999670088 -0.022197364 -5.294219494 -0.989734769 0.009632646 -0.142591432 107.216400146
-0.141646296 0.022070281 0.989671290 84.067420959 0.012873492 0.999708056 -0.020451594 -5.327444077 -0.989833593 0.009843634 -0.141889051 107.102661133
-0.140051886 0.019259356 0.989956856 84.916717529 0.011626200 0.999773860 -0.017805554 -5.360024452 -0.990075886 0.009015733 -0.140244141 106.991218567
-0.138355225 0.016340410 0.990247846 85.771339417 0.012139799 0.999816716 -0.014802160 -5.387804031 -0.990308285 0.009973451 -0.138528273 106.874153137
-0.136354670 0.012949426 0.990575433 86.622230530 0.012508852 0.999857247 -0.011348897 -5.413416386 -0.990581036 0.010843489 -0.136497200 106.756004333
-0.134880871 0.012791599 0.990779281 87.478439331 0.011364612 0.999870837 -0.011361846 -5.440663815 -0.990796566 0.009727323 -0.135008797 106.650123596
-0.133433983 0.017106321 0.990910053 88.330421448 0.012328016 0.999802291 -0.015599767 -5.467890739 -0.990981042 0.010134416 -0.133618489 106.538467407
-0.131402865 0.023537269 0.991049588 89.183914185 0.013542233 0.999667406 -0.021946382 -5.493958473 -0.991236567 0.010537205 -0.131677911 106.427818298
-0.129934132 0.026680410 0.991163611 90.029075623 0.010735193 0.999617159 -0.025500661 -5.525186539 -0.991464496 0.007326927 -0.130170807 106.321929932
-0.128676340 0.024341270 0.991387844 90.894531250 0.009700725 0.999681711 -0.023285812 -5.552771568 -0.991639137 0.006620848 -0.128871500 106.219039917
