1.000000000 0.000000000 0.000000000 0.000000000 0.000000000 1.000000000 0.000000000 0.000000000 0.000000000 0.000000000 1.000000000 0.000000000
0.999997841 -0.001345606 -0.001583661 0.003648790 0.001343617 0.999998308 -0.001256844 -0.001219135 0.001585349 0.001254714 0.999997956 0.579030679
0.999995603 -0.001613137 -0.002488256 -0.002885479 0.001606662 0.999995324 -0.002602058 -0.016164516 0.002492441 0.002598049 0.999993519 1.122586069
0.999989097 -0.002111788 -0.004164793 -0.015439648 0.002096315 0.999990899 -0.003715884 -0.032712337 0.004172603 0.003707113 0.999984423 1.681255593
0.999976388 -0.003857737 -0.005686964 -0.035129253 0.003827055 0.999978117 -0.005396238 -0.047470111 0.005707657 0.005374347 0.999969269 2.236816801
0.999951628 -0.006812835 -0.007094193 -0.038410248 0.006759357 0.999948765 -0.007535088 -0.055591120 0.007145165 0.007486772 0.999946446 2.794784863
0.999937204 -0.007454097 -0.008368085 -0.041906196 0.007383672 0.999937329 -0.008415489 -0.062451341 0.008430290 0.008353173 0.999929575 3.382927752
0.999924157 -0.007412902 -0.009835116 -0.051808487 0.007336467 0.999942782 -0.007785170 -0.072817986 0.009892264 0.007712424 0.999921328 3.965625285
0.999910867 -0.007585886 -0.010986891 -0.057651917 0.007494213 0.999936962 -0.008361114 -0.084857161 0.011049625 0.008278030 0.999904685 4.557171185
0.999904864 -0.006875849 -0.011957640 -0.070106111 0.006741393 0.999914008 -0.011248578 -0.101660674 0.012033955 0.011166897 0.999865233 5.152645317
0.999894615 -0.005926120 -0.013252892 -0.085638513 0.005729936 0.999874169 -0.014792368 -0.121690852 0.013338886 0.014714871 0.999802754 5.765107126
0.999884555 -0.004682122 -0.014455285 -0.096537250 0.004411943 0.999816034 -0.018666345 -0.133009570 0.014540023 0.018600415 0.999721267 6.373359637
0.999882626 -0.002207072 -0.015161238 -0.131622421 0.001929192 0.999830340 -0.018318570 -0.151805801 0.015199096 0.018287171 0.999717243 7.002720430
0.999878583 0.000345451 -0.015578853 -0.164684499 -0.000528972 0.999930502 -0.011777576 -0.158531914 0.015573702 0.011784387 0.999809276 7.646334010
0.999872110 0.001603179 -0.015912034 -0.188537424 -0.001623372 0.999997893 -0.001256170 -0.170007871 0.015909986 0.001281841 0.999872606 8.323511693
0.999851295 0.002790008 -0.017017748 -0.206094099 -0.002695801 0.999980930 0.005556249 -0.186026754 0.017032926 -0.005509546 0.999839749 9.032748723
0.999822804 0.005225142 -0.018084758 -0.221873877 -0.005140247 0.999975566 0.004737586 -0.204434074 0.018109070 -0.004643786 0.999825233 9.716232014
0.999788867 0.007299711 -0.019207719 -0.233981889 -0.007351604 0.999969512 -0.002632469 -0.208076103 0.019187917 0.002773121 0.999812049 10.405502119
0.999768093 0.007373350 -0.020233468 -0.256295541 -0.007548058 0.999934773 -0.008571825 -0.213940740 0.020168946 0.008722560 0.999758536 11.114400504
0.999752458 0.005310580 -0.021606021 -0.273232574 -0.005466433 0.999959420 -0.007160753 -0.214471399 0.021567116 0.007277088 0.999740918 11.855396955
0.999745369 0.004651691 -0.022080728 -0.296665056 -0.004609842 0.999987482 0.001945782 -0.224101939 0.022089503 -0.001843498 0.999754298 12.625211614
0.999739078 0.004282175 -0.022437422 -0.318684439 -0.004082089 0.999951565 0.008955729 -0.225199323 0.022474685 -0.008861801 0.999708136 13.398695041
0.999726002 0.002954029 -0.023220570 -0.337331876 -0.002685308 0.999929167 0.011595226 -0.232280644 0.023253178 -0.011529695 0.999663121 14.188810707
0.999722381 0.001547076 -0.023511013 -0.353300512 -0.001294460 0.999941315 0.010755992 -0.234569132 0.023526274 -0.010722571 0.999665715 14.985352516
0.999730428 0.001085739 -0.023192505 -0.373060314 -0.000898420 0.999966908 0.008085583 -0.231906940 0.023200516 -0.008062567 0.999698320 15.809040559
0.999733226 0.004453082 -0.022663772 -0.402659304 -0.004345293 0.999979025 0.004803000 -0.239976247 0.022684685 -0.004703238 0.999731606 16.651720858
0.999761104 0.001543940 -0.021802560 -0.423210180 -0.001565473 0.999998304 -0.000970622 -0.247532990 0.021801024 0.001004521 0.999761825 17.509591703
0.999773595 -0.001309126 -0.021237801 -0.437038914 0.001157358 0.999973720 -0.007156836 -0.257208867 0.021246613 0.007130636 0.999748836 18.380169029
0.999794678 -0.000294752 -0.020261180 -0.460086436 0.000036521 0.999918787 -0.012744303 -0.266747682 0.020263291 0.012740946 0.999713493 19.275355174
0.999794771 0.001975339 -0.020162199 -0.485317727 -0.002245275 0.999908038 -0.013374369 -0.281076409 0.020133926 0.013416894 0.999707263 20.179962707
0.999783279 0.001775676 -0.020742288 -0.505922995 -0.002047228 0.999912386 -0.013077817 -0.297263548 0.020717249 0.013117446 0.999699319 21.107159986
0.999779210 0.003226289 -0.020763506 -0.531385034 -0.003526780 0.999889348 -0.014451768 -0.317131851 0.020714583 0.014521806 0.999679960 22.051164888
0.999769038 0.005605845 -0.020747171 -0.557508673 -0.005952583 0.999843014 -0.016688717 -0.337767364 0.020650360 0.016808361 0.999645458 23.012328155
0.999738379 0.008515445 -0.021228788 -0.585687418 -0.008886841 0.999808025 -0.017462435 -0.361673779 0.021076012 0.017646523 0.999622130 23.988406396
0.999720161 0.010777748 -0.021058011 -0.622147600 -0.011142022 0.999788977 -0.017258528 -0.394122736 0.020867560 0.017488327 0.999629283 24.970728470
0.999707170 0.011255988 -0.021421403 -0.643907398 -0.011629818 0.999780841 -0.017407417 -0.421241108 0.021220771 0.017651446 0.999618980 25.952554268
0.999702832 0.010771266 -0.021868421 -0.664242861 -0.011160376 0.999780170 -0.017749853 -0.443416463 0.021672426 0.017988638 0.999603279 26.947284917
0.999686399 0.011428753 -0.022282014 -0.691203479 -0.011798097 0.999794001 -0.016515468 -0.472431294 0.022088673 0.016773174 0.999615302 27.952714753
0.999667943 0.012253785 -0.022668207 -0.718290172 -0.012591657 0.999810848 -0.014822920 -0.500147344 0.022482282 0.015103429 0.999633149 28.972821202
0.999642146 0.012903304 -0.023432564 -0.737452374 -0.013226083 0.999819051 -0.013672464 -0.528368843 0.023251904 0.013977492 0.999631922 29.982575958
0.999632339 0.012685208 -0.023963977 -0.761405556 -0.013039775 0.999806949 -0.014697940 -0.554989416 0.023772904 0.015005021 0.999604771 31.019640101
0.999591616 0.015063685 -0.024283472 -0.797160700 -0.015457812 0.999750488 -0.016125085 -0.575480704 0.024034510 0.016493869 0.999575057 32.064640221
0.999584898 0.014461900 -0.024917574 -0.824565625 -0.014845631 0.999772970 -0.015284476 -0.602043224 0.024690874 0.015648049 0.999572658 33.113899418
0.999580829 0.013475067 -0.025623986 -0.850591747 -0.013816306 0.999817589 -0.013187061 -0.622882807 0.025441615 0.013535563 0.999584670 34.165031558
0.999563572 0.014135296 -0.025939532 -0.887376402 -0.014393551 0.999848416 -0.009796484 -0.645235567 0.025797124 0.010165571 0.999615511 35.237448489
0.999552703 0.013852875 -0.026504555 -0.912613979 -0.014059145 0.999872191 -0.007611941 -0.667134177 0.026395721 0.007981168 0.999619711 36.299054631
0.999545949 0.013306018 -0.027034158 -0.943834615 -0.013505283 0.999882865 -0.007201694 -0.690507759 0.026935166 0.007563528 0.999608568 37.364062272
0.999529179 0.012078728 -0.028205056 -0.962459722 -0.012327885 0.999886363 -0.008676642 -0.713027932 0.028097048 0.009020266 0.999564501 38.433481100
0.999511826 0.011568412 -0.029022080 -0.995167287 -0.011839520 0.999887706 -0.009187061 -0.732869010 0.028912542 0.009526183 0.999536551 39.515974595
0.999510327 0.010980971 -0.029300601 -1.036726379 -0.011218524 0.999905424 -0.007955419 -0.756507083 0.029210472 0.008280233 0.999538987 40.593768846
0.999486439 0.010861046 -0.030147894 -1.078665892 -0.011052613 0.999919728 -0.006194890 -0.776610800 0.030078191 0.006524922 0.999526252 41.678982028
0.999463866 0.010110087 -0.031141081 -1.108818525 -0.010224826 0.999941503 -0.003527444 -0.804651769 0.031103597 0.003843965 0.999508774 42.759111512
0.999450594 0.010986451 -0.031269909 -1.152595736 -0.011113045 0.999930730 -0.003877502 -0.821624539 0.031225143 0.004222876 0.999503456 43.822942841
0.999429291 0.012390082 -0.031425745 -1.195896786 -0.012649407 0.999887455 -0.008066634 -0.845472382 0.031322262 0.008459547 0.999473537 44.896622722
0.999420794 0.013482846 -0.031245628 -1.240451614 -0.013854727 0.999835376 -0.011716092 -0.873766922 0.031082518 0.012142206 0.999443067 45.972475513
0.999411413 0.014019793 -0.031309320 -1.281895092 -0.014402674 0.999823820 -0.012037092 -0.902160820 0.031135047 0.012480946 0.999437259 47.049576071
0.999422409 0.014500660 -0.030733996 -1.328181106 -0.014799572 0.999845152 -0.009520706 -0.927349988 0.030591180 0.009970057 0.999482255 48.138934162
0.999420284 0.015178914 -0.030474537 -1.368493554 -0.015409946 0.999854167 -0.007360619 -0.956379381 0.030358367 0.007825963 0.999508441 49.219385560
0.999444675 0.013163783 -0.030611371 -1.402728335 -0.013367784 0.999889720 -0.006469153 -0.972565490 0.030522836 0.006874766 0.999510427 50.316336954
0.999452033 0.012857572 -0.030501078 -1.441084925 -0.013087687 0.999887288 -0.007356871 -0.997951094 0.030403048 0.007752028 0.999507659 51.415596093
0.999472101 0.012023957 -0.030181829 -1.482544468 -0.012302546 0.999883260 -0.009061690 -1.019628133 0.030069349 0.009428220 0.999503348 52.519683574
0.999477543 0.012149980 -0.029950266 -1.522469819 -0.012496908 0.999856654 -0.011423639 -1.048778480 0.029807176 0.011791956 0.999486109 53.637790402
0.999498033 0.011416423 -0.029552436 -1.569448563 -0.011834144 0.999831979 -0.013998801 -1.081159544 0.029387655 0.014341502 0.999465201 54.745240827
0.999522172 0.009834874 -0.029303634 -1.601247236 -0.010339756 0.999799842 -0.017127890 -1.118963387 0.029129318 0.017422698 0.999423800 55.824297491
0.999534922 0.008763737 -0.029208492 -1.642445483 -0.009318563 0.999777693 -0.018913706 -1.157373629 0.029036244 0.019177090 0.999394384 56.941699292
0.999562263 0.007851069 -0.028524413 -1.686551935 -0.008324740 0.999828794 -0.016525174 -1.194788397 0.028389789 0.016755398 0.999456491 58.030195457
0.999577709 0.006223169 -0.028384442 -1.723747018 -0.006521387 0.999924383 -0.010425950 -1.227840680 0.028317413 0.010606653 0.999542707 59.127797902
0.999578145 0.005253518 -0.028564521 -1.749239316 -0.005381793 0.999975769 -0.004415683 -1.254590629 0.028540631 0.004567548 0.999582198 60.204370756
0.999587464 0.003748423 -0.028475455 -1.782253899 -0.003850245 0.999986386 -0.003521806 -1.286506200 0.028461866 0.003629991 0.999588288 61.300017439
0.999596208 0.000941815 -0.028399550 -1.820708631 -0.001129130 0.999977712 -0.006580384 -1.304610749 0.028392719 0.006609793 0.999574992 62.414632560
0.999592262 -0.000677789 -0.028545586 -1.857697529 0.000402533 0.999953382 -0.009647322 -1.331846634 0.028550794 0.009631898 0.999545936 63.517555491
0.999574322 0.001219248 -0.029149420 -1.878168525 -0.001624207 0.999902448 -0.013872863 -1.350273923 0.029129662 0.013914303 0.999478792 64.613161873
0.999575789 0.001544579 -0.029083617 -1.908916029 -0.002077798 0.999830149 -0.018312731 -1.377839540 0.029050392 0.018365393 0.999409219 65.680349617
0.999569038 0.005838405 -0.028768947 -1.937342341 -0.006384137 0.999800726 -0.018914289 -1.412928546 0.028652784 0.019089803 0.999407123 66.755901625
0.999549457 0.009923961 -0.028326627 -1.972871112 -0.010363614 0.999827449 -0.015416469 -1.444345826 0.028168746 0.015703089 0.999479832 67.837308350
0.999533962 0.011822472 -0.028144071 -2.016958340 -0.012196501 0.999839077 -0.013155406 -1.477717514 0.027984012 0.013492534 0.999517307 68.926189610
0.999542444 0.010516412 -0.028360302 -2.047242191 -0.010878308 0.999860979 -0.012636678 -1.501574277 0.028223467 0.012939408 0.999517888 70.013206034
0.999553026 0.009599793 -0.028312407 -2.081033806 -0.009941421 0.999879171 -0.011950408 -1.533344329 0.028194264 0.012226532 0.999527686 71.087804741
0.999553044 0.008244256 -0.028735787 -2.112271687 -0.008549606 0.999908118 -0.010519499 -1.562843788 0.028646421 0.010760477 0.999531688 72.182027788
0.999544724 0.007180475 -0.029305038 -2.145984976 -0.007427857 0.999937621 -0.008341499 -1.589897826 0.029243315 0.008555375 0.999535709 73.284864546
0.999515631 0.005780197 -0.030579283 -2.168417420 -0.005994172 0.999958158 -0.006910343 -1.613147597 0.030538061 0.007090294 0.999508456 74.372161408
0.999511765 0.004736344 -0.030883627 -2.210959517 -0.004995639 0.999952875 -0.008324134 -1.638817184 0.030842746 0.008474353 0.999488324 75.467815712
0.999505826 0.005269892 -0.030989210 -2.280373903 -0.005650728 0.999909432 -0.012214611 -1.670511531 0.030922034 0.012383687 0.999445082 76.585318265
0.999475804 0.006427223 -0.031730229 -2.322128082 -0.006882379 0.999874689 -0.014256231 -1.700626202 0.031634625 0.014467137 0.999394793 77.669783363
0.999433299 0.008662346 -0.032527584 -2.363189699 -0.009090608 0.999873633 -0.013041392 -1.725554598 0.032410505 0.013329697 0.999385751 78.763131208
0.999418059 0.009097686 -0.032875161 -2.408837085 -0.009399830 0.999914886 -0.009047835 -1.752839939 0.032790048 0.009351590 0.999418511 79.862088262
0.999404370 0.010439263 -0.032892663 -2.483360129 -0.010635079 0.999926718 -0.005783846 -1.766504077 0.032829873 0.006130217 0.999442154 80.972503138
0.999388880 0.011591570 -0.032977306 -2.535844701 -0.011777633 0.999915770 -0.005453511 -1.788103847 0.032911313 0.005838573 0.999441222 82.038398887
0.999378387 0.011371778 -0.033369495 -2.581061045 -0.011629894 0.999903858 -0.007551208 -1.817932848 0.033280416 0.007934598 0.999414557 83.105497431
0.999376581 0.011043311 -0.033533483 -2.627928422 -0.011329500 0.999900901 -0.008356432 -1.843689861 0.033437878 0.008731140 0.999402659 84.165596524
0.999361266 0.010347105 -0.034205218 -2.670935961 -0.010644511 0.999907013 -0.008524098 -1.868575014 0.034113837 0.008882751 0.999378478 85.224529761
0.999355002 0.009805049 -0.034546209 -2.721534896 -0.010097422 0.999914581 -0.008298974 -1.893720677 0.034461887 0.008642449 0.999368644 86.215685657
0.999356315 0.009083039 -0.034705260 -2.769345641 -0.009347057 0.999928542 -0.007452781 -1.910219213 0.034635086 0.007772376 0.999369802 87.234193179
0.999326718 0.009682728 -0.035388630 -2.811750492 -0.009844949 0.999941801 -0.004412618 -1.946622562 0.035343844 0.004758046 0.999363885 88.214312447
0.999311159 0.009350737 -0.035913382 -2.861431100 -0.009489719 0.999948121 -0.003701409 -1.969830941 0.035876908 0.004039667 0.999348052 89.188525103
0.999255869 0.008324402 -0.037661817 -2.911220570 -0.008472675 0.999956965 -0.003779072 -1.988126373 0.037628737 0.004095356 0.999283396 90.151073197
0.999137881 0.008032036 -0.040730583 -2.959922032 -0.008231124 0.999954972 -0.004722578 -2.016170812 0.040690817 0.005053765 0.999159005 91.079837613
0.998991134 0.008344466 -0.044125765 -3.015343686 -0.008585923 0.999949172 -0.005285334 -2.042840580 0.044079419 0.005658862 0.999012003 91.982552040
0.998842186 0.008015868 -0.047434526 -3.058120580 -0.008263335 0.999953241 -0.005023229 -2.065016407 0.047392042 0.005409380 0.998861719 92.897891968
0.998656793 0.009965627 -0.050845798 -3.105616302 -0.010173270 0.999940929 -0.003826599 -2.092016664 0.050804660 0.004338727 0.998699185 93.760282015
0.998515536 0.010875523 -0.053370844 -3.167170987 -0.011025390 0.999936057 -0.002514396 -2.121442697 0.053340086 0.003099098 0.998571595 94.595726377
0.998339681 0.012042619 -0.056328123 -3.216151706 -0.012149809 0.999924970 -0.001560870 -2.133855474 0.056305100 0.002242655 0.998411091 95.418985033
0.998181546 0.013341189 -0.058784478 -3.270865089 -0.013391109 0.999910231 -0.000455327 -2.157695360 0.058773127 0.001241689 0.998270593 96.211324312
0.998018629 0.015760548 -0.060913231 -3.331062242 -0.015800162 0.999875155 -0.000168692 -2.172629566 0.060902968 0.001130796 0.998143051 96.974581286
0.997846466 0.017604395 -0.063186356 -3.388770585 -0.017721942 0.999842109 -0.001300310 -2.193155917 0.063153488 0.002417295 0.998000899 97.696830765
0.997672985 0.018712890 -0.065562503 -3.447065961 -0.019096435 0.999803977 -0.005228228 -2.211335689 0.065451816 0.006468072 0.997834768 98.396651269
0.997475329 0.020701391 -0.067929528 -3.506622735 -0.021350779 0.999732896 -0.008847604 -2.229961613 0.067728226 0.010275615 0.997650890 99.074741696
0.997320793 0.022763641 -0.069520156 -3.565145528 -0.023638086 0.999651157 -0.011781549 -2.241153460 0.069227713 0.013393308 0.997510974 99.710250798
0.997213269 0.024971052 -0.070300377 -3.613791003 -0.025912495 0.999585915 -0.012511623 -2.262178146 0.069958838 0.014298414 0.997447400 100.321323615
0.997229179 0.027627339 -0.069070215 -3.669887190 -0.028558270 0.999513632 -0.012526937 -2.271185618 0.068690536 0.014464753 0.997533148 100.908752101
0.997339124 0.031589240 -0.065702292 -3.722040651 -0.032409581 0.999409000 -0.011457327 -2.282956630 0.065301534 0.013556225 0.997773491 101.473950313
0.997609611 0.033913254 -0.060207603 -3.757454735 -0.034622592 0.999342346 -0.010777377 -2.297009531 0.059802511 0.012836158 0.998127694 102.031233384
0.998008548 0.034730736 -0.052656565 -3.784151455 -0.035229927 0.999342389 -0.008581481 -2.318264866 0.052323896 0.010419479 0.998575808 102.570519205
0.998462480 0.034830537 -0.043122030 -3.799296058 -0.035134835 0.999362605 -0.006318783 -2.331882719 0.042874458 0.007824154 0.999049830 103.076990050
0.998914094 0.034325857 -0.031501894 -3.805942454 -0.034512481 0.999389680 -0.005399555 -2.345968739 0.031297324 0.006480900 0.999489107 103.566046989
0.999274627 0.033368317 -0.018351428 -3.797972347 -0.033471174 0.999425490 -0.005326471 -2.363177642 0.018163149 0.005936851 0.999817410 104.027562184
0.999442540 0.033254154 -0.002961562 -3.793834322 -0.033271820 0.999427538 -0.006130361 -2.383549330 0.002756007 0.006225480 0.999976824 104.476674352
0.999368321 0.032074759 0.015302586 -3.779329919 -0.031931225 0.999444599 -0.009533649 -2.396644661 -0.015599877 0.009038996 0.999837457 104.904083439
0.998820098 0.031714769 0.036777508 -3.753935547 -0.031206619 0.999410516 -0.014309698 -2.411169994 -0.037209657 0.013145112 0.999221020 105.315541513
0.997696506 0.029570561 0.061051316 -3.710269352 -0.028446834 0.999411005 -0.019194296 -2.426095114 -0.061582943 0.017413366 0.997950057 105.721031587
0.995714345 0.027238272 0.088379968 -3.654931709 -0.025376998 0.999433289 -0.022115816 -2.445652305 -0.088932279 0.019778217 0.995841288 106.129708615
0.992665195 0.024590036 0.118368667 -3.582573371 -0.021951235 0.999481739 -0.023545636 -2.462532291 -0.118886309 0.020774594 0.992690517 106.528142925
0.988225570 0.022255188 0.151376782 -3.505634047 -0.018554416 0.999494498 -0.025816313 -2.474923014 -0.151874808 0.022703633 0.988138952 106.902709135
0.982165496 0.020402066 0.186908249 -3.398313169 -0.015480108 0.999494872 -0.027755501 -2.491186298 -0.187380106 0.024367136 0.981985203 107.277077640
0.974072847 0.017664958 0.225543870 -3.283523999 -0.011478936 0.999521893 -0.028709238 -2.506962335 -0.225943184 0.025375886 0.973809911 107.641096049
0.963866815 0.015570747 0.265929154 -3.156712172 -0.007973424 0.999529287 -0.029624802 -2.529594463 -0.266265258 0.026433998 0.963537262 107.994621101
0.951267799 0.016632465 0.307917092 -3.022787280 -0.007445184 0.999492036 -0.030987733 -2.550780172 -0.308276083 0.027185133 0.950908421 108.338915313
0.935457215 0.019562783 0.352898139 -2.885090951 -0.008732247 0.999441481 -0.032256372 -2.561010362 -0.353332063 0.027092862 0.935105572 108.664984194
0.917162523 0.020094503 0.398006429 -2.721896661 -0.008243079 0.999470835 -0.031465889 -2.575765955 -0.398428109 0.025578535 0.916842833 108.983774750
0.896291813 0.019780540 0.443023380 -2.546543120 -0.006873278 0.999504356 -0.030721342 -2.589446197 -0.443411483 0.024490265 0.895983529 109.290505526
0.872675925 0.018803988 0.487937639 -2.344980125 -0.003790368 0.999489006 -0.031738925 -2.603981610 -0.488285124 0.025848333 0.872301267 109.587927626
0.846740790 0.019574480 0.531645441 -2.139576742 -0.001684755 0.999416531 -0.034113917 -2.621057893 -0.532003005 0.027989953 0.846279721 109.868547063
0.818384824 0.021771422 0.574258030 -1.922974066 -0.000159744 0.999290684 -0.037657719 -2.642195701 -0.574670562 0.030726771 0.817807808 110.136374850
0.786550945 0.026523248 0.616955532 -1.687295167 -0.000818264 0.999121074 -0.041909552 -2.663342811 -0.617524851 0.032459166 0.785881328 110.408029595
0.751873184 0.032428517 0.658509762 -1.435906074 -0.003350341 0.998964680 -0.045368972 -2.684561600 -0.659299242 0.031905481 0.751203401 110.664532512
0.713812442 0.037365060 0.699339438 -1.163286224 -0.004949727 0.998819939 -0.048313863 -2.700220763 -0.700319425 0.031025497 0.713155047 110.907051913
0.673871962 0.037618237 0.737889861 -0.864652641 -0.001586331 0.998774368 -0.049469641 -2.716627205 -0.738846440 0.032165667 0.673105718 111.134674470
0.632291959 0.034904950 0.773943488 -0.547057181 0.002744486 0.998877353 -0.047291671 -2.743437550 -0.774725336 0.032026221 0.631486322 111.340529791
0.587559113 0.033066496 0.808505346 -0.213558832 0.005557180 0.998976256 -0.044894961 -2.753675780 -0.809162163 0.030871453 0.586773847 111.543576363
0.540770369 0.031723720 0.840571837 0.126557991 0.007038058 0.999082962 -0.042233870 -2.769007688 -0.841140817 0.028754819 0.540051189 111.719495957
0.492516291 0.029285480 0.869810361 0.493867625 0.009728312 0.999185991 -0.039149906 -2.784536991 -0.870248851 0.027743753 0.491830480 111.885910901
0.441339918 0.025941287 0.896964953 0.868647976 0.013461126 0.999278173 -0.035523678 -2.796142026 -0.897239029 0.027752175 0.440672148 112.028774290
0.389268830 0.026752788 0.920735611 1.253262500 0.012766973 0.999325428 -0.034433908 -2.792443176 -0.921035712 0.025159054 0.388664688 112.158792662
0.337822754 0.031766510 0.940673522 1.638711021 0.009337520 0.999267984 -0.037098614 -2.815915046 -0.941163428 0.021316314 0.337278842 112.264404954
0.286617701 0.036752395 0.957339833 2.041499625 0.009570983 0.999104204 -0.041221189 -2.837927554 -0.957997229 0.020977405 0.286009193 112.364388389
0.239622231 0.039076887 0.970079473 2.477462667 0.012426479 0.998984365 -0.043310740 -2.851222549 -0.970786675 0.022432888 0.238893275 112.446601465
0.198365605 0.038780327 0.979360594 2.899719569 0.020181498 0.998843482 -0.043639485 -2.872647169 -0.979920300 0.028421537 0.197353547 112.488708564
0.163140576 0.038991617 0.985832038 3.353565260 0.028914877 0.998600555 -0.044281621 -2.885157468 -0.986179032 0.035729341 0.161784832 112.532418112
0.132570237 0.040141868 0.990360421 3.815572884 0.034048498 0.998405421 -0.045025705 -2.903373492 -0.990588629 0.039689354 0.130992073 112.569237844
0.104661222 0.038610333 0.993758155 4.287185910 0.031966614 0.998599139 -0.042165098 -2.927304072 -0.993994046 0.036180134 0.103280365 112.598255183
0.079144254 0.034931621 0.996250957 4.782168843 0.026409215 0.998961617 -0.037124669 -2.945814937 -0.996513292 0.029248410 0.078139555 112.627755391
0.055283518 0.030778711 0.997996194 5.294728308 0.022077911 0.999242711 -0.032040150 -2.965520487 -0.998226577 0.023804963 0.054562123 112.644830034
0.032947360 0.028558407 0.999048992 5.821006757 0.027243389 0.999194599 -0.029461021 -2.985050067 -0.999085717 0.028188143 0.032142796 112.646258706
0.012790439 0.029406140 0.999485710 6.358154330 0.035048033 0.998940085 -0.029838597 -3.007828064 -0.999303778 0.035411657 0.011746255 112.629232941
-0.004448363 0.031953521 0.999479457 6.912652365 0.040295423 0.998683282 -0.031748725 -3.029335863 -0.999177908 0.040133218 -0.005730087 112.602002385
-0.019084283 0.037457736 0.999115963 7.496368322 0.040104224 0.998522410 -0.036669445 -3.047947783 -0.999013234 0.039368960 -0.020558297 112.592653013
-0.029979224 0.042389930 0.998651260 8.117743298 0.037998201 0.998426474 -0.041239693 -3.064618277 -0.998828005 0.036710618 -0.031542792 112.581834561
-0.036269545 0.042433310 0.998440752 8.753204464 0.040500094 0.998339722 -0.040957802 -3.084818054 -0.998521038 0.038951424 -0.037927881 112.557962638
-0.038729039 0.039610310 0.998464363 9.398732034 0.046676091 0.998195033 -0.037789125 -3.105895276 -0.998159007 0.045140877 -0.040507989 112.526111255
-0.038076652 0.037966703 0.998553303 10.044047355 0.048309020 0.998179482 -0.036110379 -3.131187035 -0.998106411 0.046864169 -0.039841467 112.491822412
-0.036016387 0.037670893 0.998640938 10.720872295 0.047414865 0.998228314 -0.035945292 -3.162676665 -0.998225751 0.046055806 -0.037738738 112.463155081
-0.034361207 0.038124685 0.998682039 11.419548558 0.044042550 0.998359110 -0.036597005 -3.189951202 -0.998438562 0.042726987 -0.035983932 112.440319867
-0.033250591 0.039356376 0.998671855 12.129446781 0.043632423 0.998328879 -0.037890127 -3.215979943 -0.998494171 0.042314603 -0.034912239 112.419074504
-0.032594909 0.040584157 0.998644330 12.860133223 0.042541728 0.998326058 -0.039182696 -3.244840288 -0.998562854 0.041206899 -0.034266868 112.404135122
-0.031689781 0.040192045 0.998689320 13.607284169 0.041872516 0.998367336 -0.038850415 -3.282122158 -0.998620273 0.040586473 -0.033320984 112.383070590
-0.031446695 0.039168089 0.998737686 14.384092992 0.040260414 0.998470556 -0.037889955 -3.311495614 -0.998694250 0.039018079 -0.032975523 112.371071374
-0.030920908 0.037734849 0.998809280 15.157557147 0.041391887 0.998478227 -0.036440942 -3.350778424 -0.998664413 0.040215814 -0.032435770 112.346615890
-0.031201245 0.035559277 0.998880383 15.945620672 0.041826377 0.998537999 -0.034240590 -3.385188033 -0.998637590 0.040711199 -0.032642944 112.321351627
-0.032322657 0.033809807 0.998905472 16.744708682 0.038986381 0.998709719 -0.032541657 -3.428532642 -0.998716831 0.037891877 -0.033599073 112.299929117
-0.033664598 0.032959169 0.998889577 17.560032543 0.038153005 0.998769943 -0.031669388 -3.460650304 -0.998704683 0.037044502 -0.034880680 112.277046871
-0.034851072 0.030628840 0.998923059 18.358037024 0.040857631 0.998738278 -0.029197707 -3.495925568 -0.998556987 0.039796058 -0.036058521 112.249144485
-0.036019178 0.029655748 0.998910985 19.180779130 0.042078237 0.998718164 -0.028132747 -3.517199022 -0.998464842 0.041019095 -0.037220869 112.219485915
-0.038116456 0.028519551 0.998866243 20.032164867 0.038606035 0.998888399 -0.027046988 -3.560955287 -0.998527270 0.037531330 -0.039175113 112.198099066
-0.038837444 0.033350377 0.998688843 20.859777468 0.035895386 0.998844383 -0.031959656 -3.591679184 -0.998600608 0.034607091 -0.039989687 112.170738775
-0.039936268 0.037936864 0.998481792 21.701585838 0.037445239 0.998633877 -0.036444945 -3.628485174 -0.998500350 0.035932914 -0.041302265 112.143272929
-0.040781567 0.039552149 0.998384941 22.527325740 0.037943780 0.998556750 -0.038009045 -3.667331044 -0.998447361 0.036332430 -0.042223467 112.105437904
-0.042464654 0.037562250 0.998391622 23.372445590 0.034931987 0.998737855 -0.036089512 -3.705828366 -0.998487110 0.033343275 -0.043723181 112.077676606
-0.043883419 0.033456405 0.998476296 24.208950679 0.031559577 0.998986713 -0.032086452 -3.746950437 -0.998538051 0.030103426 -0.044894822 112.051593760
-0.043832028 0.028390504 0.998635435 25.048083367 0.030236619 0.999175905 -0.027078726 -3.787589045 -0.998581244 0.029008444 -0.044654339 112.011497000
-0.044151636 0.022904874 0.998762234 25.890864294 0.026499515 0.999412220 -0.021748333 -3.819510531 -0.998673324 0.025506490 -0.044732652 111.981633404
-0.044105397 0.021238893 0.998801093 26.733679370 0.023698311 0.999514904 -0.020207594 -3.860128738 -0.998745765 0.022778635 -0.044587328 111.953396925
-0.042723948 0.028300176 0.998686019 27.567101672 0.026857233 0.999270034 -0.027167769 -3.898382494 -0.998725865 0.025661229 -0.043452825 111.917045694
-0.041523372 0.039719354 0.998347726 28.396016196 0.029204110 0.998830831 -0.038523914 -3.930091936 -0.998710634 0.027556214 -0.042634793 111.880039688
-0.040807485 0.045091831 0.998149025 29.219013487 0.030553775 0.998570286 -0.043861727 -3.961551077 -0.998699763 0.028707334 -0.042126868 111.845751754
-0.039443074 0.039813071 0.998428347 30.070500708 0.032181560 0.998738169 -0.038554087 -4.005253904 -0.998703455 0.030610290 -0.040674550 111.814383861
-0.038305551 0.031871008 0.998757690 30.905035393 0.034843447 0.998926044 -0.030540023 -4.054991649 -0.998658410 0.033630309 -0.039374908 111.778956043
-0.037829952 0.029252188 0.998855948 31.743565905 0.036375661 0.998949283 -0.027877256 -4.089871117 -0.998621903 0.035279450 -0.038854271 111.752321557
-0.038076022 0.030095409 0.998821547 32.571196755 0.035317498 0.998962422 -0.028753318 -4.123202141 -0.998650535 0.034181066 -0.039099410 111.724587144
-0.038874910 0.031113995 0.998759561 33.380502502 0.032482167 0.999026230 -0.029857992 -4.158370991 -0.998716001 0.031281148 -0.039847704 111.698120488
-0.040566768 0.031329081 0.998685549 34.192527536 0.030889026 0.999069905 -0.030086421 -4.195090644 -0.998699257 0.029627915 -0.041496762 111.669521971
-0.041971402 0.031260066 0.998629666 34.956863829 0.031419238 0.999057382 -0.029952936 -4.235959847 -0.998624671 0.030119017 -0.042914006 111.624182946
-0.043623288 0.031379768 0.998555116 35.733805387 0.030084793 0.999094567 -0.030082424 -4.281116597 -0.998594970 0.028729030 -0.044527844 111.579696947
-0.045823357 0.031901937 0.998440026 36.541969148 0.028483931 0.999125263 -0.030616563 -4.314494142 -0.998543382 0.027036543 -0.046691966 111.551987385
-0.048139696 0.031455839 0.998345181 37.351216353 0.027616618 0.999163801 -0.030149973 -4.347930388 -0.998458758 0.026119507 -0.048968145 111.533030868
-0.050095630 0.030551976 0.998277018 38.148604529 0.027528669 0.999194482 -0.029198609 -4.383311138 -0.998364963 0.026018515 -0.050896332 111.493968595
-0.051267296 0.030475606 0.998219866 38.923431742 0.026999025 0.999211250 -0.029119237 -4.424849459 -0.998319947 0.025458099 -0.052049671 111.446981482
-0.052763100 0.031170403 0.998120464 39.700808931 0.026456486 0.999205521 -0.029805734 -4.466627395 -0.998256535 0.024834117 -0.053545840 111.403515777
-0.053477311 0.031869123 0.998060387 40.476362779 0.026440514 0.999185349 -0.030488329 -4.494118669 -0.998218952 0.024758796 -0.054276381 111.363401655
-0.053942266 0.030774469 0.998069719 41.233116285 0.028715700 0.999159392 -0.029256082 -4.529861141 -0.998131074 0.027082132 -0.054780632 111.313546594
-0.055879699 0.029980872 0.997987278 42.013795224 0.028332647 0.999194153 -0.028430715 -4.569049819 -0.998035430 0.026686921 -0.056684105 111.282006489
-0.057267807 0.029526989 0.997922119 42.778634428 0.026853506 0.999246457 -0.028025130 -4.608004606 -0.997997639 0.025192770 -0.058017557 111.244651561
-0.058527263 0.028701798 0.997873121 43.514211321 0.025125796 0.999312298 -0.027269514 -4.642039947 -0.997969566 0.023476346 -0.059208169 111.204570606
-0.059470225 0.027833857 0.997841956 44.258468244 0.024003700 0.999362021 -0.026445665 -4.672234447 -0.997941439 0.022379169 -0.060100400 111.168451386
-0.060082010 0.027777066 0.997806888 44.974126376 0.023902573 0.999366149 -0.026381202 -4.707917090 -0.997907220 0.022265117 -0.060707870 111.130925239
-0.060120129 0.030243057 0.997732894 45.681653425 0.024345680 0.999288002 -0.028823203 -4.742401368 -0.997894212 0.022557631 -0.060813611 111.093049587
-0.060159139 0.033228438 0.997635579 46.383319586 0.024910128 0.999184493 -0.031777904 -4.775758159 -0.997877930 0.022939499 -0.060937804 111.054700714
-0.060467789 0.034889672 0.997560202 47.087294228 0.022388675 0.999184918 -0.033589392 -4.806839939 -0.997919032 0.020302975 -0.061199636 111.018095301
-0.060413371 0.035735152 0.997533570 47.788273726 0.022756750 0.999148514 -0.034414794 -4.842194836 -0.997914002 0.020621508 -0.061175146 110.977171812
-0.060918010 0.035691166 0.997504454 48.497565209 0.023883471 0.999126485 -0.034290630 -4.877128888 -0.997856992 0.021734952 -0.061717227 110.947539639
-0.061028649 0.035499872 0.997504518 49.170125050 0.023766259 0.999135672 -0.034103871 -4.910309223 -0.997853030 0.021625637 -0.061819600 110.904749233
-0.061420029 0.035185324 0.997491641 49.844709995 0.019779798 0.999225109 -0.034028539 -4.952152556 -0.997915998 0.017640149 -0.062068394 110.867589158
-0.061101225 0.035126300 0.997513300 50.518764113 0.018194076 0.999253720 -0.034073135 -4.989908185 -0.997965739 0.016066922 -0.061694717 110.832150480
-0.061003419 0.034145731 0.997553333 51.210386552 0.020104228 0.999253973 -0.032974509 -5.018776391 -0.997935069 0.018043482 -0.061644382 110.793989553
-0.061472659 0.033603577 0.997542937 51.910809439 0.021445252 0.999246848 -0.032339432 -5.052307274 -0.997878356 0.019404568 -0.062146997 110.748065680
-0.065138429 0.033204165 0.997323653 52.576859977 0.017730739 0.999326968 -0.032112810 -5.083725093 -0.997718701 0.015591508 -0.065683323 110.709025956
-0.070322651 0.032849723 0.996983260 53.230036493 0.014109299 0.999390393 -0.031933831 -5.114063741 -0.997424510 0.011821063 -0.070743269 110.667197685
-0.075876559 0.036944791 0.996432552 53.889047661 0.018201000 0.999198174 -0.035661358 -5.145935912 -0.996951088 0.015430208 -0.076488151 110.610518206
-0.082008367 0.040415172 0.995811851 54.549531203 0.020887832 0.999027667 -0.038825505 -5.168444850 -0.996412729 0.017616334 -0.082772813 110.547658000
-0.088784765 0.041869367 0.995170449 55.211436490 0.020010060 0.998989465 -0.040244832 -5.204746997 -0.995849820 0.016340292 -0.089532853 110.477667653
-0.094617352 0.041179254 0.994661664 55.881652719 0.015316454 0.999086063 -0.039905445 -5.233331014 -0.995395883 0.011458942 -0.095161598 110.410419600
-0.099611446 0.040888276 0.994185953 56.571423396 0.015982691 0.999092187 -0.039488687 -5.260504580 -0.994898042 0.011956241 -0.100174523 110.340018791
-0.104207610 0.041552195 0.993687169 57.261516858 0.013686384 0.999092154 -0.040342925 -5.291681959 -0.994461390 0.009395944 -0.104681705 110.272697125
-0.108406469 0.040931471 0.993263637 57.967111621 0.011240923 0.999138580 -0.039946719 -5.328383523 -0.994043097 0.006834718 -0.108773193 110.205315946
-0.110623731 0.038037287 0.993134208 58.669359429 0.011828602 0.999246966 -0.036953837 -5.358183439 -0.993791967 0.007659418 -0.110990356 110.124399211
-0.111744241 0.035390035 0.993106626 59.350152109 0.013779810 0.999324751 -0.034061120 -5.381757224 -0.993641455 0.009878687 -0.112156453 110.037724190
-0.113277854 0.032033181 0.993046828 60.050986199 0.012878714 0.999443505 -0.030770434 -5.424426772 -0.993479877 0.009303557 -0.113627361 109.958369758
-0.114634794 0.032199042 0.992885736 60.777983626 0.011476536 0.999450796 -0.031086908 -5.443704135 -0.993341408 0.007831248 -0.114941370 109.882582679
-0.115105371 0.035996827 0.992700852 61.518271332 0.012988785 0.999312306 -0.034730497 -5.476955564 -0.993268365 0.008896311 -0.115493769 109.801759099
-0.115157518 0.040282831 0.992530120 62.264710463 0.019006646 0.999083839 -0.038343589 -5.511213259 -0.993165391 0.014449116 -0.115817656 109.714084497
-0.115113139 0.044840391 0.992339813 62.985673100 0.025947947 0.998775505 -0.042121191 -5.554042158 -0.993013429 0.020900478 -0.116135700 109.611785973
-0.115884135 0.045856693 0.992203624 63.733570191 0.026399422 0.998723006 -0.043074686 -5.591553742 -0.992911848 0.021201930 -0.116946742 109.528326025
-0.115490535 0.043859894 0.992339784 64.474323692 0.024673039 0.998843104 -0.041275832 -5.631332149 -0.993002103 0.019717070 -0.116439082 109.436933006
-0.115141875 0.039029328 0.992582017 65.232759411 0.025564842 0.999013284 -0.036316630 -5.672747353 -0.993020034 0.021193637 -0.116026041 109.346382661
-0.115197981 0.037390419 0.992638596 65.980704126 0.027926063 0.999018255 -0.034389842 -5.710181140 -0.992949928 0.023758848 -0.116129053 109.258904101
-0.116305768 0.036884307 0.992528345 66.730421023 0.027745229 0.999040880 -0.033875104 -5.749360097 -0.992825851 0.023598057 -0.117217580 109.178551813
-0.117876900 0.037847489 0.992306709 67.481345464 0.025178528 0.999066077 -0.035114320 -5.781142290 -0.992708959 0.020845655 -0.118719756 109.090513342
-0.119834319 0.038936010 0.992030102 68.221424735 0.025064523 0.999030808 -0.036183058 -5.813217780 -0.992477459 0.020528789 -0.120694089 109.000784881
-0.121949033 0.039047576 0.991767977 68.979507672 0.025937058 0.999009970 -0.036143452 -5.854855648 -0.992197411 0.021315884 -0.122841079 108.907545026
-0.123213068 0.039356999 0.991599499 69.716404438 0.026730949 0.998982330 -0.036328522 -5.888937315 -0.992020159 0.022030247 -0.124139728 108.814359593
-0.125592042 0.039492521 0.991295607 70.479766450 0.025800833 0.998999415 -0.036530603 -5.918557149 -0.991746417 0.020988299 -0.126485316 108.726479418
-0.126787268 0.039744443 0.991133375 71.222451064 0.024244885 0.999022618 -0.036959360 -5.956484988 -0.991633589 0.019343938 -0.127626948 108.629342036
-0.128000410 0.040576093 0.990943730 71.966212195 0.022694889 0.999020929 -0.037975326 -6.010706011 -0.991514416 0.017628501 -0.128795958 108.532179682
-0.128943043 0.041253974 0.990793521 72.717998883 0.021566411 0.999014643 -0.038789601 -6.046860761 -0.991417461 0.016366211 -0.129705688 108.434437944
-0.129973688 0.041839507 0.990634290 73.471419055 0.022058948 0.998984020 -0.039297969 -6.083317879 -0.991272033 0.016744648 -0.130764573 108.331930803
-0.131124839 0.040698524 0.990530114 74.251488252 0.022917024 0.999014410 -0.038013403 -6.113169549 -0.991100947 0.017715502 -0.131928293 108.232501964
-0.131984372 0.038374403 0.990508723 75.018378756 0.019689278 0.999154717 -0.036085789 -6.150439819 -0.991056233 0.014739641 -0.132628372 108.129951009
-0.133972919 0.036355100 0.990317910 75.809047237 0.016558415 0.999269460 -0.034443648 -6.186484076 -0.990846646 0.011783579 -0.134477030 108.032792996
-0.135704701 0.036358955 0.990081946 76.583164042 0.017437651 0.999259242 -0.034305899 -6.208014570 -0.990595862 0.012609232 -0.136238192 107.916899698
-0.137843867 0.037054208 0.989760604 77.372450986 0.018417845 0.999223058 -0.034843407 -6.249107232 -0.990282713 0.013426308 -0.138419229 107.813254612
-0.139896430 0.038589770 0.989413876 78.162871217 0.017714790 0.999177876 -0.036465840 -6.283935070 -0.990007664 0.012425818 -0.140465028 107.703602369
-0.141265839 0.042087636 0.989076637 78.965436576 0.019202049 0.999024403 -0.039768386 -6.329713071 -0.989785454 0.013374384 -0.141936189 107.586358040
-0.141274280 0.046361453 0.988884317 79.770402943 0.021505408 0.998810823 -0.043754522 -6.366149880 -0.989736882 0.015084972 -0.142103302 107.464633008
-0.142736989 0.050334140 0.988479957 80.589216584 0.022687938 0.998610028 -0.047573821 -6.411850585 -0.989500586 0.015636028 -0.143680567 107.357095181
-0.142171682 0.051280517 0.988512783 81.428308045 0.025158961 0.998521702 -0.048181286 -6.465624886 -0.989522228 0.018019940 -0.143251675 107.236191042
-0.141312598 0.050927617 0.988654200 82.265030719 0.028549837 0.998470153 -0.047352507 -6.513463442 -0.989553261 0.021534410 -0.142550387 107.109321259
-0.141207564 0.049287442 0.988752331 83.102949244 0.029126509 0.998534367 -0.045615388 -6.559902332 -0.989551449 0.022357666 -0.142436176 106.992921818
-0.140299629 0.048091648 0.988940447 83.948888764 0.028527611 0.998601349 -0.044514279 -6.602717145 -0.989698029 0.021966771 -0.141475338 106.872720335
-0.138711256 0.045438390 0.989289917 84.791212116 0.026978725 0.998749504 -0.042090105 -6.655113083 -0.989965320 0.020851409 -0.139763668 106.762041613
-0.137239400 0.042317776 0.989633545 85.648547455 0.027342033 0.998868146 -0.038920947 -6.702437387 -0.990160472 0.021717106 -0.138241119 106.647516811
-0.135214695 0.038731128 0.990059032 86.499598703 0.027779354 0.998991071 -0.035286657 -6.755107750 -0.990426824 0.022731926 -0.136154198 106.527389275
-0.133666440 0.038815934 0.990265927 87.361558458 0.025943170 0.999027273 -0.035657539 -6.799179918 -0.990686749 0.020924421 -0.134543427 106.418150214
-0.132300106 0.043117953 0.990271440 88.227155743 0.027051413 0.998838352 -0.039876905 -6.845429949 -0.990840503 0.021512523 -0.133312821 106.311401226
-0.130658564 0.049858217 0.990172964 89.073272104 0.027632935 0.998529825 -0.046632698 -6.884144700 -0.991042260 0.021268424 -0.131844202 106.205070393
-0.129357023 0.053232283 0.990168210 89.933477246 0.024752111 0.998420208 -0.050442265 -6.931409358 -0.991289107 0.017983692 -0.130470277 106.102372639
-0.127663954 0.050875806 0.990511770 90.782737337 0.023538072 0.998557651 -0.048255320 -6.982234720 -0.991538135 0.017154273 -0.128677336 105.994511005
