1.000000000 0.000000000 0.000000000 0.000000000 0.000000000 1.000000000 0.000000000 0.000000000 0.000000000 0.000000000 1.000000000 0.000000000
0.999997079 0.001206722 0.002115442 -0.012826744 -0.001205255 0.999999046 -0.000694523 -0.025580764 -0.002116278 0.000691972 0.999997556 1.214177370
0.999991536 0.001661971 0.003761943 -0.018494911 -0.001660805 0.999998689 -0.000312953 -0.040772062 -0.003762457 0.000306702 0.999992847 2.423281431
0.999986708 0.001031521 0.005037392 -0.020105822 -0.001031677 0.999999464 0.000028268 -0.061713159 -0.005037360 -0.000033464 0.999987304 3.626917601
0.999982178 0.000763569 0.005917784 -0.017891116 -0.000764722 0.999999642 0.000192566 -0.081653833 -0.005917635 -0.000197088 0.999982476 4.827548027
0.999976814 0.000434689 0.006802591 -0.014716484 -0.000437405 0.999999821 0.000397705 -0.103859149 -0.006802417 -0.000400671 0.999976814 6.028535366
0.999969482 0.001002343 0.007748356 -0.009480130 -0.000998620 0.999999404 -0.000484429 -0.127387077 -0.007748837 0.000476677 0.999969840 7.227101803
0.999962211 0.000474097 0.008671383 -0.009899817 -0.000466387 0.999999464 -0.000891142 -0.147206873 -0.008671803 0.000887065 0.999961913 8.415667534
0.999963343 -0.000027290 0.008551318 -0.000189841 0.000021932 0.999999821 0.000626663 -0.167161763 -0.008551333 -0.000626452 0.999963224 9.613552094
0.999973476 -0.000725131 0.007254328 0.000976652 0.000713238 0.999998391 0.001641929 -0.187956095 -0.007255508 -0.001636711 0.999972343 10.799170494
0.999987304 -0.001957132 0.004645541 0.005875628 0.001952355 0.999997556 0.001032408 -0.209794283 -0.004647551 -0.001023325 0.999988675 11.969960213
0.999995053 -0.001525712 0.002732013 0.000502232 0.001523703 0.999998510 0.000737228 -0.229170069 -0.002733135 -0.000733062 0.999995947 13.180024147
0.999998569 -0.001102057 0.001251264 -0.002672618 0.001101047 0.999999046 0.000807529 -0.251280338 -0.001252153 -0.000806151 0.999998868 14.376236916
0.999999464 0.000387959 0.000902680 -0.014444526 -0.000388564 0.999999702 0.000669987 -0.271960974 -0.000902419 -0.000670338 0.999999404 15.570835114
0.999999940 0.000016106 0.000301252 -0.019100092 -0.000016258 0.999999881 0.000503259 -0.287587792 -0.000301244 -0.000503264 0.999999821 16.754440308
0.999999642 -0.000509251 -0.000576688 -0.023112932 0.000509900 0.999999225 0.001125801 -0.309700638 0.000576114 -0.001126095 0.999999166 17.955944061
0.999998212 -0.001287486 -0.001351296 -0.029039532 0.001289394 0.999998152 0.001412064 -0.332701296 0.001349475 -0.001413804 0.999998093 19.157228470
0.999998033 -0.000626121 -0.001884932 -0.040352181 0.000627411 0.999999583 0.000683792 -0.353542596 0.001884503 -0.000684974 0.999997973 20.354366302
0.999998152 -0.001096330 -0.001575913 -0.063358918 0.001096141 0.999999404 -0.000121091 -0.374273211 0.001576045 0.000119364 0.999998748 21.554695129
0.999997675 0.000174572 -0.002127429 -0.077812284 -0.000173544 0.999999881 0.000483240 -0.394806266 0.002127512 -0.000482869 0.999997616 22.751665115
0.999997020 -0.000073331 -0.002434440 -0.093087293 0.000074313 0.999999940 0.000403572 -0.418072939 0.002434409 -0.000403752 0.999996901 23.944742203
0.999994814 -0.000336098 -0.003188832 -0.110591725 0.000335181 0.999999881 -0.000288083 -0.437046766 0.003188929 0.000287013 0.999994814 25.141157150
0.999991775 0.000199868 -0.004056165 -0.122614890 -0.000198264 0.999999821 0.000395944 -0.452845186 0.004056243 -0.000395136 0.999991715 26.355049133
0.999988616 -0.001047484 -0.004645585 -0.134829387 0.001057213 0.999997258 0.002092268 -0.472979158 0.004643381 -0.002097156 0.999987006 27.549560547
0.999984384 -0.000879594 -0.005518032 -0.150642022 0.000892701 0.999996781 0.002373195 -0.493651986 0.005515927 -0.002378084 0.999981940 28.739868164
0.999979794 -0.001621898 -0.006162943 -0.165765196 0.001630725 0.999997675 0.001427611 -0.509471774 0.006160612 -0.001437632 0.999979973 29.941347122
0.999970913 -0.002411374 -0.007228729 -0.172975600 0.002415739 0.999996901 0.000595179 -0.531838238 0.007227273 -0.000612625 0.999973655 31.141342163
0.999965250 -0.001907662 -0.008114969 -0.187915832 0.001913739 0.999997914 0.000741109 -0.549602509 0.008113539 -0.000756614 0.999966741 32.335353851
0.999958336 -0.002070463 -0.008894691 -0.201207176 0.002080172 0.999997377 0.001082561 -0.567865491 0.008892426 -0.001101019 0.999959826 33.539093018
0.999952912 -0.002574013 -0.009356338 -0.216255173 0.002588029 0.999995470 0.001486232 -0.587378085 0.009352473 -0.001510376 0.999955118 34.728435516
0.999947965 -0.002701730 -0.009830177 -0.231031418 0.002715323 0.999995530 0.001369684 -0.606593013 0.009826431 -0.001396305 0.999950707 35.923404694
0.999942243 -0.003179468 -0.010268864 -0.248189956 0.003191537 0.999994218 0.001159050 -0.623800337 0.010265120 -0.001191757 0.999946594 37.117710114
0.999935806 -0.004090895 -0.010558572 -0.258074105 0.004111813 0.999989629 0.001960248 -0.647121847 0.010550443 -0.002003537 0.999942303 38.302814484
0.999926507 -0.004319370 -0.011329978 -0.254836470 0.004357525 0.999984920 0.003345123 -0.669996977 0.011315359 -0.003394247 0.999930203 39.483127594
0.999932230 -0.003464645 -0.011112506 -0.275020838 0.003509947 0.999985576 0.004059779 -0.685209990 0.011098279 -0.004098508 0.999930024 40.679897308
0.999929309 -0.003281416 -0.011427538 -0.285208941 0.003327466 0.999986410 0.004013167 -0.710265636 0.011414213 -0.004050908 0.999926627 41.874263763
0.999930024 -0.002300178 -0.011604327 -0.299904168 0.002345028 0.999989867 0.003852814 -0.724003375 0.011595345 -0.003879756 0.999925196 43.057445526
0.999946237 0.000331547 -0.010366329 -0.333520353 -0.000275185 0.999985099 0.005437884 -0.732182741 0.010367976 -0.005434739 0.999931514 44.252021790
0.999965489 0.000559443 -0.008294142 -0.358338952 -0.000488842 0.999963701 0.008511807 -0.746164441 0.008298603 -0.008507456 0.999929368 45.464855194
0.999978781 0.001437186 -0.006367906 -0.374882132 -0.001366980 0.999938548 0.011015716 -0.751844287 0.006383347 -0.011006779 0.999918997 46.666149139
0.999986231 0.001953654 -0.004868997 -0.386029661 -0.001881504 0.999888957 0.014779001 -0.759621620 0.004897331 -0.014769636 0.999878883 47.866401672
0.999995172 0.001552135 -0.002742451 -0.404663682 -0.001508779 0.999874949 0.015741274 -0.760866702 0.002766540 -0.015737055 0.999872267 49.082340240
0.999999046 -0.000539528 -0.001272275 -0.409104913 0.000557593 0.999898374 0.014242460 -0.761475861 0.001264461 -0.014243158 0.999897718 50.299724579
0.999999404 0.000977155 0.000274543 -0.421733350 -0.000980458 0.999923885 0.012299834 -0.761199474 -0.000262504 -0.012300096 0.999924362 51.513820648
0.999999523 0.000380367 0.000817419 -0.419281453 -0.000390302 0.999925673 0.012189354 -0.772374749 -0.000812721 -0.012189668 0.999925375 52.716377258
0.999999583 0.000016632 0.000950274 -0.423733294 -0.000027689 0.999932289 0.011636735 -0.776242912 -0.000950017 -0.011636756 0.999931812 53.927856445
0.999999702 -0.000659668 0.000355890 -0.434663981 0.000655848 0.999943316 0.010628341 -0.783209622 -0.000362881 -0.010628104 0.999943495 55.139175415
0.999999225 -0.000132111 -0.001154839 -0.437225699 0.000144502 0.999942303 0.010736002 -0.784015119 0.001153354 -0.010736160 0.999941707 56.357906342
0.999997079 -0.000619468 -0.002322167 -0.445593655 0.000646963 0.999929488 0.011858292 -0.790553868 0.002314657 -0.011859760 0.999926925 57.556480408
0.999992907 -0.001079545 -0.003619988 -0.449738443 0.001123727 0.999924600 0.012225436 -0.796858609 0.003606518 -0.012229418 0.999918640 58.762779236
0.999985635 -0.000546331 -0.005329946 -0.448483169 0.000609028 0.999930561 0.011768636 -0.802390397 0.005323146 -0.011771714 0.999916553 59.963691711
0.999984264 0.000364853 -0.005601963 -0.464777470 -0.000298361 0.999929607 0.011865671 -0.809946001 0.005605897 -0.011863813 0.999913931 61.168300629
0.999980807 -0.000621471 -0.006152335 -0.466690332 0.000690337 0.999937117 0.011197733 -0.814783990 0.006144989 -0.011201765 0.999918401 62.364746094
0.999982417 -0.001432565 -0.005758082 -0.483720541 0.001492759 0.999944150 0.010463062 -0.825331509 0.005742774 -0.010471473 0.999928713 63.577976227
0.999983013 -0.001718849 -0.005558218 -0.503841162 0.001783542 0.999930501 0.011655142 -0.833698153 0.005537800 -0.011664860 0.999916673 64.789779663
0.999981642 -0.001885439 -0.005760064 -0.512629092 0.001961577 0.999910533 0.013241296 -0.840554059 0.005734581 -0.013252352 0.999895692 65.997612000
0.999982476 -0.001289625 -0.005776957 -0.527953386 0.001353707 0.999937475 0.011102449 -0.841003954 0.005762278 -0.011110075 0.999921679 67.199432373
0.999983728 0.000513106 -0.005682078 -0.538311958 -0.000455143 0.999948025 0.010197506 -0.851028562 0.005687014 -0.010194756 0.999931872 68.396736145
0.999980450 0.002522500 -0.005710432 -0.553469598 -0.002463289 0.999943376 0.010352331 -0.859474003 0.005736223 -0.010338064 0.999930143 69.594955444
0.999976099 0.004806639 -0.004953501 -0.575872064 -0.004753651 0.999931991 0.010653858 -0.867949903 0.005004373 -0.010630059 0.999930918 70.781768799
0.999968290 0.006019679 -0.005197942 -0.584581137 -0.005962445 0.999922156 0.010957070 -0.875731230 0.005263498 -0.010925730 0.999926507 71.970062256
0.999971330 0.006510598 -0.003873781 -0.601077795 -0.006464727 0.999910176 0.011738186 -0.882890761 0.003949856 -0.011712804 0.999923587 73.162803650
0.999958634 0.008862705 -0.002033077 -0.609617710 -0.008837081 0.999885499 0.012284583 -0.887886763 0.002141719 -0.012266107 0.999922454 74.348396301
0.999970973 0.007570582 0.000793390 -0.617283940 -0.007578419 0.999917269 0.010387439 -0.898366511 -0.000714686 -0.010393149 0.999945700 75.541961670
0.999982238 0.004936139 0.003332758 -0.614352226 -0.004954153 0.999973059 0.005418723 -0.908272684 -0.003305921 -0.005435138 0.999979675 76.723457336
0.999959946 0.006538207 0.006106806 -0.612828314 -0.006566222 0.999967933 0.004578626 -0.917194366 -0.006076674 -0.004618541 0.999970853 77.901756287
0.999951482 0.005015359 0.008475730 -0.602909148 -0.005086238 0.999952078 0.008361761 -0.932403922 -0.008433389 -0.008404466 0.999929070 79.083793640
0.999897897 0.006179370 0.012883547 -0.606541276 -0.006296969 0.999938667 0.009107309 -0.938065648 -0.012826477 -0.009187507 0.999875546 80.238555908
0.999849021 0.004988153 0.016645884 -0.592713356 -0.005122512 0.999954700 0.008038742 -0.954616427 -0.016605031 -0.008122796 0.999829113 81.404113770
0.999778628 0.005142163 0.020398563 -0.574915886 -0.005238862 0.999975204 0.004689856 -0.967273474 -0.020373942 -0.004795683 0.999780893 82.557380676
0.999714553 0.003612623 0.023616735 -0.548501849 -0.003641441 0.999992669 0.001177284 -0.981997848 -0.023612307 -0.001262947 0.999720335 83.711952209
0.999629498 0.003020376 0.027048998 -0.517785788 -0.003033023 0.999995232 0.000426544 -1.003478527 -0.027047584 -0.000508426 0.999633968 84.870063782
0.999518454 0.002748069 0.030906068 -0.488460064 -0.002813633 0.999993861 0.002078134 -1.024397254 -0.030900171 -0.002164091 0.999520123 86.023780823
0.999394774 0.003277736 0.034630973 -0.455996275 -0.003370882 0.999991000 0.002631615 -1.042542219 -0.034622032 -0.002746759 0.999396682 87.186744690
0.999260902 0.003076273 0.038316898 -0.421333075 -0.003097237 0.999995232 0.000487767 -1.062791705 -0.038315214 -0.000606084 0.999265492 88.342521667
0.999133229 0.003127858 0.041508883 -0.375505686 -0.003053496 0.999993622 -0.001854738 -1.081624150 -0.041514430 0.001726383 0.999136388 89.486854553
0.998994589 0.002909322 0.044736460 -0.325229645 -0.002807465 0.999993324 -0.002339476 -1.101482034 -0.044742972 0.002211528 0.998996079 90.646781921
0.998864055 0.001616841 0.047622975 -0.271437168 -0.001555373 0.999997914 -0.001327759 -1.120113730 -0.047625020 0.001252179 0.998864532 91.805740356
0.998723745 0.001164273 0.050491575 -0.219569683 -0.001185547 0.999999225 0.000391392 -1.143711686 -0.050491080 -0.000450752 0.998724341 92.958923340
0.998596132 0.000089031 0.052970093 -0.158884525 -0.000193944 0.999998033 0.001975481 -1.161147714 -0.052969806 -0.001982981 0.998594165 94.126403809
0.998456120 -0.001362613 0.055526495 -0.099087715 0.001205459 0.999995172 0.002863663 -1.174697638 -0.055530123 -0.002792307 0.998453081 95.279563904
0.998305023 -0.002196431 0.058156896 -0.044949532 0.002179059 0.999997556 0.000362139 -1.190626979 -0.058157548 -0.000234798 0.998307407 96.442626953
0.998177588 -0.003375156 0.060249086 0.023809433 0.003559824 0.999989212 -0.002958006 -1.212601423 -0.060238462 0.003167092 0.998179018 97.599906921
0.998048902 -0.002380428 0.062390547 0.087675571 0.002748098 0.999979317 -0.005807905 -1.231894135 -0.062375430 0.005968030 0.998034894 98.765998840
0.997951865 -0.002524613 0.063919753 0.162932396 0.002954415 0.999973595 -0.006630468 -1.255412102 -0.063901320 0.006805732 0.997933149 99.936454773
0.997943044 -0.002484174 0.064058982 0.231306553 0.002872747 0.999978006 -0.005974457 -1.281753540 -0.064042725 0.006146194 0.997928262 101.102104187
0.998000801 -0.002377067 0.063156813 0.303610325 0.002634941 0.999988437 -0.004000088 -1.308080673 -0.063146584 0.004158505 0.997995615 102.288101196
0.998093128 -0.002853804 0.061659593 0.371491909 0.003017155 0.999992132 -0.002556298 -1.330253839 -0.061651811 0.002737460 0.998093903 103.481468201
0.998214781 -0.002499796 0.059674583 0.434842587 0.002624410 0.999994516 -0.002009943 -1.344963431 -0.059669230 0.002162965 0.998215795 104.662910461
0.998378038 -0.002184397 0.056890268 0.497338772 0.002254508 0.999996722 -0.001168231 -1.370162129 -0.056887530 0.001294596 0.998379767 105.855888367
0.998526573 -0.001661850 0.054239396 0.554572105 0.001745893 0.999997318 -0.001502123 -1.388656974 -0.054236751 0.001594606 0.998526871 107.067306519
0.998727977 -0.000274034 0.050420914 0.611556053 0.000365047 0.999998271 -0.001795862 -1.408614278 -0.050420336 0.001811984 0.998726428 108.278953552
0.998918831 -0.000014939 0.046490401 0.656926632 0.000091245 0.999998569 -0.001639214 -1.423755169 -0.046490327 0.001641684 0.998917401 109.489433289
0.999098241 0.000516650 0.042455427 0.709598064 -0.000493745 0.999999642 -0.000549982 -1.446851254 -0.042455703 0.000528524 0.999098182 110.710952759
0.999271154 0.000818225 0.038163811 0.744283676 -0.000835920 0.999999464 0.000447686 -1.472090125 -0.038163427 -0.000479262 0.999271393 111.909858704
0.999440730 0.000872402 0.033427499 0.782370090 -0.000911165 0.999998927 0.001144390 -1.493508577 -0.033426464 -0.001174208 0.999440491 113.139625549
0.999575377 0.001612298 0.029090470 0.810189724 -0.001652499 0.999997735 0.001357965 -1.512334943 -0.029088208 -0.001405461 0.999575853 114.354866028
0.999713659 0.002374415 0.023808731 0.847003341 -0.002403321 0.999996424 0.001185526 -1.530502081 -0.023805831 -0.001242407 0.999715745 115.582275391
0.999819517 0.002557737 0.018824602 0.870864272 -0.002571852 0.999996424 0.000725654 -1.544197559 -0.018822677 -0.000773937 0.999822497 116.836868286
0.999901056 0.003409386 0.013645737 0.890773416 -0.003408652 0.999994099 -0.000077138 -1.557209015 -0.013645920 0.000030617 0.999906838 118.081359863
0.999917209 0.005796920 0.011499138 0.875381947 -0.005801598 0.999983072 0.000373519 -1.579909563 -0.011496778 -0.000440201 0.999933839 119.331321716
0.999950945 0.006926076 0.007080829 0.912716806 -0.006926655 0.999975979 0.000057218 -1.595671177 -0.007080263 -0.000106262 0.999974966 120.552268982
0.999947011 0.007972499 0.006531841 0.904890418 -0.007971577 0.999968231 -0.000167415 -1.616858006 -0.006532969 0.000115337 0.999978602 121.790596008
0.999928355 0.010394903 0.005934592 0.894937277 -0.010396532 0.999945939 0.000243596 -1.639907718 -0.005931739 -0.000305278 0.999982357 123.018905640
0.999925494 0.011331799 0.004523357 0.897384286 -0.011337360 0.999934912 0.001205782 -1.664007664 -0.004509399 -0.001256975 0.999989033 124.247612000
0.999927998 0.011163960 0.004390356 0.881178319 -0.011170519 0.999936521 0.001471815 -1.678928852 -0.004373647 -0.001520751 0.999989271 125.491523743
0.999881625 0.014990279 0.003439236 0.870531857 -0.015003569 0.999879956 0.003871522 -1.703379631 -0.003380787 -0.003922665 0.999986529 126.752548218
0.999863446 0.016328175 0.002542556 0.865473568 -0.016346915 0.999837875 0.007535264 -1.718930483 -0.002419108 -0.007575797 0.999968290 127.998329163
0.999889076 0.014694796 0.002437110 0.857711673 -0.014711672 0.999866784 0.007057593 -1.739148617 -0.002333076 -0.007092664 0.999972105 129.248168945
0.999889612 0.014744625 0.001824060 0.855473042 -0.014754876 0.999874592 0.005738739 -1.750109196 -0.001739215 -0.005765019 0.999981821 130.487182617
0.999928236 0.011961836 0.000650926 0.857804477 -0.011965725 0.999908388 0.006342720 -1.755223751 -0.000574996 -0.006350053 0.999979675 131.740966797
0.999953926 0.009590889 0.000313937 0.843936563 -0.009592979 0.999925673 0.007524369 -1.758689046 -0.000241747 -0.007527035 0.999971688 133.002685547
0.999981284 0.006120573 0.000015009 0.840760171 -0.006120438 0.999935567 0.009553317 -1.769529104 0.000043462 -0.009553230 0.999954402 134.265655518
0.999992847 0.003769125 -0.000608725 0.841060936 -0.003762102 0.999930739 0.011153654 -1.787101626 0.000650722 -0.011151285 0.999937654 135.528976440
0.999999702 -0.000491855 -0.000544208 0.838831663 0.000496747 0.999959171 0.009026013 -1.793250680 0.000539746 -0.009026284 0.999959052 136.784286499
0.999996603 -0.002634921 -0.000371194 0.833389401 0.002637895 0.999962509 0.008252366 -1.802942872 0.000349434 -0.008253315 0.999965847 138.051223755
0.999992192 -0.003926710 -0.000470517 0.831497610 0.003930356 0.999960124 0.008014951 -1.816068053 0.000439026 -0.008016736 0.999967694 139.327301025
0.999990106 -0.004449301 -0.000507872 0.831671298 0.004453253 0.999957561 0.008064738 -1.823146820 0.000471968 -0.008066918 0.999967277 140.596160889
0.999992788 -0.003751267 0.000580725 0.822286963 0.003745034 0.999939084 0.010384887 -1.834797740 -0.000619647 -0.010382639 0.999945939 141.874008179
0.999998808 -0.001133398 0.001181414 0.816851854 0.001119003 0.999926031 0.012114368 -1.848390460 -0.001195058 -0.012113034 0.999925852 143.170455933
0.999996901 -0.001510109 0.001985163 0.811986804 0.001489754 0.999946713 0.010215586 -1.856319189 -0.002000485 -0.010212597 0.999945760 144.449478149
0.999996305 -0.000904411 0.002580757 0.803896666 0.000882612 0.999963999 0.008435195 -1.866463900 -0.002588293 -0.008432885 0.999961078 145.727783203
0.999994576 -0.000940738 0.003125894 0.797860861 0.000921299 0.999980271 0.006214381 -1.881036997 -0.003131678 -0.006211467 0.999975801 146.996490479
0.999992549 -0.002200959 0.003157700 0.807393193 0.002195228 0.999995947 0.001817278 -1.895102620 -0.003161687 -0.001810333 0.999993324 148.273498535
0.999991596 -0.002157042 0.003471093 0.804398119 0.002160879 0.999997020 -0.001102284 -1.922208071 -0.003468705 0.001109775 0.999993324 149.548004150
0.999989748 -0.002537144 0.003772183 0.801264167 0.002545091 0.999994516 -0.002103428 -1.945907712 -0.003766826 0.002113006 0.999990582 150.816589355
0.999987543 -0.002565691 0.004259519 0.791616142 0.002574840 0.999994397 -0.002143768 -1.968725562 -0.004253994 0.002154709 0.999988616 152.080749512
0.999990821 -0.001886826 0.003840428 0.790463150 0.001890226 0.999997854 -0.000881754 -2.003480911 -0.003838757 0.000889004 0.999992192 153.345916748
0.999992967 -0.001377561 0.003458501 0.787503242 0.001376910 0.999999046 0.000190574 -2.025481939 -0.003458760 -0.000185811 0.999993980 154.606536865
0.999995768 -0.001027377 0.002707846 0.789730072 0.001022930 0.999998152 0.001643114 -2.058860540 -0.002709529 -0.001640338 0.999994934 155.876586914
0.999997258 -0.000680722 0.002245368 0.784751952 0.000679330 0.999999523 0.000620884 -2.070422888 -0.002245790 -0.000619357 0.999997318 157.144058228
0.999998868 -0.000374663 0.001481845 0.776553035 0.000372322 0.999998689 0.001579792 -2.098840237 -0.001482435 -0.001579238 0.999997616 158.404037476
0.999999046 -0.001019391 0.000967490 0.770057917 0.001016920 0.999996185 0.002551046 -2.116004229 -0.000970087 -0.002550060 0.999996305 159.667800903
0.999999523 -0.000474563 0.000878878 0.757772744 0.000471892 0.999995291 0.003036724 -2.141072989 -0.000880315 -0.003036308 0.999994993 160.938400269
0.999999940 -0.000150256 0.000260712 0.752464175 0.000149748 0.999998093 0.001944622 -2.156194687 -0.000261004 -0.001944583 0.999998093 162.220642090
0.999999940 0.000102335 -0.000383832 0.737699986 -0.000102042 0.999999702 0.000764671 -2.179017067 0.000383910 -0.000764632 0.999999642 163.476394653
0.999998868 0.000969841 -0.001163117 0.731439471 -0.000968682 0.999999046 0.000996358 -2.201409578 0.001164084 -0.000995231 0.999998748 164.740539551
0.999998569 0.000264179 -0.001667390 0.714754164 -0.000264007 1.000000000 0.000103064 -2.226342440 0.001667417 -0.000102624 0.999998569 165.995544434
0.999995530 0.000560084 -0.002933285 0.707709908 -0.000562008 0.999999642 -0.000655078 -2.252261400 0.002932917 0.000656724 0.999995470 167.259521484
0.999992251 0.000558180 -0.003898524 0.691848576 -0.000559240 0.999999821 -0.000271128 -2.273314238 0.003898372 0.000273306 0.999992371 168.534393311
0.999989152 0.001109572 -0.004508253 0.677858233 -0.001106095 0.999999225 0.000773751 -2.291293859 0.004509107 -0.000768756 0.999989569 169.815093994
0.999987304 0.001223679 -0.004873558 0.660060644 -0.001219444 0.999998868 0.000871801 -2.306467295 0.004874619 -0.000865848 0.999987662 171.096069336
0.999987662 0.001749462 -0.004635370 0.630867481 -0.001747860 0.999998391 0.000349636 -2.316387415 0.004635972 -0.000341530 0.999989212 172.376205444
0.999981880 0.002197812 -0.005592003 0.617929697 -0.002194295 0.999997377 0.000635112 -2.334232330 0.005593385 -0.000622830 0.999984145 173.648010254
0.999979496 0.002460829 -0.005913028 0.596001625 -0.002463314 0.999996901 -0.000412980 -2.353416443 0.005911996 0.000427536 0.999982417 174.914947510
0.999972939 0.003184635 -0.006620965 0.574592233 -0.003191934 0.999994278 -0.001092018 -2.370677471 0.006617450 0.001113123 0.999977410 176.185379028
0.999968469 0.003342590 -0.007200730 0.559226274 -0.003348397 0.999994040 -0.000794544 -2.388535738 0.007198032 0.000818630 0.999973655 177.454833984
0.999966085 0.003554402 -0.007425447 0.540116787 -0.003569408 0.999991596 -0.002008613 -2.405951500 0.007418243 0.002035050 0.999970376 178.710098267
0.999967575 0.001637951 -0.007891586 0.530886531 -0.001666924 0.999991894 -0.003666257 -2.426771879 0.007885518 0.003679292 0.999962091 179.979766846
0.999973059 -0.000898503 -0.007266246 0.507912636 0.000870804 0.999992311 -0.003814264 -2.447376251 0.007269624 0.003807833 0.999966383 181.262237549
0.999971211 -0.000754684 -0.007547081 0.489833713 0.000748271 0.999999344 -0.000852493 -2.459903479 0.007547724 0.000846822 0.999971151 182.522491455
0.999972522 -0.001201262 -0.007311568 0.469056487 0.001226271 0.999993443 0.003417032 -2.478206158 0.007307411 -0.003425905 0.999967337 183.786529541
0.999976158 -0.000385679 -0.006888105 0.450759530 0.000404813 0.999996006 0.002776688 -2.492475033 0.006887004 -0.002779411 0.999972343 185.036224365
0.999976516 0.001455461 -0.006694075 0.438501120 -0.001460826 0.999998629 -0.000796742 -2.505248547 0.006692905 0.000806502 0.999977231 186.295043945
0.999975860 0.002325026 -0.006537687 0.425792336 -0.002349073 0.999990463 -0.003673045 -2.517811298 0.006529081 0.003688314 0.999971867 187.544937134
0.999979198 0.001870902 -0.006161244 0.414298773 -0.001893380 0.999991536 -0.003644552 -2.537176371 0.006154374 0.003656142 0.999974310 188.796325684
0.999980807 0.002474678 -0.005683233 0.409927964 -0.002491429 0.999992549 -0.002942194 -2.559233427 0.005675906 0.002956297 0.999979436 190.050979614
0.999978721 0.002658228 -0.005954439 0.421578884 -0.002665543 0.999995708 -0.001220639 -2.591233730 0.005951168 0.001236485 0.999981523 191.278854370
0.999984503 0.002468301 -0.004979517 0.420592904 -0.002469857 0.999996901 -0.000306281 -2.624461174 0.004978745 0.000318575 0.999987543 192.534179688
0.999989748 0.002441354 -0.003818556 0.431537092 -0.002444793 0.999996603 -0.000896200 -2.658555508 0.003816355 0.000905526 0.999992311 193.784851074
0.999996364 0.001870525 -0.001898942 0.443904132 -0.001874189 0.999996364 -0.001929324 -2.705510855 0.001895324 0.001932876 0.999996245 195.014312744
0.999997377 0.001706816 -0.001516875 0.486338288 -0.001711654 0.999993443 -0.003193665 -2.767432690 0.001511416 0.003196253 0.999993682 196.211685181
0.999997616 0.002192793 0.000017270 0.513005733 -0.002192727 0.999992371 -0.003221085 -2.838276863 -0.000024333 0.003221040 0.999994755 197.360427856
0.999994278 0.003025761 0.001482901 0.536808133 -0.003023271 0.999994040 -0.001678441 -2.900599480 -0.001487971 0.001673949 0.999997437 198.541107178
0.999995410 0.001922653 0.002340351 0.580241799 -0.001924501 0.999997854 0.000787645 -2.963664055 -0.002338831 -0.000792145 0.999996960 199.751571655
0.999999106 0.001326032 0.000272225 0.661353946 -0.001326827 0.999994814 0.002939259 -3.048015356 -0.000268326 -0.002939618 0.999995649 200.955917358
0.999994814 -0.002090987 -0.002480057 0.774828613 0.002106558 0.999978006 0.006292628 -3.183898926 0.002466843 -0.006297819 0.999977112 202.092559814
0.999919236 -0.010905393 -0.006526278 0.900704741 0.010985744 0.999862671 0.012405164 -3.407952547 0.006390099 -0.012475857 0.999901772 203.190048218
0.999868333 -0.014269292 -0.007715449 1.105960131 0.014433829 0.999660134 0.021708116 -3.610465527 0.007403067 -0.021816622 0.999734581 205.209365845
0.999931335 -0.009640714 -0.006656901 1.059130311 0.009752933 0.999807298 0.017035862 -3.527382135 0.006491381 -0.017099617 0.999832749 206.223632812
0.999945760 -0.009069043 -0.005121858 1.044647336 0.009147389 0.999838233 0.015485780 -3.498376846 0.004980588 -0.015531793 0.999866962 207.367095947
0.999960959 -0.007818186 -0.004122907 1.023543358 0.007872727 0.999879479 0.013383096 -3.454253912 0.004017778 -0.013415032 0.999901950 208.496246338
0.999973297 -0.006409037 -0.003495112 1.026256561 0.006450474 0.999907494 0.011976346 -3.399618387 0.003418031 -0.011998574 0.999922097 209.656784058
0.999975383 -0.006161949 -0.003354628 1.000272751 0.006201170 0.999911070 0.011809997 -3.377834797 0.003281557 -0.011830510 0.999924600 210.768920898
0.999983490 -0.005177950 -0.002458878 0.945258379 0.005196582 0.999957383 0.007632428 -3.306833506 0.002419253 -0.007645080 0.999967754 211.879272461
0.999993384 -0.003493248 -0.000983780 0.883425832 0.003498658 0.999978483 0.005552201 -3.294467449 0.000964363 -0.005555606 0.999984086 212.927902222
0.999994814 -0.003114783 -0.000793526 0.845345378 0.003117911 0.999987245 0.003972411 -3.288048506 0.000781143 -0.003974865 0.999991715 213.978240967
0.999992371 -0.003614426 0.001496146 0.762896836 0.003608586 0.999985933 0.003888373 -3.306159019 -0.001510179 -0.003882945 0.999991357 215.038513184
0.999992132 -0.003893826 0.000773798 0.710600376 0.003890743 0.999984562 0.003947850 -3.324339867 -0.000789159 -0.003944808 0.999991953 216.046890259
0.999990046 -0.004097653 0.001795013 0.611822307 0.004088674 0.999979198 0.004977647 -3.346836090 -0.001815371 -0.004970258 0.999985993 216.995269775
0.999987721 -0.004688817 0.001632175 0.524218917 0.004677428 0.999965191 0.006912893 -3.376060486 -0.001664532 -0.006905174 0.999974668 217.956741333
0.999983072 -0.003902652 0.004297193 0.400203884 0.003850322 0.999919295 0.012119389 -3.463704586 -0.004344141 -0.012102641 0.999917328 218.903320312
0.999996364 -0.002474428 -0.001050766 0.458337367 0.002483009 0.999962926 0.008245275 -3.391068935 0.001030322 -0.008247855 0.999965489 220.023208618
0.999992788 -0.002037368 -0.003208840 0.426389873 0.002060694 0.999971390 0.007282721 -3.392055988 0.003193911 -0.007289281 0.999968231 221.028472900
0.999983907 -0.001679330 -0.005413506 0.394633532 0.001716984 0.999974310 0.006958466 -3.400352478 0.005401678 -0.006967650 0.999961138 222.008117676
0.999970913 -0.000961038 -0.007561220 0.356386900 0.001013476 0.999975443 0.006934424 -3.409183502 0.007554370 -0.006941887 0.999947309 222.956710815
0.999956429 -0.000419049 -0.009325843 0.305855989 0.000482680 0.999976575 0.006821912 -3.428999424 0.009322767 -0.006826115 0.999933243 223.868240356
0.999917626 -0.000280332 -0.012834748 0.292397976 0.000361603 0.999979913 0.006330259 -3.439620018 0.012832722 -0.006334378 0.999897599 224.770538330
0.999895751 -0.000487806 -0.014433736 0.216051340 0.000572632 0.999982536 0.005873383 -3.459807396 0.014430621 -0.005881036 0.999878526 225.615692139
0.999869585 0.000937859 -0.016120987 0.155623436 -0.000847353 0.999983788 0.005620052 -3.476808548 0.016125998 -0.005605658 0.999854267 226.468215942
0.999986470 0.004168510 -0.003095994 -0.136373937 -0.004141322 0.999953210 0.008736298 -3.545833111 0.003132267 -0.008723358 0.999957025 227.242416382
0.999770999 0.003172564 -0.021163190 0.100998878 -0.003081538 0.999985874 0.004332372 -3.499479532 0.021176629 -0.004266165 0.999766648 228.144912720
0.999758244 0.003771380 -0.021667667 0.081914902 -0.003688238 0.999985695 0.003875859 -3.501192570 0.021681976 -0.003795006 0.999757707 228.950866699
0.999752939 0.003354946 -0.021973146 0.073398113 -0.003245706 0.999982357 0.005005264 -3.514344692 0.021989549 -0.004932710 0.999746025 229.746292114
0.999767423 0.003414848 -0.021294165 0.042099953 -0.003292772 0.999977946 0.005765283 -3.531396866 0.021313386 -0.005693826 0.999756634 230.495422363
0.999751210 0.002989923 -0.022103924 0.068169117 -0.002886264 0.999984682 0.004720040 -3.534819365 0.022117706 -0.004655068 0.999744534 231.295257568
0.999755561 0.003525253 -0.021823024 0.052837849 -0.003460899 0.999989569 0.002985908 -3.548484325 0.021833329 -0.002909651 0.999757409 232.042083740
0.999768794 0.003196716 -0.021263363 0.038910866 -0.003182387 0.999994695 0.000707719 -3.559901237 0.021265505 -0.000639887 0.999773681 232.781188965
0.999786139 0.003210126 -0.020428685 0.036350727 -0.003224541 0.999994576 -0.000672710 -3.571951151 0.020426417 0.000738440 0.999791026 233.528869629
0.999800801 0.003849091 -0.019584458 0.034118176 -0.003871254 0.999991894 -0.001093864 -3.584373474 0.019580081 0.001169462 0.999807715 234.269622803
0.999831200 0.003629327 -0.018009696 0.025087357 -0.003659007 0.999992013 -0.001615348 -3.593866110 0.018003689 0.001680973 0.999836564 234.995239258
0.999862492 0.003334265 -0.016242795 0.019423246 -0.003360641 0.999993086 -0.001596748 -3.608769417 0.016237361 0.001651115 0.999866724 235.718795776
0.999885082 0.003147017 -0.014831295 0.016912222 -0.003172507 0.999993503 -0.001695379 -3.624356747 0.014825864 0.001742236 0.999888599 236.419189453
0.999911308 0.002712975 -0.013035478 0.012208223 -0.002739709 0.999994159 -0.002033376 -3.638980627 0.013029885 0.002068909 0.999912977 237.138717651
0.999939561 0.002335636 -0.010743751 0.011820078 -0.002348980 0.999996424 -0.001229566 -3.659488440 0.010740843 0.001254729 0.999941528 237.849563599
0.999968708 0.001249072 -0.007827424 0.012970924 -0.001254779 0.999998927 -0.000724241 -3.672353506 0.007826509 0.000734040 0.999969125 238.552032471
0.999990344 0.000923456 -0.004280350 -0.000319362 -0.000927654 0.999999046 -0.000978863 -3.680552244 0.004279442 0.000982824 0.999990284 239.250869751
0.999998748 0.001179154 -0.001014085 -0.002969489 -0.001180400 0.999998569 -0.001229418 -3.690792084 0.001012636 0.001230613 0.999998629 239.950866699
0.999996245 0.001021416 0.002590405 -0.007859707 -0.001017067 0.999998033 -0.001679895 -3.705212355 -0.002592116 0.001677254 0.999995232 240.632965088
0.999984801 0.001229622 0.005372176 -0.004623175 -0.001218004 0.999996841 -0.002165267 -3.715102196 -0.005374820 0.002158690 0.999983251 241.321304321
0.999966919 0.001806092 0.007920560 0.003840089 -0.001782031 0.999993801 -0.003043744 -3.728349447 -0.007926008 0.003029529 0.999963999 242.017837524
0.999937952 0.001981870 0.010963074 0.010674715 -0.001945374 0.999992490 -0.003338727 -3.746751785 -0.010969609 0.003317193 0.999934316 242.723205566
0.999900937 0.002175813 0.013905174 0.019529104 -0.002141696 0.999994636 -0.002467976 -3.759964228 -0.013910471 0.002437952 0.999900162 243.433547974
0.999853134 0.002586723 0.016942929 0.022911549 -0.002554263 0.999994874 -0.001937194 -3.771036863 -0.016947852 0.001893633 0.999854565 244.133087158
0.999816239 0.002237537 0.019039277 0.037588120 -0.002202777 0.999995887 -0.001846476 -3.788585663 -0.019043328 0.001804197 0.999817014 244.841186523
0.999766946 0.001823320 0.021507869 0.048637390 -0.001748140 0.999992251 -0.003513746 -3.802596569 -0.021514107 0.003475329 0.999762475 245.550064087
0.999731719 0.002474616 0.023029882 0.067208767 -0.002339138 0.999979734 -0.005907749 -3.816392422 -0.023044040 0.005852293 0.999717295 246.263290405
0.999705195 0.001582297 0.024225241 0.081768990 -0.001399446 0.999970317 -0.007563061 -3.829050541 -0.024236493 0.007526930 0.999677896 246.974517822
0.999682426 0.002068992 0.025112966 0.092231750 -0.001859989 0.999963462 -0.008343023 -3.843140841 -0.025129309 0.008293665 0.999649763 247.689926147
0.999691963 0.000293117 0.024816293 0.113245487 -0.000072465 0.999960423 -0.008891845 -3.860750198 -0.024817919 0.008887308 0.999652505 248.419998169
0.999686897 0.001861356 0.024953000 0.125407219 -0.001633901 0.999956965 -0.009132637 -3.878608227 -0.024968924 0.009089007 0.999646962 249.146087646
0.999683142 0.001859531 0.025101537 0.143759251 -0.001621901 0.999953628 -0.009483759 -3.895912647 -0.025118010 0.009440045 0.999639928 249.892608643
0.999673963 0.000966763 0.025515933 0.159856319 -0.000671695 0.999932826 -0.011570084 -3.912310600 -0.025525402 0.011549175 0.999607503 250.640411377
0.999665797 -0.002467521 0.025732307 0.183969021 0.002823277 0.999900818 -0.013798106 -3.928579092 -0.025695706 0.013866142 0.999573588 251.412261963
0.999621034 -0.005960197 0.026872357 0.205276489 0.006352347 0.999874234 -0.014531363 -3.950804949 -0.026782367 0.014696562 0.999533176 252.120147705
0.999614060 -0.003211897 0.027592709 0.223158360 0.003507660 0.999936819 -0.010677150 -3.967020988 -0.027556673 0.010769816 0.999562144 252.871078491
0.999603271 0.000465367 0.028161811 0.238285542 -0.000337049 0.999989510 -0.004561034 -3.982498169 -0.028163638 0.004549732 0.999592960 253.648498535
0.999584198 -0.000008184 0.028833784 0.259428024 0.000038671 0.999999404 -0.001056786 -4.002501488 -0.028833762 0.001057462 0.999583602 254.459152222
0.999516189 -0.001372446 0.031071717 0.290596485 0.001482290 0.999992728 -0.003512417 -4.014775276 -0.031066665 0.003556775 0.999511003 255.251770020
0.999378562 -0.000665978 0.035242867 0.315273285 0.001003463 0.999953747 -0.009559139 -4.028141975 -0.035234880 0.009588563 0.999333024 256.050323486
0.999238074 0.001480485 0.039002065 0.337853432 -0.000964286 0.999911726 -0.013250658 -4.042789936 -0.039018244 0.013202952 0.999151289 256.854583740
0.999089599 0.003809576 0.042490739 0.371315956 -0.003259325 0.999909937 -0.013011666 -4.063422203 -0.042536482 0.012861325 0.999012113 257.683929443
0.998951674 0.001848878 0.045739498 0.409210205 -0.001364280 0.999942541 -0.010623679 -4.085459709 -0.045756515 0.010550140 0.998896956 258.514862061
0.998808146 -0.001514880 0.048785612 0.453083992 0.001884995 0.999969721 -0.007541448 -4.103462219 -0.048772719 0.007624421 0.998780787 259.351135254
0.998645484 -0.004035961 0.051874455 0.497950554 0.004380281 0.999969244 -0.006525578 -4.116002560 -0.051846515 0.006743966 0.998632252 260.194305420
0.998509705 -0.004343154 0.054401048 0.549493790 0.004648589 0.999974132 -0.005489232 -4.143625259 -0.054375798 0.005733938 0.998504102 261.032379150
0.998394907 -0.000949086 0.056627881 0.598346710 0.001401218 0.999967456 -0.007945095 -4.152753830 -0.056618489 0.008011691 0.998363733 261.871246338
0.998246729 -0.000374755 0.059188850 0.640996933 0.000989087 0.999945879 -0.010350236 -4.171616077 -0.059181776 0.010390630 0.998193145 262.711212158
0.998091340 -0.000402293 0.061753340 0.692100525 0.001026241 0.999948740 -0.010072485 -4.199936390 -0.061746128 0.010116633 0.998040557 263.548095703
0.997903824 0.000583845 0.064711474 0.737525940 -0.000060361 0.999967217 -0.008091155 -4.218037128 -0.064714067 0.008070289 0.997871220 264.391510010
0.997698367 0.001921025 0.067779556 0.789209366 -0.001469236 0.999976337 -0.006714783 -4.236264229 -0.067790851 0.006599744 0.997677684 265.235565186
0.997489572 0.002345818 0.070774555 0.844127655 -0.001875119 0.999975622 -0.006716375 -4.258227348 -0.070788592 0.006566803 0.997469723 266.088714600
0.997295797 0.002558429 0.073447004 0.901777267 -0.002026930 0.999971211 -0.007310125 -4.275387764 -0.073463574 0.007141485 0.997272432 266.927154541
0.997120142 0.000439489 0.075836845 0.967178345 0.000137171 0.999971032 -0.007598581 -4.298242569 -0.075838000 0.007587102 0.997091234 267.773010254
0.996935427 -0.002664954 0.078183495 1.024423599 0.003225616 0.999969959 -0.007045691 -4.316114426 -0.078162372 0.007276288 0.996914089 268.620605469
0.996889591 -0.003811323 0.078717805 1.092681885 0.004369294 0.999966502 -0.006917219 -4.339444160 -0.078688823 0.007239645 0.996872962 269.469390869
0.996836603 -0.004245252 0.079365313 1.156164169 0.004799228 0.999965429 -0.006790617 -4.359798908 -0.079333737 0.007150027 0.996822417 270.315826416
0.996818006 -0.004424709 0.079588488 1.224859238 0.004986035 0.999964058 -0.006855499 -4.378276348 -0.079555303 0.007230517 0.996804237 271.169830322
0.996846199 -0.004188779 0.079247318 1.286779404 0.004708495 0.999968529 -0.006372429 -4.397412300 -0.079218157 0.006725467 0.996834636 272.022369385
0.996878862 -0.003817835 0.078855991 1.349189758 0.004300204 0.999972999 -0.005948173 -4.417389870 -0.078831151 0.006268703 0.996868193 272.877563477
0.996979594 -0.004199914 0.077550076 1.413492203 0.004740203 0.999965727 -0.006784215 -4.437679768 -0.077518933 0.007131326 0.996965349 273.734100342
0.997100353 -0.004309944 0.075975031 1.472280502 0.004909251 0.999958217 -0.007703220 -4.460195065 -0.075938649 0.008053862 0.997079968 274.589904785
0.997221947 -0.003285591 0.074417025 1.533214569 0.003927152 0.999956369 -0.008476480 -4.481098652 -0.074385941 0.008745178 0.997191131 275.451904297
0.997331858 -0.002560480 0.072955944 1.588085175 0.003201824 0.999957144 -0.008675240 -4.506016731 -0.072930619 0.008885685 0.997297347 276.298248291
0.997460425 -0.001054746 0.071214445 1.644323349 0.001699567 0.999958098 -0.008994646 -4.524780273 -0.071201980 0.009092839 0.997420490 277.149963379
0.997591972 -0.000469199 0.069354847 1.695234299 0.001060472 0.999963522 -0.008488747 -4.545861244 -0.069348335 0.008541856 0.997555912 277.998077393
0.997801244 -0.000586616 0.066276267 1.748374939 0.001065317 0.999973536 -0.007187702 -4.565387726 -0.066270299 0.007242502 0.997775435 278.846130371
0.998081446 -0.002139949 0.061876211 1.803315163 0.002439491 0.999985635 -0.004765847 -4.586762905 -0.061865136 0.004907649 0.998072386 279.691284180
0.998356462 -0.002940599 0.057234090 1.845872879 0.003119397 0.999990523 -0.003034871 -4.607682228 -0.057224620 0.003208419 0.998356164 280.531005859
0.998611033 -0.003613361 0.052564234 1.883367538 0.003710966 0.999991536 -0.001759392 -4.626362801 -0.052557424 0.001952012 0.998615980 281.363891602
0.998853147 -0.003842734 0.047725081 1.918960571 0.003897025 0.999991834 -0.001044578 -4.642997742 -0.047720682 0.001229366 0.998859942 282.186859131
0.999054015 -0.003931821 0.043308828 1.944491386 0.003968664 0.999991775 -0.000764714 -4.658608437 -0.043305468 0.000935869 0.999061465 282.991088867
0.999246478 -0.004899113 0.038503405 1.972200394 0.004931739 0.999987543 -0.000752433 -4.674722195 -0.038499240 0.000941755 0.999258220 283.797912598
0.999386966 -0.005074412 0.034639549 1.991013527 0.005111951 0.999986410 -0.000995224 -4.692762852 -0.034634031 0.001171689 0.999399304 284.575561523
0.999512494 -0.004720733 0.030860459 2.010799885 0.004761257 0.999987900 -0.001239800 -4.708014965 -0.030854231 0.001386130 0.999522924 285.347015381
0.999625504 -0.004070228 0.027061017 2.024447441 0.004102455 0.999990940 -0.001135446 -4.727501392 -0.027056150 0.001246038 0.999633133 286.094818115
