1.000000000 -0.000000000 0.000000000 0.000000000 -0.000000000 1.000000000 0.000000000 0.000000000 0.000000000 0.000000000 1.000000000 0.000000000
0.999997318 0.001085390 0.002056137 -0.009243336 -0.001082875 0.999998689 -0.001223974 -0.012678554 -0.002057463 0.001221744 0.999997079 1.208276749
0.999990582 0.001736134 0.003971910 -0.017529704 -0.001733913 0.999998331 -0.000562485 -0.033726983 -0.003972879 0.000555593 0.999991953 2.404391527
0.999986291 0.001113705 0.005115072 -0.019451376 -0.001112003 0.999999285 -0.000335587 -0.053695709 -0.005115442 0.000329894 0.999986827 3.611113071
0.999980271 0.001013399 0.006199704 -0.019936789 -0.001011525 0.999999404 -0.000305527 -0.075281255 -0.006200011 0.000299250 0.999980748 4.804569244
0.999978900 0.000233324 0.006485315 -0.011307824 -0.000232550 0.999999940 -0.000120122 -0.097745128 -0.006485342 0.000118611 0.999978960 6.035031796
0.999974251 0.000527183 0.007152742 -0.004625659 -0.000521111 0.999999523 -0.000850788 -0.123120621 -0.007153187 0.000847039 0.999974072 7.240830421
0.999964774 0.000507089 0.008370098 -0.008476794 -0.000497679 0.999999225 -0.001126295 -0.145431235 -0.008370663 0.001122090 0.999964297 8.426175117
0.999965906 0.000016108 0.008253125 0.000592969 -0.000019443 0.999999940 0.000404029 -0.169017464 -0.008253117 -0.000404176 0.999965847 9.622291565
0.999976277 -0.000741315 0.006855724 0.003943853 0.000732288 0.999998868 0.001319047 -0.190696433 -0.006856695 -0.001313996 0.999975562 10.817571640
0.999987185 -0.002093432 0.004606526 0.002337571 0.002089402 0.999997437 0.000879567 -0.212484121 -0.004608355 -0.000869931 0.999989033 12.006422043
0.999995351 -0.001672207 0.002590987 -0.000261817 0.001671258 0.999998510 0.000368546 -0.230322823 -0.002591599 -0.000364214 0.999996543 13.199758530
0.999997854 -0.001388947 0.001606737 -0.008536279 0.001388252 0.999998868 0.000433405 -0.255606949 -0.001607338 -0.000431173 0.999998629 14.393762589
0.999999821 0.000162039 0.000628452 -0.012639866 -0.000162211 0.999999940 0.000272734 -0.276448399 -0.000628408 -0.000272836 0.999999762 15.585501671
0.999999940 -0.000013607 0.000001326 -0.018151110 0.000013607 0.999999940 0.000302826 -0.293642581 -0.000001330 -0.000302826 0.999999940 16.772838593
0.999999404 -0.000811710 -0.000684544 -0.019664973 0.000812246 0.999999344 0.000783195 -0.315016538 0.000683908 -0.000783751 0.999999404 17.967451096
0.999998033 -0.001311256 -0.001426519 -0.022721967 0.001313122 0.999998271 0.001308002 -0.338696957 0.001424801 -0.001309873 0.999998093 19.158205032
0.999997735 -0.000909923 -0.001882498 -0.035370290 0.000910691 0.999999464 0.000406921 -0.358090907 0.001882127 -0.000408635 0.999998152 20.355958939
0.999995589 -0.001278212 -0.002687663 -0.040007085 0.001277269 0.999999106 -0.000352684 -0.380984724 0.002688112 0.000349250 0.999996364 21.547622681
0.999994695 -0.000418081 -0.003228454 -0.055454783 0.000419204 0.999999881 0.000347329 -0.403480470 0.003228309 -0.000348681 0.999994755 22.743095398
0.999992609 -0.000723128 -0.003783798 -0.070612647 0.000724359 0.999999702 0.000323886 -0.427746445 0.003783562 -0.000326625 0.999992788 23.940889359
0.999988556 -0.001329562 -0.004601107 -0.085488364 0.001328589 0.999999106 -0.000214658 -0.451750517 0.004601388 0.000208542 0.999989390 25.130617142
0.999984384 -0.000637524 -0.005548880 -0.093295328 0.000639429 0.999999702 0.000341553 -0.468081623 0.005548660 -0.000345096 0.999984562 26.345611572
0.999979377 -0.001843328 -0.006167828 -0.107944548 0.001855487 0.999996364 0.001966191 -0.486479968 0.006164182 -0.001977595 0.999979019 27.543434143
0.999974251 -0.001711549 -0.006963144 -0.123733111 0.001726163 0.999996245 0.002093311 -0.506708384 0.006959535 -0.002105277 0.999973536 28.742498398
0.999965250 -0.002543334 -0.007936818 -0.135517806 0.002554328 0.999995768 0.001375520 -0.525899529 0.007933284 -0.001395745 0.999967575 29.940271378
0.999954998 -0.003230230 -0.008911148 -0.148230851 0.003234103 0.999994636 0.000420205 -0.546374857 0.008909741 -0.000449006 0.999960184 31.136150360
0.999953091 -0.002553893 -0.009335910 -0.173174173 0.002558422 0.999996603 0.000473182 -0.562288702 0.009334671 -0.000497045 0.999956250 32.325214386
0.999943852 -0.002787615 -0.010220184 -0.184363589 0.002796897 0.999995708 0.000893988 -0.582427919 0.010217648 -0.000922523 0.999947369 33.524826050
0.999935448 -0.003461176 -0.010833008 -0.201752707 0.003474659 0.999993205 0.001226011 -0.603127956 0.010828692 -0.001263573 0.999940574 34.712352753
0.999929488 -0.003935241 -0.011200376 -0.220622480 0.003948471 0.999991536 0.001159332 -0.624210298 0.011195721 -0.001203474 0.999936581 35.909915924
0.999927998 -0.003993431 -0.011314712 -0.245274663 0.004004092 0.999991536 0.000919763 -0.641483903 0.011310941 -0.000965002 0.999935567 37.113773346
0.999927044 -0.004734130 -0.011108527 -0.270570219 0.004750065 0.999987721 0.001408684 -0.657192647 0.011101722 -0.001461347 0.999937236 38.303161621
0.999927580 -0.004355293 -0.011217935 -0.283627212 0.004384961 0.999986887 0.002621405 -0.672905207 0.011206372 -0.002670405 0.999933600 39.500457764
0.999933064 -0.003348364 -0.011068074 -0.307778597 0.003383748 0.999989212 0.003179811 -0.684960604 0.011057307 -0.003217050 0.999933660 40.697238922
0.999932826 -0.003097252 -0.011159832 -0.326997697 0.003128784 0.999991179 0.002809163 -0.704871953 0.011151033 -0.002843892 0.999933720 41.889545441
0.999934614 -0.001976700 -0.011260675 -0.341851354 0.002010082 0.999993563 0.002953911 -0.722358644 0.011254765 -0.002976353 0.999932170 43.077892303
0.999942422 0.000841290 -0.010694643 -0.364209235 -0.000790074 0.999988198 0.004792273 -0.735369742 0.010698551 -0.004783547 0.999931335 44.278919220
0.999962151 0.000883151 -0.008646937 -0.389626414 -0.000817134 0.999970555 0.007635355 -0.747106552 0.008653426 -0.007628001 0.999933422 45.487232208
0.999975324 0.001607822 -0.006835985 -0.404766262 -0.001537333 0.999945641 0.010304262 -0.755614400 0.006852182 -0.010293498 0.999923527 46.684410095
0.999983490 0.002163032 -0.005322080 -0.418407857 -0.002090218 0.999904633 0.013649224 -0.758881211 0.005351097 -0.013637873 0.999892592 47.888202667
0.999991596 0.001266486 -0.003907231 -0.430347145 -0.001209253 0.999892414 0.014615992 -0.761675656 0.003925322 -0.014611143 0.999885499 49.098007202
0.999997318 -0.000266433 -0.002297901 -0.439755082 0.000296239 0.999915719 0.012980480 -0.762011051 0.002294250 -0.012981127 0.999913096 50.300334930
0.999998868 0.001018294 -0.001033947 -0.452856094 -0.001006414 0.999934196 0.011425293 -0.767424762 0.001045513 -0.011424241 0.999934196 51.500061035
0.999999702 0.000641069 -0.000647384 -0.455326647 -0.000633770 0.999936938 0.011213064 -0.778729558 0.000654531 -0.011212647 0.999936879 52.693252563
0.999999642 0.000234604 -0.000799989 -0.459014893 -0.000226064 0.999943078 0.010657756 -0.785010755 0.000802443 -0.010657571 0.999942839 53.899814606
0.999999225 -0.000468683 -0.001078539 -0.476328582 0.000478973 0.999954164 0.009559908 -0.791884661 0.001074009 -0.009560418 0.999953747 55.103687286
0.999996841 -0.000160386 -0.002515366 -0.487955987 0.000185709 0.999949276 0.010070528 -0.799314082 0.002513622 -0.010070965 0.999946058 56.316497803
0.999991894 -0.000482487 -0.003981840 -0.495770484 0.000526751 0.999937892 0.011122989 -0.807926595 0.003976227 -0.011124995 0.999930203 57.515575409
0.999985218 -0.000907248 -0.005354167 -0.503416955 0.000970369 0.999929845 0.011798350 -0.819755912 0.005343089 -0.011803373 0.999916017 58.716815948
0.999978960 0.000327392 -0.006477103 -0.514668941 -0.000253795 0.999935389 0.011360129 -0.823957682 0.006480403 -0.011358243 0.999914527 59.927993774
0.999971092 0.000348299 -0.007595686 -0.524493456 -0.000262690 0.999936461 0.011268728 -0.830901504 0.007599128 -0.011266408 0.999907672 61.128219604
0.999969602 -0.000480020 -0.007782048 -0.536549509 0.000562079 0.999944150 0.010545914 -0.835577190 0.007776550 -0.010549965 0.999914110 62.328399658
0.999968529 -0.001372522 -0.007834365 -0.554761171 0.001447925 0.999952614 0.009626953 -0.845707297 0.007820779 -0.009637989 0.999922991 63.538898468
0.999968231 -0.001477177 -0.007838704 -0.576848507 0.001563211 0.999938488 0.010980707 -0.855234206 0.007822002 -0.010992612 0.999908924 64.739250183
0.999965429 -0.001761818 -0.008131022 -0.592718124 0.001864703 0.999918044 0.012663134 -0.864704072 0.008108047 -0.012677859 0.999886751 65.944572449
0.999964476 -0.001156603 -0.008351538 -0.610124707 0.001246952 0.999940634 0.010821106 -0.869580269 0.008338529 -0.010831138 0.999906480 67.149002075
0.999967396 0.000675261 -0.008049649 -0.632204890 -0.000597416 0.999953032 0.009669129 -0.876319349 0.008055801 -0.009664006 0.999920845 68.348327637
0.999963164 0.002711972 -0.008148119 -0.649507284 -0.002630075 0.999946058 0.010044921 -0.886774838 0.008174920 -0.010023120 0.999916315 69.541511536
0.999956608 0.004939481 -0.007904154 -0.668587148 -0.004859829 0.999937534 0.010064854 -0.891814053 0.007953374 -0.010026006 0.999918103 70.736274719
0.999952912 0.006269547 -0.007411308 -0.690613151 -0.006192837 0.999927402 0.010328426 -0.900553942 0.007475523 -0.010282043 0.999919176 71.929817200
0.999954402 0.006903719 -0.006591199 -0.702596903 -0.006827232 0.999909878 0.011557168 -0.910162508 0.006670393 -0.011511641 0.999911487 73.114395142
0.999951541 0.008817079 -0.004409333 -0.719546199 -0.008762598 0.999886870 0.012226381 -0.918511510 0.004516636 -0.012187148 0.999915540 74.298233032
0.999971390 0.007293429 -0.001993768 -0.727611423 -0.007272876 0.999922216 0.010128562 -0.929420471 0.002067485 -0.010113772 0.999946713 75.475242615
0.999989986 0.004436208 0.000636506 -0.731418371 -0.004439425 0.999976933 0.005143951 -0.939284444 -0.000613672 -0.005146724 0.999986589 76.650558472
0.999974847 0.006190247 0.003453163 -0.735692620 -0.006205490 0.999970973 0.004421190 -0.948914289 -0.003425695 -0.004442508 0.999984264 77.830543518
0.999974251 0.004119685 0.005877404 -0.729380250 -0.004168777 0.999956250 0.008364905 -0.966974616 -0.005842686 -0.008389191 0.999947727 79.013969421
0.999943376 0.005021367 0.009377573 -0.727645636 -0.005108925 0.999943316 0.009336388 -0.975504100 -0.009330159 -0.009383766 0.999912441 80.183738708
0.999894321 0.004966710 0.013663514 -0.723168492 -0.005071196 0.999958038 0.007623126 -0.987140715 -0.013625081 -0.007691610 0.999877632 81.344375610
0.999844730 0.004469038 0.017040811 -0.707633376 -0.004546430 0.999979675 0.004505510 -1.001249671 -0.017020324 -0.004582285 0.999844611 82.510093689
0.999786139 0.002869146 0.020481572 -0.689251423 -0.002890337 0.999995470 0.001005097 -1.015940785 -0.020478588 -0.001064081 0.999789774 83.667587280
0.999714613 0.002225299 0.023785448 -0.662648916 -0.002232694 0.999997497 0.000284372 -1.038205385 -0.023784753 -0.000337397 0.999716997 84.831054688
0.999618948 0.001941485 0.027535191 -0.636412859 -0.001995847 0.999996126 0.001946949 -1.057541132 -0.027531302 -0.002001163 0.999618888 85.987312317
0.999514163 0.002811133 0.031044601 -0.605976820 -0.002886420 0.999993026 0.002380630 -1.076241970 -0.031037694 -0.002469081 0.999515176 87.144485474
0.999390423 0.002484073 0.034824155 -0.574311256 -0.002494279 0.999996841 0.000249634 -1.095231175 -0.034823433 -0.000336343 0.999393404 88.297882080
0.999272585 0.002395659 0.038059466 -0.533124447 -0.002320678 0.999995291 -0.002014135 -1.116367817 -0.038064111 0.001924347 0.999273419 89.442443848
0.999148130 0.002106191 0.041214209 -0.487693310 -0.002011189 0.999995172 -0.002346400 -1.139055014 -0.041218963 0.002261511 0.999147475 90.600959778
0.999027252 0.000776092 0.044090621 -0.434682846 -0.000725683 0.999999046 -0.001159288 -1.160084128 -0.044091474 0.001126164 0.999026895 91.760925293
0.998911679 0.000282160 0.046640720 -0.383457184 -0.000297411 0.999999881 0.000320049 -1.179856896 -0.046640627 -0.000333572 0.998911679 92.912193298
0.998800874 -0.000828077 0.048950497 -0.324738503 0.000721321 0.999997318 0.002198515 -1.200659990 -0.048952188 -0.002160570 0.998798728 94.073562622
0.998694360 -0.002620751 0.051019154 -0.263955593 0.002462199 0.999991894 0.003170311 -1.219552994 -0.051027060 -0.003040552 0.998692572 95.219696045
0.998558104 -0.003635283 0.053560514 -0.210810661 0.003602041 0.999993265 0.000717180 -1.234794378 -0.053562768 -0.000523218 0.998564243 96.379905701
0.998427153 -0.004729627 0.055864833 -0.148587704 0.004885147 0.999984562 -0.002647631 -1.254451394 -0.055851448 0.002916374 0.998434842 97.540580750
0.998304367 -0.003860994 0.058082536 -0.086771488 0.004189110 0.999975860 -0.005528441 -1.272514462 -0.058059797 0.005762381 0.998296440 98.711952209
0.998200417 -0.003938457 0.059836153 -0.022591114 0.004327612 0.999970257 -0.006375463 -1.295810819 -0.059809260 0.006622937 0.998187900 99.887680054
0.998195291 -0.003868333 0.059926443 0.042513847 0.004213695 0.999975324 -0.005637807 -1.322896242 -0.059903149 0.005880145 0.998186886 101.062072754
0.998241484 -0.003704831 0.059162334 0.114306927 0.003944689 0.999984443 -0.003937962 -1.344558477 -0.059146833 0.004164414 0.998240650 102.258712769
0.998324335 -0.004419026 0.057697609 0.180359364 0.004577683 0.999986053 -0.002617908 -1.365447164 -0.057685241 0.002877642 0.998330832 103.452934265
0.998433352 -0.003975124 0.055812277 0.241700649 0.004078241 0.999990165 -0.001733796 -1.386464596 -0.055804841 0.001958696 0.998439729 104.650611877
0.998577058 -0.003651230 0.053203441 0.300026417 0.003726917 0.999992192 -0.001323446 -1.404420018 -0.053198196 0.001519847 0.998582840 105.855201721
0.998728156 -0.003220011 0.050314691 0.348760605 0.003295914 0.999993503 -0.001425667 -1.425597906 -0.050309774 0.001589687 0.998732328 107.056549072
0.998908699 -0.001503959 0.046679739 0.394047260 0.001592943 0.999997079 -0.001869124 -1.445260406 -0.046676785 0.001941442 0.998908162 108.260520935
0.999089420 -0.001497806 0.042639613 0.442282677 0.001561788 0.999997675 -0.001467249 -1.463876843 -0.042637311 0.001532507 0.999089420 109.475341797
0.999251306 -0.000964441 0.038675740 0.479398727 0.000983128 0.999999404 -0.000464171 -1.485080004 -0.038675264 0.000501847 0.999251723 110.692749023
0.999413073 -0.000842400 0.034244385 0.514259100 0.000826382 0.999999464 0.000481920 -1.507576942 -0.034244776 -0.000453338 0.999413311 111.893875122
0.999555409 -0.000656121 0.029809872 0.544150591 0.000623347 0.999999106 0.001108723 -1.529267907 -0.029810579 -0.001089648 0.999554992 113.110954285
0.999690354 0.000063176 0.024884595 0.570556879 -0.000088988 0.999999404 0.001036142 -1.545349717 -0.024884511 -0.001038036 0.999689817 114.330932617
0.999802172 0.000743343 0.019876003 0.591915369 -0.000767514 0.999998987 0.001208505 -1.567700267 -0.019875083 -0.001223522 0.999801695 115.552574158
0.999888837 0.001067341 0.014872593 0.603931189 -0.001082315 0.999998927 0.000998775 -1.584537029 -0.014871511 -0.001014760 0.999888897 116.784439087
0.999946237 0.001846766 0.010206296 0.606687009 -0.001848578 0.999998271 0.000168100 -1.601712942 -0.010205969 -0.000186958 0.999947846 118.011161804
0.999971986 0.003676213 0.006528152 0.610926569 -0.003677530 0.999993205 0.000189728 -1.622948289 -0.006527411 -0.000213730 0.999978662 119.233222961
0.999977648 0.005459222 0.003850933 0.620745242 -0.005460155 0.999985099 0.000231703 -1.640508413 -0.003849610 -0.000252725 0.999992549 120.463294983
0.999970615 0.007051310 0.002974704 0.612241387 -0.007051587 0.999975145 0.000082383 -1.662545085 -0.002974049 -0.000103357 0.999995530 121.702407837
0.999955416 0.009296510 0.001657406 0.612007260 -0.009297048 0.999956727 0.000317083 -1.681470037 -0.001654387 -0.000332478 0.999998569 122.949737549
0.999945760 0.010354558 0.001141439 0.598267794 -0.010355933 0.999945581 0.001206073 -1.701208949 -0.001128889 -0.001217828 0.999998629 124.190727234
0.999947250 0.010263285 0.000492856 0.591410160 -0.010263986 0.999946296 0.001443292 -1.719185352 -0.000478017 -0.001448275 0.999998808 125.437606812
0.999902964 0.013913916 -0.000655760 0.582833230 -0.013911425 0.999896526 0.003663648 -1.736286521 0.000706667 -0.003654170 0.999993026 126.677993774
0.999886394 0.014972124 -0.001753204 0.577118278 -0.014959078 0.999862015 0.007231731 -1.755932570 0.001861236 -0.007204682 0.999972284 127.920158386
0.999903619 0.013677551 -0.002388439 0.573579490 -0.013660444 0.999881983 0.007037798 -1.774021864 0.002484416 -0.007004492 0.999972403 129.168273926
0.999906480 0.013403405 -0.002725048 0.560076296 -0.013389011 0.999896705 0.005233543 -1.779833794 0.002794913 -0.005196568 0.999982595 130.425369263
0.999936044 0.010739217 -0.003537871 0.552699327 -0.010718347 0.999925375 0.005865905 -1.786079884 0.003600604 -0.005827611 0.999976456 131.688705444
0.999957025 0.008171329 -0.004386449 0.543205619 -0.008139100 0.999940157 0.007315626 -1.791088104 0.004445964 -0.007279608 0.999963582 132.947891235
0.999976993 0.004873287 -0.004705204 0.534595430 -0.004828214 0.999942720 0.009543786 -1.805240750 0.004751445 -0.009520849 0.999943316 134.211242676
0.999982715 0.002667001 -0.005235797 0.530528486 -0.002611741 0.999941111 0.010532834 -1.813685179 0.005263582 -0.010518979 0.999930799 135.479141235
0.999987006 -0.001664879 -0.004815385 0.521421313 0.001705477 0.999962866 0.008439018 -1.820452809 0.004801158 -0.008447120 0.999952853 136.743301392
0.999981523 -0.003929777 -0.004639911 0.510800302 0.003965423 0.999962509 0.007698593 -1.832018495 0.004609484 -0.007716848 0.999959648 138.017578125
0.999974489 -0.005485276 -0.004570206 0.503752589 0.005518775 0.999957800 0.007350075 -1.843389034 0.004529697 -0.007375109 0.999962568 139.292602539
0.999977648 -0.005602443 -0.003654261 0.489737988 0.005628968 0.999957561 0.007289512 -1.849549055 0.003613265 -0.007309920 0.999966741 140.569290161
0.999978244 -0.005419701 -0.003765399 0.485765219 0.005455643 0.999938965 0.009601628 -1.862749696 0.003713132 -0.009621960 0.999946773 141.849716187
0.999989629 -0.003286556 -0.003166568 0.478124052 0.003321925 0.999931335 0.011229870 -1.875785470 0.003129444 -0.011240272 0.999931931 143.138015747
0.999992251 -0.003223770 -0.002241096 0.463397086 0.003244782 0.999950171 0.009435986 -1.883125186 0.002210566 -0.009443187 0.999952972 144.419937134
0.999995649 -0.002587721 -0.001398556 0.444966853 0.002598295 0.999967694 0.007612677 -1.894630790 0.001378812 -0.007616278 0.999970019 145.692062378
0.999996185 -0.002564344 -0.000938967 0.436412156 0.002569167 0.999983370 0.005172109 -1.906911492 0.000925690 -0.005174503 0.999986172 146.971588135
0.999992609 -0.003779588 -0.000718573 0.436358690 0.003780344 0.999992311 0.001054658 -1.924374223 0.000714582 -0.001057367 0.999999106 148.251968384
0.999992609 -0.003801642 -0.000456207 0.434606075 0.003800565 0.999990046 -0.002338585 -1.948629260 0.000465094 0.002336834 0.999997139 149.533401489
0.999990761 -0.004271748 -0.000475121 0.434774011 0.004270210 0.999985695 -0.003194730 -1.974055529 0.000488761 0.003192672 0.999994755 150.812988281
0.999990165 -0.004397149 -0.000538140 0.429973930 0.004395651 0.999986470 -0.002755658 -2.002015829 0.000550250 0.002753264 0.999996066 152.086547852
0.999992847 -0.003736080 -0.000608265 0.418666869 0.003734773 0.999990702 -0.002136631 -2.029001474 0.000616242 0.002134343 0.999997497 153.356964111
0.999994159 -0.003289708 -0.000915546 0.416171759 0.003288591 0.999993861 -0.001219687 -2.052334785 0.000919552 0.001216669 0.999998748 154.622207642
0.999995351 -0.002733555 -0.001431416 0.409792960 0.002732966 0.999996185 -0.000412994 -2.079808950 0.001432540 0.000409080 0.999998808 155.894332886
0.999993563 -0.002726485 -0.002292843 0.406988859 0.002725039 0.999996066 -0.000633942 -2.106042147 0.002294562 0.000627690 0.999997199 157.160736084
0.999993503 -0.002222740 -0.002853860 0.393751562 0.002222048 0.999997437 -0.000245290 -2.130637884 0.002854398 0.000238947 0.999995947 158.435256958
0.999989748 -0.002911541 -0.003469183 0.386781096 0.002914820 0.999995410 0.000940524 -2.153503895 0.003466429 -0.000950627 0.999993503 159.713165283
0.999990463 -0.001651334 -0.004030435 0.371466041 0.001657047 0.999997616 0.001414525 -2.176893473 0.004028090 -0.001421190 0.999990821 160.988204956
0.999986410 -0.001702157 -0.004920010 0.367859364 0.001703496 0.999998510 0.000267873 -2.193774223 0.004919547 -0.000276251 0.999987781 162.273864746
0.999982536 -0.001268837 -0.005774238 0.357672870 0.001265039 0.999998927 -0.000661435 -2.220995665 0.005775072 0.000654119 0.999983013 163.536102295
0.999980032 -0.000443754 -0.006301128 0.340093851 0.000439342 0.999999642 -0.000701574 -2.241614819 0.006301435 0.000698791 0.999979854 164.804412842
0.999974310 -0.000846973 -0.007117070 0.325363398 0.000836334 0.999998510 -0.001497696 -2.267553329 0.007118330 0.001491705 0.999973595 166.068710327
0.999964952 -0.000885472 -0.008316257 0.314576149 0.000866553 0.999996960 -0.002278325 -2.296416759 0.008318248 0.002271039 0.999962807 167.339035034
0.999961972 -0.000501493 -0.008707124 0.290714264 0.000481695 0.999997199 -0.002275753 -2.316230297 0.008708243 0.002271472 0.999959469 168.623031616
0.999954879 -0.000514913 -0.009484353 0.273612380 0.000509236 0.999999642 -0.000600969 -2.345819235 0.009484659 0.000596112 0.999954820 169.900741577
0.999946535 -0.000933080 -0.010292677 0.256491661 0.000929596 0.999999523 -0.000343199 -2.365662813 0.010292992 0.000333613 0.999946952 171.176223755
0.999943912 -0.000175082 -0.010583363 0.227349401 0.000173344 0.999999940 -0.000165074 -2.385267258 0.010583390 0.000163230 0.999943972 172.444732666
0.999935329 0.000035613 -0.011371165 0.204600453 -0.000033461 1.000000000 0.000189454 -2.408829212 0.011371167 -0.000189062 0.999935329 173.718109131
0.999927044 0.000200726 -0.012089523 0.182186842 -0.000210466 0.999999583 -0.000804434 -2.431020021 0.012089355 0.000806919 0.999926627 174.983993530
0.999918163 0.001198977 -0.012732482 0.156270027 -0.001216874 0.999998271 -0.001398052 -2.449532270 0.012730784 0.001413431 0.999917924 176.247528076
0.999913692 0.001285192 -0.013077012 0.132203341 -0.001299757 0.999998569 -0.001105342 -2.470749855 0.013075570 0.001122244 0.999913871 177.524337769
0.999912262 0.000990325 -0.013211547 0.105054379 -0.001016389 0.999997556 -0.001966250 -2.499745131 0.013209564 0.001979506 0.999910772 178.780700684
0.999912918 -0.000041607 -0.013195481 0.082007170 -0.000010069 0.999992311 -0.003916088 -2.518975973 0.013195544 0.003915881 0.999905288 180.045791626
0.999905050 -0.003056067 -0.013434898 0.062507391 0.003007437 0.999988794 -0.003638408 -2.544801712 0.013445871 0.003597658 0.999903142 181.312133789
0.999892771 -0.002887485 -0.014355496 0.044317961 0.002883326 0.999995768 -0.000310459 -2.564656734 0.014356335 0.000269034 0.999896884 182.573425293
0.999895394 -0.003661893 -0.013993409 0.016810179 0.003722758 0.999983668 0.004325985 -2.588892460 0.013977340 -0.004377628 0.999892712 183.834716797
0.999891400 -0.002865176 -0.014457124 -0.002357006 0.002918774 0.999988973 0.003687650 -2.605810165 0.014446399 -0.003729446 0.999888718 185.085937500
0.999906063 -0.001449435 -0.013628297 -0.039014339 0.001459072 0.999998689 0.000697256 -2.626408100 0.013627267 -0.000717075 0.999906838 186.329986572
0.999896049 -0.001222414 -0.014364547 -0.057023287 0.001205319 0.999998510 -0.001198661 -2.648303270 0.014365992 0.001181223 0.999896109 187.580886841
0.999900103 -0.001132510 -0.014089634 -0.087317705 0.001118618 0.999998868 -0.000993814 -2.668419361 0.014090748 0.000977954 0.999900222 188.822906494
0.999899685 -0.001231357 -0.014100445 -0.106530905 0.001233156 0.999999166 0.000118883 -2.691280603 0.014100288 -0.000136259 0.999900520 190.072952271
0.999905229 -0.001163807 -0.013714268 -0.135152578 0.001191409 0.999997258 0.002004677 -2.709183693 0.013711901 -0.002020826 0.999903977 191.316909790
0.999913275 -0.001787756 -0.013048686 -0.155360937 0.001828726 0.999993443 0.003128512 -2.734798908 0.013043005 -0.003152103 0.999909937 192.562347412
0.999937773 -0.001859622 -0.010998820 -0.187311888 0.001882068 0.999996185 0.002030762 -2.747750282 0.010995002 -0.002051336 0.999937415 193.798248291
0.999946892 -0.003060543 -0.009842108 -0.204975843 0.003069409 0.999994874 0.000885992 -2.772752523 0.009839345 -0.000916154 0.999951124 195.038024902
0.999955773 -0.003135224 -0.008856067 -0.217828155 0.003129602 0.999994874 -0.000648585 -2.793520451 0.008858054 0.000620840 0.999960601 196.279663086
0.999964178 -0.003664490 -0.007635406 -0.234266043 0.003653466 0.999992251 -0.001457249 -2.814678669 0.007640687 0.001429301 0.999969780 197.513931274
0.999972880 -0.003724191 -0.006351440 -0.245107055 0.003720930 0.999992907 -0.000525172 -2.839996338 0.006353351 0.000501524 0.999979615 198.738113403
0.999980271 -0.004051082 -0.004797717 -0.257322371 0.004057721 0.999990761 0.001374638 -2.865134239 0.004792102 -0.001394079 0.999987543 199.959518433
0.999988556 -0.003100414 -0.003639317 -0.269519985 0.003106527 0.999993801 0.001675052 -2.887696981 0.003634099 -0.001686339 0.999992013 201.177215576
0.999992609 -0.003128264 -0.002197498 -0.281810731 0.003131817 0.999993801 0.001615232 -2.905453682 0.002192431 -0.001622103 0.999996245 202.387939453
0.999996185 -0.002581282 -0.000968890 -0.293740809 0.002582652 0.999995589 0.001415792 -2.920044899 0.000965231 -0.001418289 0.999998510 203.588394165
0.999996305 -0.002675001 0.000443485 -0.306856066 0.002674276 0.999995112 0.001628292 -2.939521551 -0.000447839 -0.001627100 0.999998569 204.779129028
0.999996901 -0.002281162 0.000981235 -0.308824509 0.002279778 0.999996424 0.001409219 -2.959854126 -0.000984446 -0.001406977 0.999998510 205.971008301
0.999995410 -0.002398373 0.001833672 -0.317411184 0.002395777 0.999996066 0.001416099 -2.982007265 -0.001837061 -0.001411699 0.999997318 207.142898560
0.999991894 -0.003246023 0.002369051 -0.321456224 0.003242576 0.999993682 0.001457434 -3.002770185 -0.002373767 -0.001449741 0.999996126 208.310272217
0.999990225 -0.003459600 0.002714662 -0.326206923 0.003452797 0.999990880 0.002506738 -3.027886391 -0.002723309 -0.002497340 0.999993145 209.460876465
0.999989450 -0.003886868 0.002433367 -0.328677654 0.003878597 0.999986827 0.003394219 -3.045592308 -0.002446528 -0.003384745 0.999991238 210.593627930
0.999991953 -0.003594677 0.001849826 -0.332870871 0.003588770 0.999988496 0.003186860 -3.065999985 -0.001861261 -0.003180194 0.999993205 211.711059570
0.999993384 -0.003390139 0.001346798 -0.338359594 0.003387297 0.999992013 0.002107096 -3.083987951 -0.001353931 -0.002102520 0.999996901 212.810180664
0.999994576 -0.003201131 0.000796029 -0.340902299 0.003200148 0.999994040 0.001233788 -3.103885651 -0.000799974 -0.001231235 0.999998927 213.893096924
0.999995291 -0.003058200 0.000202053 -0.345678240 0.003057931 0.999994457 0.001320912 -3.127672195 -0.000206092 -0.001320288 0.999999106 214.972320557
0.999992430 -0.003730967 -0.001039116 -0.353068441 0.003732414 0.999992073 0.001393777 -3.149399281 0.001033908 -0.001397645 0.999998510 216.038024902
0.999987066 -0.004280123 -0.002725537 -0.357603610 0.004285861 0.999988616 0.002102576 -3.167141914 0.002716507 -0.002114230 0.999994040 217.092864990
0.999977410 -0.004960995 -0.004535481 -0.371252894 0.004976926 0.999981403 0.003507894 -3.182925224 0.004517993 -0.003530387 0.999983490 218.134506226
0.999964893 -0.004723585 -0.006904483 -0.379168987 0.004758714 0.999975741 0.005080141 -3.200283527 0.006880321 -0.005112820 0.999963164 219.157089233
0.999944925 -0.004519203 -0.009468446 -0.391528368 0.004568222 0.999976277 0.005161853 -3.216834307 0.009444893 -0.005204823 0.999941826 220.170349121
0.999917090 -0.004314260 -0.012127086 -0.408933640 0.004373231 0.999978662 0.004840433 -3.234811783 0.012105944 -0.004893064 0.999914706 221.164108276
0.999881148 -0.003928350 -0.014909060 -0.428890944 0.004001644 0.999980032 0.004889453 -3.252067089 0.014889558 -0.004948532 0.999876916 222.134292603
0.999825776 -0.003828906 -0.018268909 -0.445540190 0.003930463 0.999976993 0.005526351 -3.271404505 0.018247329 -0.005597193 0.999817848 223.082687378
0.999768794 -0.003372741 -0.021233704 -0.467764378 0.003485908 0.999979913 0.005294827 -3.289585114 0.021215416 -0.005367622 0.999760628 224.009994507
0.999707878 -0.002808708 -0.024004672 -0.497346401 0.002913148 0.999986410 0.004316975 -3.296490431 0.023992222 -0.004385644 0.999702513 224.916198730
0.999611318 -0.003654064 -0.027637441 -0.520256042 0.003758037 0.999986053 0.003710994 -3.316100121 0.027623497 -0.003813414 0.999611139 225.798538208
0.999531627 -0.002520418 -0.030498609 -0.558907986 0.002630236 0.999990165 0.003561187 -3.335719347 0.030489333 -0.003639738 0.999528468 226.653701782
0.999430120 -0.002322497 -0.033674169 -0.593541145 0.002418373 0.999993145 0.002806718 -3.351653337 0.033667415 -0.002886555 0.999428928 227.483398438
0.999347150 -0.000621741 -0.036123447 -0.629269123 0.000705239 0.999997139 0.002298757 -3.365871429 0.036121916 -0.002322732 0.999344707 228.301635742
0.999342918 0.000202517 -0.036245137 -0.670743465 -0.000092613 0.999995351 0.003033912 -3.382652998 0.036245577 -0.003028561 0.999338329 229.095123291
0.999332964 -0.000084493 -0.036520522 -0.695871353 0.000240699 0.999990880 0.004272837 -3.401026249 0.036519825 -0.004278776 0.999323726 229.877792358
0.999378204 0.000206205 -0.035262894 -0.739994526 -0.000049311 0.999990106 0.004450071 -3.408065796 0.035263468 -0.004445564 0.999368131 230.639663696
0.999391019 0.000307743 -0.034890037 -0.769155979 -0.000165515 0.999991655 0.004079286 -3.421618223 0.034891006 -0.004071027 0.999382794 231.383163452
0.999418378 0.000728947 -0.034092642 -0.802207947 -0.000653995 0.999997377 0.002209566 -3.435889959 0.034094162 -0.002185984 0.999416173 232.118255615
0.999445081 0.000944805 -0.033296831 -0.827313423 -0.000948096 0.999999523 -0.000083045 -3.448873997 0.033296730 0.000114567 0.999445498 232.845138550
0.999481738 0.001029103 -0.032172039 -0.852522373 -0.001081240 0.999998093 -0.001603203 -3.461356401 0.032170326 0.001637158 0.999481082 233.578826904
0.999521852 0.001763607 -0.030871348 -0.875601768 -0.001823007 0.999996543 -0.001896073 -3.476717710 0.030867897 0.001951445 0.999521613 234.303329468
0.999574542 0.001356700 -0.029136196 -0.900056839 -0.001425915 0.999996185 -0.002354948 -3.486679316 0.029132899 0.002395492 0.999572635 235.023086548
0.999625921 0.000862935 -0.027336255 -0.921294689 -0.000922686 0.999997199 -0.002173244 -3.506640911 0.027334305 0.002197654 0.999623895 235.737731934
0.999679744 0.000743242 -0.025292197 -0.941601276 -0.000806501 0.999996483 -0.002491017 -3.520255089 0.025290260 0.002510618 0.999677002 236.450958252
0.999727726 0.000373318 -0.023328710 -0.958730221 -0.000435184 0.999996364 -0.002646927 -3.535883904 0.023327637 0.002656359 0.999724269 237.160675049
0.999789715 0.000223525 -0.020504372 -0.976655006 -0.000266477 0.999997735 -0.002092029 -3.553049564 0.020503858 0.002097053 0.999787569 237.866271973
0.999845326 -0.000994158 -0.017560372 -0.984208345 0.000970190 0.999998689 -0.001373310 -3.568168640 0.017561710 0.001356061 0.999844790 238.567871094
0.999892652 -0.001537311 -0.014566666 -0.999646902 0.001518741 0.999998033 -0.001285813 -3.579369545 0.014568614 0.001263552 0.999893069 239.273468018
0.999932706 -0.001834732 -0.011453941 -1.009081721 0.001819549 0.999997377 -0.001335821 -3.593020439 0.011456367 0.001314890 0.999933541 239.972824097
0.999963820 -0.001900173 -0.008289659 -1.018348575 0.001885544 0.999996603 -0.001772116 -3.606435299 0.008293000 0.001756422 0.999964058 240.662185669
0.999985278 -0.001886366 -0.005085378 -1.025819540 0.001875386 0.999995828 -0.002163135 -3.618099689 0.005089438 0.002153567 0.999984682 241.353042603
0.999997139 -0.001052552 -0.002128340 -1.029281616 0.001046494 0.999995410 -0.002845470 -3.633060694 0.002131325 0.002843235 0.999993682 242.042892456
0.999999225 -0.001088922 0.000621438 -1.029714584 0.001090972 0.999993920 -0.003307802 -3.648877859 -0.000617833 0.003308477 0.999994338 242.736572266
0.999993742 -0.000946637 0.003402306 -1.027540445 0.000955169 0.999996364 -0.002506849 -3.660717964 -0.003399920 0.002510083 0.999991059 243.438735962
0.999982357 -0.000948801 0.005861768 -1.025971770 0.000959298 0.999997914 -0.001788190 -3.675595284 -0.005860059 0.001793782 0.999981225 244.141265869
0.999962986 -0.001164915 0.008536405 -1.024805784 0.001179627 0.999997795 -0.001718524 -3.691342354 -0.008534386 0.001728530 0.999962091 244.844940186
0.999938965 -0.001034542 0.010999019 -1.021272659 0.001073815 0.999993026 -0.003565336 -3.703054667 -0.010995254 0.003576929 0.999933183 245.551513672
0.999921918 -0.000871358 0.012473730 -1.010708809 0.000945995 0.999981642 -0.005978844 -3.716695070 -0.012468294 0.005990176 0.999904335 246.265991211
0.999909043 -0.001438588 0.013410782 -1.001482248 0.001542472 0.999968827 -0.007739156 -3.728349209 -0.013399232 0.007759138 0.999880135 246.980529785
0.999907434 -0.001654451 0.013503812 -0.994625330 0.001762305 0.999966562 -0.007978968 -3.744974136 -0.013490161 0.008002027 0.999876976 247.698715210
0.999904215 -0.002716252 0.013568368 -0.985725403 0.002831314 0.999960184 -0.008468134 -3.762437105 -0.013544825 0.008505738 0.999872088 248.423080444
0.999906600 -0.001551928 0.013574096 -0.979031324 0.001670117 0.999960780 -0.008699956 -3.778396606 -0.013560064 0.008721814 0.999870062 249.155929565
0.999900937 -0.000576562 0.014059530 -0.973224401 0.000707580 0.999956369 -0.009315627 -3.795283318 -0.014053544 0.009324653 0.999857783 249.900207520
0.999894857 -0.001802081 0.014383212 -0.965318918 0.001963133 0.999935448 -0.011190927 -3.813750744 -0.014362115 0.011217987 0.999833941 250.645385742
0.999872684 -0.005600065 0.014940302 -0.954530001 0.005801045 0.999892831 -0.013443040 -3.832215786 -0.014863418 0.013527997 0.999798059 251.394851685
0.999842882 -0.008745060 0.015417923 -0.940174103 0.008965405 0.999857783 -0.014280616 -3.849847794 -0.015290847 0.014416599 0.999779105 252.158584595
0.999849498 -0.006399636 0.016122350 -0.934750557 0.006566115 0.999925494 -0.010294356 -3.866354465 -0.016055267 0.010398670 0.999817014 252.934188843
0.999856770 -0.002059646 0.016798038 -0.934180260 0.002132557 0.999988377 -0.004323675 -3.880142212 -0.016788937 0.004358878 0.999849558 253.710754395
0.999841213 -0.003180640 0.017531568 -0.922244549 0.003193816 0.999994636 -0.000723600 -3.899592876 -0.017529175 0.000779478 0.999846041 254.500091553
0.999795794 -0.004197345 0.019774470 -0.905329704 0.004257204 0.999986470 -0.002985978 -3.913040161 -0.019761672 0.003069553 0.999799967 255.293869019
0.999702156 -0.003228277 0.024188412 -0.892489433 0.003452704 0.999951303 -0.009242262 -3.922898293 -0.024157397 0.009323023 0.999664664 256.090728760
0.999603689 -0.001032345 0.028131587 -0.880595207 0.001394359 0.999916434 -0.012852021 -3.937295675 -0.028115973 0.012886153 0.999521554 256.897155762
0.999514103 0.000973743 0.031153176 -0.857608795 -0.000577477 0.999918878 -0.012726413 -3.955316067 -0.031163037 0.012702241 0.999433517 257.716125488
0.999414325 -0.000759235 0.034212887 -0.827847481 0.001116452 0.999945104 -0.010423115 -3.974494457 -0.034203097 0.010455205 0.999360204 258.544433594
0.999303937 -0.004227012 0.037065040 -0.792795181 0.004496866 0.999963939 -0.007200247 -3.993819714 -0.037033267 0.007361912 0.999286950 259.378387451
0.999184787 -0.006578000 0.039830394 -0.757352829 0.006813459 0.999960065 -0.005778701 -4.011037350 -0.039790794 0.006045371 0.999189734 260.219329834
0.999063432 -0.006493398 0.042779684 -0.723451614 0.006712527 0.999965072 -0.004980602 -4.032704353 -0.042745847 0.005263098 0.999072134 261.059417725
0.998961508 -0.003760531 0.045406327 -0.691332817 0.004092988 0.999965429 -0.007231057 -4.048255444 -0.045377560 0.007409395 0.998942435 261.901245117
0.998856485 -0.003158611 0.047705129 -0.655601501 0.003613079 0.999948919 -0.009443388 -4.067643166 -0.047672864 0.009604953 0.998816729 262.741638184
0.998734057 -0.003097314 0.050206266 -0.614590645 0.003587226 0.999946833 -0.009670807 -4.087972164 -0.050173637 0.009838666 0.998692036 263.584960938
0.998583019 -0.002143626 0.053173415 -0.577426910 0.002549906 0.999968052 -0.007573973 -4.108544350 -0.053155486 0.007698828 0.998556554 264.427917480
0.998410046 -0.000568447 0.056364965 -0.537472725 0.000899364 0.999982476 -0.005845764 -4.130150795 -0.056360647 0.005887161 0.998393118 265.274353027
0.998252690 -0.000090278 0.059088480 -0.489205360 0.000446326 0.999981821 -0.006012513 -4.148293495 -0.059086859 0.006028381 0.998234689 266.122497559
0.998098016 -0.000020431 0.061647493 -0.441120148 0.000425016 0.999978423 -0.006549780 -4.166645050 -0.061646033 0.006563523 0.998076499 266.967590332
0.997942269 -0.002082857 0.064083725 -0.383506775 0.002527927 0.999973178 -0.006864826 -4.188211441 -0.064067699 0.007012699 0.997920930 267.812896729
0.997799814 -0.005046990 0.066106312 -0.332139969 0.005480025 0.999964654 -0.006370888 -4.203896523 -0.066071823 0.006719135 0.997792244 268.662841797
0.997731864 -0.006068522 0.067039594 -0.278917313 0.006511257 0.999958336 -0.006387543 -4.224944592 -0.066998042 0.006809567 0.997729897 269.514373779
0.997703552 -0.006313694 0.067437150 -0.219646454 0.006744530 0.999958217 -0.006162940 -4.244370937 -0.067395419 0.006603620 0.997704506 270.359283447
0.997683823 -0.007315463 0.067627877 -0.161870956 0.007733674 0.999952435 -0.005924248 -4.268354893 -0.067581326 0.006433539 0.997693062 271.228271484
0.997704446 -0.006986492 0.067358062 -0.107828140 0.007371292 0.999957860 -0.005465897 -4.284702301 -0.067317046 0.005949866 0.997713864 272.086883545
0.997732043 -0.006434761 0.067003146 -0.056224823 0.006802583 0.999962986 -0.005262908 -4.301968575 -0.066966809 0.005706766 0.997738898 272.940795898
0.997800827 -0.006868638 0.065925784 -0.004707336 0.007251795 0.999958158 -0.005574404 -4.329073906 -0.065884739 0.006040225 0.997808874 273.807342529
0.997917950 -0.006780055 0.064138234 0.048683167 0.007223078 0.999951601 -0.006677949 -4.345808029 -0.064089864 0.007127322 0.997918665 274.662017822
0.998026073 -0.006274527 0.062485479 0.100887299 0.006734166 0.999951720 -0.007148081 -4.368402481 -0.062437609 0.007554759 0.998020291 275.518341064
0.998123586 -0.005299100 0.061001677 0.142930984 0.005766517 0.999955297 -0.007488853 -4.390743256 -0.060959268 0.007826569 0.998109460 276.370178223
0.998244166 -0.004300531 0.059075546 0.193651199 0.004758836 0.999959588 -0.007619458 -4.413463593 -0.059040401 0.007887211 0.998224437 277.220672607
0.998359263 -0.003528212 0.057151880 0.236369133 0.003938918 0.999967158 -0.007075177 -4.433238983 -0.057125039 0.007288685 0.998340428 278.073699951
0.998534203 -0.003925409 0.053980831 0.278531075 0.004231176 0.999975622 -0.005551259 -4.454377174 -0.053957716 0.005771525 0.998526692 278.924224854
0.998745024 -0.005632821 0.049764886 0.322212219 0.005795418 0.999978304 -0.003123627 -4.475967884 -0.049746223 0.003408115 0.998756111 279.771423340
0.998971581 -0.006475172 0.044874664 0.356527328 0.006547673 0.999977469 -0.001468855 -4.493261337 -0.044864144 0.001761170 0.998991430 280.612609863
0.999166191 -0.007182335 0.040190369 0.386022568 0.007198924 0.999974072 -0.000268087 -4.510224819 -0.040187392 0.000557191 0.999191999 281.445922852
0.999347448 -0.007423665 0.035348371 0.409885406 0.007413907 0.999972403 0.000407107 -4.524893284 -0.035350423 -0.000144771 0.999374866 282.269622803
0.999494553 -0.008087063 0.030747278 0.429543495 0.008064675 0.999967039 0.000852117 -4.542149067 -0.030753164 -0.000603719 0.999526799 283.077514648
0.999620676 -0.008832544 0.026083875 0.444643497 0.008815281 0.999960840 0.000776766 -4.555135250 -0.026089719 -0.000546535 0.999659419 283.877960205
0.999710560 -0.009151597 0.022249922 0.453868866 0.009143019 0.999958038 0.000487227 -4.571817875 -0.022253446 -0.000283654 0.999752283 284.661254883
0.999793112 -0.008743532 0.018365668 0.463599205 0.008737741 0.999961734 0.000395540 -4.588024616 -0.018368425 -0.000234984 0.999831259 285.431793213
0.999861062 -0.008599031 0.014279537 0.471041918 0.008594297 0.999962926 0.000392778 -4.603687286 -0.014282386 -0.000270001 0.999897957 286.180816650
