1.000000000 0.000000000 0.000000000 0.000000000 0.000000000 1.000000000 0.000000000 0.000000000 0.000000000 0.000000000 1.000000000 0.000000000
0.999998144 0.000837327 0.001734997 -0.003052636 -0.000835240 0.999998928 -0.001202957 -0.012641531 -0.001736003 0.001201506 0.999997771 1.190756018
0.999993030 0.001657018 0.003345719 -0.015626080 -0.001653963 0.999998213 -0.000915499 -0.027333114 -0.003347230 0.000909959 0.999993984 2.393832317
0.999990897 0.000668129 0.004214129 -0.013346765 -0.000666065 0.999999658 -0.000491085 -0.051905347 -0.004214455 0.000488274 0.999991000 3.591656193
0.999985434 0.000425831 0.005380610 -0.012922264 -0.000423142 0.999999785 -0.000500922 -0.073045674 -0.005380822 0.000498638 0.999985399 4.791867573
0.999980217 0.000269537 0.006284382 -0.007991641 -0.000265042 0.999999709 -0.000716019 -0.089362988 -0.006284573 0.000714339 0.999979997 5.996128053
0.999978892 -0.000019480 0.006497379 0.002091493 0.000031067 0.999998410 -0.001783211 -0.112932794 -0.006497334 0.001783375 0.999977302 7.209184805
0.999972534 0.000138844 0.007410291 -0.003465303 -0.000123907 0.999997960 -0.002016136 -0.136321309 -0.007410556 0.002015162 0.999970511 8.430578789
0.999973339 -0.000442170 0.007288708 0.008302601 0.000443119 0.999999894 -0.000128517 -0.174584028 -0.007288651 0.000131743 0.999973429 9.624908755
0.999980505 -0.001340650 0.006098516 0.007862596 0.001336817 0.999998906 0.000632452 -0.197114638 -0.006099357 -0.000624287 0.999981204 10.807002258
0.999990067 -0.002266907 0.003837481 0.007935389 0.002266113 0.999997410 0.000211266 -0.224223816 -0.003837950 -0.000202568 0.999992615 11.995684880
0.999996314 -0.001931296 0.001908397 -0.002228615 0.001932332 0.999997987 -0.000540915 -0.238245976 -0.001907349 0.000544601 0.999998033 13.207648291
0.999998489 -0.001461869 0.000940739 -0.018463579 0.001462486 0.999998716 -0.000655583 -0.259199869 -0.000939779 0.000656958 0.999999343 14.386713351
0.999999733 -0.000238870 0.000691081 -0.031404891 0.000239401 0.999999676 -0.000768727 -0.284141680 -0.000690897 0.000768893 0.999999466 15.580048381
0.999999946 -0.000313988 0.000093288 -0.037235863 0.000314065 0.999999611 -0.000823901 -0.303246988 -0.000093029 0.000823930 0.999999656 16.764613041
0.999999299 -0.001077988 -0.000489041 -0.043037390 0.001077594 0.999999096 -0.000804161 -0.320074174 0.000489907 0.000803634 0.999999557 17.951703849
0.999998876 -0.001298084 -0.000750195 -0.059745452 0.001297307 0.999998623 -0.001035153 -0.332894137 0.000751538 0.001034178 0.999999183 19.200339250
0.999998030 -0.000531646 -0.001912679 -0.063321180 0.000528255 0.999998289 -0.001773027 -0.357585494 0.001913619 0.001772013 0.999996599 20.399654031
0.999996352 -0.001254610 -0.002392223 -0.077685108 0.001248589 0.999996054 -0.002516682 -0.385812339 0.002395371 0.002513686 0.999993972 21.560244087
0.999995729 -0.000967331 -0.002757782 -0.107373943 0.000962004 0.999997670 -0.001932267 -0.414777708 0.002759644 0.001929606 0.999994330 22.712538375
0.999992072 -0.001834625 -0.003534006 -0.118066690 0.001827410 0.999996242 -0.002043755 -0.438365168 0.003537742 0.002037281 0.999991667 23.924218229
0.999988929 -0.001633583 -0.004412827 -0.136698675 0.001620550 0.999994320 -0.002955368 -0.459675033 0.004417630 0.002948184 0.999985896 25.116462107
0.999989975 -0.000867633 -0.004392823 -0.170729042 0.000855860 0.999996039 -0.002681170 -0.470710560 0.004395132 0.002677383 0.999986757 26.328590387
0.999982083 -0.002733122 -0.005325850 -0.178295608 0.002728893 0.999995956 -0.000801188 -0.498803438 0.005328018 0.000786640 0.999985497 27.527292913
0.999977156 -0.002461984 -0.006294850 -0.189870214 0.002455900 0.999996510 -0.000974091 -0.516974554 0.006297227 0.000958609 0.999979713 28.730408546
0.999971271 -0.002725726 -0.007072986 -0.200300466 0.002713066 0.999994702 -0.001798857 -0.540964401 0.007077852 0.001779616 0.999973368 29.935888205
0.999967590 -0.003255979 -0.007363215 -0.224640908 0.003235993 0.999991052 -0.002724575 -0.567704420 0.007372021 0.002700660 0.999969179 31.118367733
0.999972574 -0.001741734 -0.007198426 -0.262965541 0.001722853 0.999995062 -0.002628355 -0.585799769 0.007202968 0.002615881 0.999970637 32.337762036
0.999970751 -0.002049978 -0.007368477 -0.286142253 0.002032043 0.999994957 -0.002440693 -0.607733058 0.007373443 0.002425649 0.999969874 33.553582531
0.999969238 -0.002055598 -0.007569454 -0.300057650 0.002040476 0.999995908 -0.002004962 -0.629263578 0.007573545 0.001989455 0.999969341 34.750925567
0.999964719 -0.001246461 -0.008307074 -0.314936246 0.001232248 0.999997769 -0.001715828 -0.658877854 0.008309195 0.001705531 0.999964024 35.955625383
0.999961732 -0.000351360 -0.008741314 -0.328354966 0.000337913 0.999998757 -0.001539767 -0.682012509 0.008741844 0.001536754 0.999960608 37.149960859
0.999961759 -0.000497110 -0.008731211 -0.347525063 0.000486521 0.999999144 -0.001214921 -0.696866076 0.008731808 0.001210626 0.999961144 38.383338076
0.999965386 -0.001025093 -0.008256931 -0.374448545 0.001026036 0.999999468 0.000110036 -0.725765731 0.008256814 -0.000118504 0.999965905 39.564638711
0.999968517 -0.000078744 -0.007934701 -0.391071254 0.000081537 0.999999935 0.000351780 -0.736603749 0.007934673 -0.000352415 0.999968458 40.787037443
0.999969108 0.001357164 -0.007742179 -0.407810965 -0.001358074 0.999999072 -0.000112281 -0.760356726 0.007742019 0.000122792 0.999970023 41.982215961
0.999968568 0.002914025 -0.007373714 -0.423403573 -0.002916836 0.999995677 -0.000370553 -0.776876021 0.007372602 0.000392050 0.999972745 43.189426422
0.999959877 0.006154317 -0.006509059 -0.441287538 -0.006145971 0.999980266 0.001301566 -0.794503685 0.006516941 -0.001261510 0.999977969 44.393626054
0.999957794 0.006851345 -0.006121207 -0.436613796 -0.006824621 0.999967137 0.004375984 -0.812425386 0.006150988 -0.004334024 0.999971690 45.584028516
0.999966754 0.006988712 -0.004201165 -0.453497749 -0.006960422 0.999953255 0.006711275 -0.822075337 0.004247872 -0.006681810 0.999968654 46.801282525
0.999973261 0.006778881 -0.002742954 -0.466357558 -0.006751002 0.999926723 0.010048547 -0.831643496 0.002810871 -0.010029761 0.999945750 48.013906205
0.999980621 0.006099096 -0.001248479 -0.474531954 -0.006085183 0.999922511 0.010860146 -0.835382485 0.001314619 -0.010852338 0.999940247 49.237979333
0.999984234 0.005614771 0.000078103 -0.468351853 -0.005615244 0.999944682 0.008893924 -0.829221817 -0.000028161 -0.008894223 0.999960445 50.449321070
0.999977730 0.006577295 0.001130487 -0.472937585 -0.006585147 0.999953194 0.007088403 -0.836815474 -0.001083812 -0.007095690 0.999974238 51.655619079
0.999978641 0.006255032 0.001895247 -0.483953359 -0.006267740 0.999957407 0.006774921 -0.854260327 -0.001852789 -0.006786655 0.999975254 52.851713280
0.999984104 0.005328283 0.001844306 -0.488715081 -0.005340289 0.999964178 0.006566958 -0.874117800 -0.001809249 -0.006576703 0.999976737 54.041532121
0.999987438 0.004814463 0.001394648 -0.489810524 -0.004822033 0.999973379 0.005476319 -0.895523402 -0.001368245 -0.005482975 0.999984032 55.247133923
0.999987407 0.004973234 -0.000672427 -0.489712497 -0.004969004 0.999968725 0.006152806 -0.913309557 0.000703005 -0.006149387 0.999980845 56.439706926
0.999988163 0.004519216 -0.001803131 -0.499535932 -0.004505898 0.999963034 0.007323142 -0.925141904 0.001836160 -0.007314930 0.999971560 57.646974013
0.999989412 0.003537369 -0.002943129 -0.506399143 -0.003515331 0.999965997 0.007459734 -0.935911870 0.002969417 -0.007449309 0.999967845 58.856118965
0.999982407 0.004495034 -0.003870491 -0.515156228 -0.004467461 0.999964791 0.007103375 -0.946097295 0.003902284 -0.007085959 0.999967280 60.041542976
0.999976251 0.005704241 -0.003867648 -0.535525422 -0.005675690 0.999956856 0.007353375 -0.962865285 0.003909426 -0.007331248 0.999965484 61.226972130
0.999980797 0.005001492 -0.003659404 -0.543350703 -0.004976551 0.999964541 0.006793359 -0.978890010 0.003693252 -0.006775017 0.999970229 62.437445625
0.999991888 0.003215781 -0.002425343 -0.588159693 -0.003199184 0.999971651 0.006816328 -1.017440114 0.002447194 -0.006808514 0.999973827 63.639359054
0.999994723 0.002380245 -0.002210873 -0.617173994 -0.002362673 0.999965871 0.007916774 -1.027028086 0.002229641 -0.007911509 0.999966218 64.826131106
0.999995230 0.002313579 -0.002046347 -0.634433758 -0.002294274 0.999953316 0.009386308 -1.040617964 0.002067967 -0.009381568 0.999953854 66.024623082
0.999992941 0.003012411 -0.002245785 -0.641852342 -0.002996340 0.999970127 0.007125152 -1.040222905 0.002267182 -0.007118373 0.999972094 67.224761890
0.999984313 0.005107874 -0.002298632 -0.641711060 -0.005094174 0.999969459 0.005927116 -1.050969528 0.002328837 -0.005915313 0.999979793 68.412243530
0.999963983 0.008120780 -0.002466854 -0.633507099 -0.008106474 0.999950581 0.005755022 -1.045725273 0.002513467 -0.005734817 0.999980397 69.611441985
0.999944452 0.010319857 -0.002143196 -0.646486662 -0.010306754 0.999928660 0.006037022 -1.061784316 0.002205345 -0.006014597 0.999979480 70.798125734
0.999929384 0.011770425 -0.001638195 -0.658247220 -0.011760263 0.999912360 0.006080231 -1.075280626 0.001709618 -0.006060536 0.999980173 71.983625238
0.999923302 0.012380630 -0.000331671 -0.671875482 -0.012378143 0.999901139 0.006670395 -1.081822159 0.000414222 -0.006665778 0.999977698 73.185365732
0.999891183 0.014591135 0.002172691 -0.686803551 -0.014605477 0.999870630 0.006738221 -1.086255890 -0.002074092 -0.006769221 0.999974938 74.369482660
0.999895394 0.013538387 0.005090467 -0.684794641 -0.013559559 0.999899462 0.004147878 -1.096397810 -0.005033799 -0.004216468 0.999978441 75.570317984
0.999897507 0.011545699 0.008465952 -0.690341272 -0.011540462 0.999933184 -0.000667208 -1.119692112 -0.008473090 0.000569439 0.999963941 76.752488260
0.999852664 0.012719694 0.011526498 -0.693453278 -0.012708408 0.999918692 -0.001051845 -1.139598526 -0.011538940 0.000905207 0.999933014 77.911285891
0.999843575 0.010366848 0.014330190 -0.685184276 -0.010402482 0.999942978 0.002414384 -1.149633912 -0.014304344 -0.002563076 0.999894403 79.113100685
0.999776953 0.011467804 0.017735071 -0.681375225 -0.011526746 0.999928365 0.003224829 -1.160843492 -0.017696819 -0.003428538 0.999837521 80.284137519
0.999693541 0.011089228 0.022132616 -0.666579491 -0.011127410 0.999936804 0.001602723 -1.178251210 -0.022113444 -0.001848511 0.999753759 81.436658880
0.999592340 0.010388225 0.026593966 -0.692740538 -0.010355632 0.999945450 -0.001363035 -1.211019765 -0.026606674 0.001087082 0.999645389 82.622724821
0.999496025 0.008910479 0.030468015 -0.670185498 -0.008763191 0.999949280 -0.004964302 -1.225406829 -0.030510704 0.004694803 0.999523414 83.772955759
0.999378333 0.008495719 0.034216524 -0.644929518 -0.008311952 0.999950278 -0.005509365 -1.269786246 -0.034261629 0.005221534 0.999399258 84.969468010
0.999255617 0.008132369 0.037710418 -0.605968262 -0.007994195 0.999960775 -0.003813423 -1.300144865 -0.037739951 0.003509119 0.999281433 86.156617540
0.999093411 0.008992855 0.041611115 -0.559141416 -0.008849137 0.999954232 -0.003636765 -1.312876594 -0.041641916 0.003265245 0.999127264 87.317994319
0.998908603 0.008471666 0.045932929 -0.522299447 -0.008213196 0.999949375 -0.005812933 -1.340111376 -0.045979849 0.005429333 0.998927613 88.476666218
0.998744273 0.008437721 0.049383021 -0.463593751 -0.008043639 0.999934245 -0.008173416 -1.368143641 -0.049448739 0.007765933 0.998746471 89.636891063
0.998565071 0.008850373 0.052815436 -0.408456700 -0.008414465 0.999928725 -0.008470085 -1.392548148 -0.052886635 0.008013517 0.998568369 90.798844295
0.998430521 0.007070439 0.055556314 -0.339289076 -0.006658941 0.999949035 -0.007588503 -1.413809955 -0.055607137 0.007206647 0.998426718 91.954719053
0.998254558 0.006794812 0.058665739 -0.284633805 -0.006438563 0.999959682 -0.006259403 -1.424560825 -0.058705905 0.005870754 0.998258058 93.210840223
0.998105872 0.005866337 0.061239317 -0.214789634 -0.005587245 0.999973216 -0.004727643 -1.446581730 -0.061265411 0.004376530 0.998111915 94.384060128
0.997964854 0.003575152 0.063666077 -0.135606195 -0.003337150 0.999987043 -0.003844245 -1.470495890 -0.063678996 0.003623958 0.997963853 95.535861328
0.997780854 0.002258982 0.066545209 -0.073318192 -0.001829707 0.999977129 -0.006511116 -1.494177735 -0.066558395 0.006374909 0.997762166 96.676806413
0.997629488 0.001609261 0.068795455 0.005809895 -0.000885833 0.999944009 -0.010544849 -1.510107133 -0.068808572 0.010458911 0.997575056 97.847084955
0.997470061 0.002652405 0.071038320 0.077252234 -0.001688031 0.999905655 -0.013631991 -1.532327852 -0.071067776 0.013477587 0.997380432 99.003870388
0.997340900 0.002705509 0.072827258 0.161953984 -0.001647734 0.999892340 -0.014580608 -1.567534284 -0.072858865 0.014421837 0.997237984 100.208552406
0.997342643 0.003259019 0.072780708 0.286168533 -0.002191124 0.999888845 -0.014747799 -1.578493461 -0.072820681 0.014549137 0.997238924 101.480259656
0.997399182 0.004137836 0.071956579 0.384172137 -0.003185697 0.999905918 -0.013341872 -1.601945692 -0.072005015 0.013077941 0.997318527 102.712636309
0.997436870 0.003389892 0.071471663 0.440021704 -0.002527193 0.999922902 -0.012157481 -1.631306508 -0.071507365 0.011945697 0.997368536 103.966422912
0.997578804 0.003937289 0.069433622 0.535586993 -0.003119157 0.999924477 -0.011887419 -1.641627588 -0.069475183 0.011642063 0.997515745 105.232247979
0.997734487 0.004664531 0.067112859 0.615883959 -0.003875631 0.999921917 -0.011880229 -1.662223002 -0.067163034 0.011593209 0.997674659 106.465769627
0.997916594 0.005466288 0.064285232 0.684576817 -0.004698259 0.999915847 -0.012092324 -1.693094115 -0.064345922 0.011765102 0.997858299 107.677537492
0.998122809 0.006854498 0.060859459 0.741946291 -0.006101321 0.999902595 -0.012552898 -1.728345083 -0.060939575 0.012158011 0.998067408 108.881789551
0.998341305 0.006837709 0.057165408 0.817430514 -0.006146825 0.999906038 -0.012252810 -1.760077530 -0.057243818 0.011881100 0.998289530 110.124771473
0.998538364 0.007254469 0.053558453 0.873801553 -0.006663567 0.999915039 -0.011203186 -1.794685096 -0.053635176 0.010829921 0.998501868 111.352050180
0.998753371 0.007492592 0.049351447 0.930445214 -0.006995049 0.999923035 -0.010246651 -1.832248632 -0.049424423 0.009888661 0.998728913 112.554564354
0.998943789 0.007752250 0.045290281 0.968861937 -0.007308283 0.999923690 -0.009960060 -1.854797603 -0.045364038 0.009618545 0.998924215 113.767950786
0.999121073 0.008609311 0.041023917 0.996393398 -0.008203293 0.999915796 -0.010055195 -1.890700374 -0.041107031 0.009709826 0.999107567 115.016045732
0.999309437 0.009372893 0.035955490 1.031153295 -0.009008522 0.999906553 -0.010282600 -1.917322932 -0.036048507 0.009951593 0.999300491 116.252241279
0.999471062 0.009328909 0.031153947 1.058312307 -0.009008088 0.999905109 -0.010422479 -1.955550081 -0.031248221 0.010136328 0.999460256 117.482839455
0.999599566 0.010353978 0.026334457 1.076946434 -0.010064182 0.999887597 -0.011113284 -1.989802334 -0.026446563 0.010843799 0.999591412 118.717226050
0.999658250 0.012539372 0.022937897 1.097034352 -0.012281416 0.999860136 -0.011352332 -2.015966695 -0.023077040 0.011066743 0.999672435 119.963499718
0.999668226 0.015096030 0.020869761 1.116305252 -0.014860008 0.999824384 -0.011418458 -2.048595223 -0.021038469 0.011104545 0.999716996 121.192194521
0.999652491 0.016767376 0.020340914 1.120083750 -0.016532293 0.999795217 -0.011670780 -2.087921385 -0.020532437 0.011330442 0.999724982 122.421396188
0.999637057 0.018961357 0.019136917 1.140222906 -0.018742922 0.999757854 -0.011529834 -2.120453525 -0.019350904 0.011166967 0.999750390 123.651188115
0.999639288 0.019642638 0.018315606 1.156465286 -0.019445582 0.999751764 -0.010875656 -2.149670263 -0.018524686 0.010515575 0.999773104 124.884186290
0.999652071 0.019688536 0.017552745 1.177628892 -0.019500518 0.999751307 -0.010819186 -2.177663896 -0.017761394 0.010473134 0.999787401 126.146468590
0.999582255 0.023285826 0.017119764 1.174239314 -0.023134023 0.999691750 -0.009012345 -2.201807892 -0.017324347 0.008612531 0.999812828 127.389475360
0.999575022 0.024215572 0.016229009 1.186539087 -0.024125667 0.999692610 -0.005712890 -2.230243526 -0.016362362 0.005318927 0.999851980 128.675925551
0.999596285 0.023463029 0.016023525 1.187626284 -0.023367165 0.999708071 -0.006143961 -2.254880438 -0.016163003 0.005767056 0.999852738 129.971714492
0.999599506 0.023365159 0.015965507 1.181888259 -0.023240125 0.999698121 -0.007972678 -2.273024995 -0.016146970 0.007598444 0.999840757 131.266113607
0.999661368 0.020780158 0.015663128 1.185928409 -0.020664640 0.999758323 -0.007501234 -2.286857035 -0.015815220 0.007175021 0.999849188 132.518649454
0.999722533 0.018625291 0.014420639 1.199829303 -0.018542556 0.999810958 -0.005849902 -2.310479548 -0.014526869 0.005580883 0.999878905 133.777728162
0.999794607 0.014726710 0.013923639 1.218044633 -0.014675096 0.999885087 -0.003801881 -2.337559417 -0.013978028 0.003596769 0.999895834 135.050926251
0.999819607 0.013493490 0.013367105 1.234392185 -0.013456806 0.999905447 -0.002830487 -2.359077281 -0.013404035 0.002650098 0.999906650 136.324806056
0.999867148 0.009191671 0.013461009 1.250049142 -0.009128904 0.999947205 -0.004716958 -2.382653831 -0.013503655 0.004593447 0.999898271 137.581716095
0.999886963 0.006282795 0.013659732 1.259113894 -0.006205286 0.999964449 -0.005709270 -2.412457265 -0.013695117 0.005623862 0.999890402 138.865131398
0.999894181 0.004871187 0.013707569 1.272655741 -0.004786273 0.999969197 -0.006220670 -2.436810636 -0.013737449 0.006154404 0.999886696 140.160330793
0.999895277 0.004001541 0.013907618 1.291513367 -0.003918952 0.999974556 -0.005960613 -2.462035580 -0.013931116 0.005905485 0.999885518 141.425560851
0.999895264 0.003517983 0.014038659 1.301912054 -0.003472024 0.999988538 -0.003296789 -2.501613322 -0.014050096 0.003247701 0.999896018 142.672202119
0.999874080 0.005951953 0.014710465 1.308179142 -0.005924501 0.999980628 -0.001909012 -2.526990800 -0.014721543 0.001821620 0.999889973 143.926094642
0.999863978 0.006047174 0.015344629 1.316991823 -0.005993505 0.999975769 -0.003541103 -2.556423289 -0.015365671 0.003448653 0.999875994 145.228089089
0.999853550 0.006702293 0.015746653 1.329407597 -0.006623330 0.999965256 -0.005061401 -2.585245040 -0.015780029 0.004956364 0.999863203 146.515408954
0.999849424 0.006674343 0.016018212 1.347635573 -0.006548653 0.999947459 -0.007886378 -2.607991189 -0.016070007 0.007780293 0.999840598 147.785219926
0.999847550 0.006309106 0.016281021 1.373947052 -0.006116500 0.999911045 -0.011852879 -2.646688853 -0.016354354 0.011751489 0.999797198 149.052177311
0.999835439 0.006786628 0.016823703 1.377249272 -0.006523580 0.999856384 -0.015641432 -2.680744604 -0.016927440 0.015529107 0.999736119 150.347751955
0.999834034 0.006714634 0.016935699 1.393579388 -0.006434526 0.999842498 -0.016540113 -2.720696318 -0.017044092 0.016428395 0.999719764 151.620308487
0.999825442 0.006796606 0.017403772 1.400365181 -0.006507814 0.999841084 -0.016596824 -2.753057096 -0.017513808 0.016480666 0.999710785 152.873105869
0.999826713 0.007352723 0.017102061 1.417444254 -0.007079693 0.999847393 -0.015970861 -2.804543781 -0.017216880 0.015847016 0.999726188 154.139902768
0.999825310 0.008163597 0.016813851 1.430178161 -0.007916575 0.999860520 -0.014706082 -2.852520174 -0.016931560 0.014570404 0.999750482 155.444875645
0.999829336 0.008838736 0.016222698 1.450721001 -0.008607132 0.999860829 -0.014291285 -2.894086024 -0.016346757 0.014149215 0.999766264 156.742551610
0.999836846 0.008856277 0.015743188 1.463942481 -0.008629964 0.999859280 -0.014385563 -2.944842169 -0.015868375 0.014247353 0.999772578 157.967224934
0.999850248 0.008887409 0.014849099 1.473154462 -0.008677470 0.999862325 -0.014143310 -2.987371312 -0.014972752 0.014012339 0.999789713 159.236640259
0.999867829 0.007917525 0.014199878 1.485128002 -0.007732339 0.999884958 -0.013049201 -3.023936701 -0.014301562 0.012937678 0.999814024 160.485786463
0.999855613 0.009760374 0.013909986 1.486911773 -0.009587322 0.999876487 -0.012453683 -3.070586235 -0.014029821 0.012318525 0.999825694 161.742050564
0.999865694 0.009901836 0.013059424 1.502728873 -0.009724322 0.999860407 -0.013586918 -3.111315773 -0.013192136 0.013458100 0.999822408 163.020154932
0.999862163 0.011183863 0.012270976 1.505561864 -0.011006197 0.999834990 -0.014451850 -3.164868717 -0.012430578 0.014314802 0.999820267 164.244228159
0.999864615 0.011769425 0.011499259 1.522003242 -0.011600527 0.999825451 -0.014645650 -3.200242208 -0.011669622 0.014510270 0.999826621 165.482337129
0.999880216 0.011461314 0.010401538 1.533449734 -0.011298905 0.999815395 -0.015540610 -3.232972245 -0.010577733 0.015421222 0.999825133 166.751326870
0.999885987 0.011533836 0.009745955 1.541578378 -0.011368264 0.999792947 -0.016876787 -3.270658747 -0.009938591 0.016764068 0.999810077 168.000396096
0.999877239 0.012713955 0.009157685 1.555781704 -0.012559472 0.999781099 -0.016733627 -3.306126886 -0.009368431 0.016616557 0.999818045 169.300160380
0.999891571 0.012112768 0.008374162 1.567609497 -0.011981217 0.999806765 -0.015584732 -3.349714796 -0.008561318 0.015482709 0.999843483 170.580003498
0.999891348 0.012310061 0.008108912 1.567048791 -0.012184012 0.999806950 -0.015414700 -3.385009020 -0.008297102 0.015314226 0.999848305 171.853962307
0.999892189 0.012651180 0.007453669 1.555215927 -0.012538510 0.999809269 -0.014973695 -3.434806701 -0.007641682 0.014878623 0.999860106 173.132514005
0.999883256 0.013730850 0.006703615 1.559786565 -0.013630950 0.999798631 -0.014727366 -3.475003856 -0.006904484 0.014634270 0.999869075 174.401212543
0.999880962 0.014161885 0.006123902 1.560309909 -0.014066397 0.999783014 -0.015364319 -3.533789699 -0.006340161 0.015276349 0.999863208 175.690355783
0.999868042 0.015073446 0.006057216 1.530953084 -0.014974220 0.999758158 -0.016105874 -3.564216926 -0.006298522 0.016013047 0.999851945 176.931136471
0.999865160 0.015412381 0.005667465 1.543907220 -0.015321915 0.999759763 -0.015673400 -3.604861053 -0.005907668 0.015584450 0.999861103 178.255573417
0.999875066 0.014892362 0.005298036 1.552610451 -0.014802574 0.999752613 -0.016601098 -3.649928808 -0.005543955 0.016520599 0.999848156 179.534116655
0.999891358 0.013888611 0.004937402 1.564810446 -0.013793438 0.999727853 -0.018813870 -3.680023420 -0.005197357 0.018743722 0.999810812 180.838946493
0.999930999 0.010807999 0.004602628 1.568101363 -0.010721301 0.999772076 -0.018462100 -3.727282601 -0.004801118 0.018411480 0.999818967 182.107920535
0.999926400 0.011180559 0.004710604 1.558713319 -0.011110339 0.999830541 -0.014678192 -3.772955626 -0.004873916 0.014624775 0.999881173 183.376226825
0.999930762 0.010607143 0.005095129 1.556239078 -0.010554020 0.999890819 -0.010342307 -3.813473462 -0.005204275 0.010287817 0.999933536 184.682712396
0.999918133 0.011953325 0.004565614 1.560895669 -0.011902462 0.999868552 -0.011009528 -3.849149026 -0.004696614 0.010954285 0.999928970 185.933417693
0.999911424 0.012449981 0.004705606 1.564674528 -0.012381149 0.999819886 -0.014384141 -3.877933557 -0.004883840 0.014324606 0.999885470 187.174312832
0.999907248 0.012961697 0.004181990 1.564850030 -0.012892009 0.999784334 -0.016281316 -3.915797562 -0.004392121 0.016225892 0.999858705 188.417540255
0.999911719 0.012640036 0.004096678 1.558961613 -0.012573175 0.999793656 -0.015954927 -3.958209865 -0.004297503 0.015902011 0.999864320 189.669411873
0.999913010 0.012315685 0.004721954 1.539561090 -0.012244933 0.999816517 -0.014730697 -4.008256143 -0.004902507 0.014671595 0.999880348 190.951620536
0.999908358 0.012578036 0.005006801 1.533975818 -0.012514263 0.999842668 -0.012571062 -4.054063932 -0.005164133 0.012507253 0.999908446 192.229807793
0.999914198 0.011581090 0.006121759 1.536211013 -0.011509575 0.999866579 -0.011591153 -4.097309462 -0.006255180 0.011519700 0.999914081 193.482704238
0.999892470 0.012273303 0.008025890 1.527840968 -0.012173240 0.999849018 -0.012399713 -4.130597687 -0.008176863 0.012300678 0.999890910 194.759045251
0.999885812 0.011407350 0.009911354 1.513017185 -0.011270377 0.999841706 -0.013767435 -4.180959493 -0.010066835 0.013654158 0.999856101 196.037298875
0.999862039 0.012201526 0.011270525 1.512345696 -0.012027465 0.999809307 -0.015384719 -4.216273913 -0.011456093 0.015247040 0.999818126 197.298296177
0.999853097 0.011407531 0.012792674 1.524728261 -0.011203213 0.999810327 -0.015931010 -4.258232895 -0.012971981 0.015785350 0.999791253 198.519259992
0.999826429 0.011726682 0.014477476 1.544385375 -0.011503466 0.999815141 -0.015406319 -4.294882267 -0.014655464 0.015237104 0.999776499 199.767874733
0.999803390 0.011282582 0.016305966 1.556433996 -0.011063729 0.999848333 -0.013450126 -4.338065910 -0.016455245 0.013267077 0.999776580 200.991738147
0.999778815 0.012036157 0.017246783 1.571919556 -0.011807404 0.999841776 -0.013304478 -4.373483966 -0.017404189 0.013097896 0.999762742 202.211945652
0.999767526 0.011979384 0.017927298 1.597478262 -0.011737134 0.999839202 -0.013557641 -4.406001007 -0.018086828 0.013344074 0.999747369 203.436852509
0.999748595 0.011564014 0.019209878 1.597210375 -0.011298355 0.999839823 -0.013880749 -4.444480980 -0.019367318 0.013660219 0.999719113 204.637028554
0.999728712 0.011000135 0.020530473 1.605100269 -0.010721690 0.999849709 -0.013623681 -4.486660875 -0.020677250 0.013399864 0.999696401 205.839241358
0.999703853 0.011175408 0.021617484 1.610322724 -0.010873376 0.999842324 -0.014039098 -4.525215679 -0.021770968 0.013799885 0.999667739 207.043384861
0.999689866 0.011505455 0.022086130 1.631611758 -0.011190454 0.999834650 -0.014333390 -4.558212674 -0.022247390 0.014081791 0.999653318 208.244941475
0.999683146 0.010551633 0.022853230 1.642039490 -0.010217623 0.999839988 -0.014683256 -4.589631469 -0.023004505 0.014445098 0.999630998 209.418532351
0.999671149 0.011090562 0.023121257 1.660331818 -0.010770933 0.999845334 -0.013903075 -4.628517472 -0.023271874 0.013649465 0.999635990 210.580897325
0.999694301 0.010071287 0.022580395 1.680463294 -0.009776848 0.999866232 -0.013112279 -4.663823410 -0.022709432 0.012887506 0.999659039 211.730367994
0.999717043 0.010502767 0.021343058 1.704459741 -0.010225697 0.999862561 -0.013049710 -4.701550230 -0.021477182 0.012827770 0.999687041 212.850271325
0.999732387 0.011046746 0.020325457 1.744195469 -0.010763242 0.999843992 -0.014005142 -4.739757374 -0.020476997 0.013782626 0.999695319 213.970309713
0.999742348 0.011340079 0.019663165 1.763561925 -0.011055949 0.999833761 -0.014498868 -4.780171871 -0.019824315 0.014277738 0.999701527 215.065308357
0.999758307 0.011391970 0.018802938 1.784261973 -0.011111579 0.999826503 -0.014949785 -4.812669332 -0.018969984 0.014737241 0.999711435 216.136300661
0.999781500 0.010952230 0.017804532 1.792960571 -0.010685975 0.999830671 -0.014981315 -4.849640229 -0.017965596 0.014787783 0.999729243 217.205961313
0.999806911 0.010452806 0.016639721 1.795923680 -0.010227422 0.999855578 -0.013572846 -4.897276617 -0.016779192 0.013400044 0.999769422 218.246994579
0.999839976 0.009848472 0.014934179 1.802526810 -0.009663554 0.999876368 -0.012404249 -4.922282465 -0.015054495 0.012257947 0.999811535 219.302381571
0.999851811 0.010625310 0.013544727 1.803476430 -0.010478751 0.999886276 -0.010845820 -4.955304487 -0.013658427 0.010702281 0.999849443 220.347798000
0.999876680 0.011222180 0.010985754 1.817460259 -0.011100732 0.999877281 -0.011054292 -4.981746114 -0.011108459 0.010930979 0.999878551 221.366785378
0.999894330 0.011728051 0.008589614 1.815936625 -0.011626676 0.999863271 -0.011758368 -5.007840725 -0.008726343 0.011657257 0.999893974 222.367661104
0.999912744 0.011808130 0.005922207 1.819501513 -0.011735873 0.999858030 -0.012090850 -5.031444102 -0.006064136 0.012020293 0.999909365 223.361441658
0.999924141 0.011942722 0.003013748 1.811959198 -0.011906976 0.999861678 -0.011612432 -5.062282130 -0.003152015 0.011575666 0.999928032 224.299871674
0.999921289 0.012545522 0.000157541 1.804385365 -0.012542772 0.999851000 -0.011859856 -5.097405412 -0.000306305 0.011856946 0.999929657 225.225983947
0.999921266 0.012200466 -0.002934213 1.794871306 -0.012235095 0.999852072 -0.012088687 -5.129423385 0.002786291 0.012123636 0.999922624 226.140988277
0.999905937 0.012344305 -0.005977970 1.785172445 -0.012421006 0.999838760 -0.012968159 -5.155604793 0.005816923 0.013041191 0.999898040 227.025182691
0.999867707 0.013127372 -0.009604184 1.777368286 -0.013250488 0.999829384 -0.012869634 -5.193823461 0.009433601 0.012995192 0.999871058 227.887198191
0.999830590 0.013411739 -0.012606248 1.757543651 -0.013585699 0.999812247 -0.013816629 -5.220551108 0.012418576 0.013985553 0.999825076 228.713385984
0.999771980 0.014948450 -0.015249003 1.739593953 -0.015157393 0.999791536 -0.013679833 -5.252951047 0.015041332 0.013907849 0.999790143 229.533996052
0.999745348 0.015586318 -0.016318900 1.730349785 -0.015802041 0.999788339 -0.013174735 -5.283158356 0.016110101 0.013429252 0.999780036 230.339218559
0.999746184 0.015533437 -0.016318074 1.711873997 -0.015735166 0.999800445 -0.012307521 -5.308645740 0.016123639 0.012561165 0.999791101 231.116828520
0.999729209 0.016067656 -0.016832672 1.714966073 -0.016274466 0.999792859 -0.012222128 -5.325129707 0.016632804 0.012492762 0.999783617 231.896762493
0.999736320 0.015953472 -0.016515969 1.695854712 -0.016167114 0.999786293 -0.012883793 -5.350529979 0.016306898 0.013147412 0.999780591 232.631111970
0.999727335 0.016616575 -0.016405636 1.680144167 -0.016859044 0.999749021 -0.014753584 -5.379619401 0.016156365 0.015026144 0.999756564 233.364151127
0.999734556 0.016729084 -0.015841556 1.670602882 -0.017000142 0.999708679 -0.017133382 -5.403715313 0.015550315 0.017398143 0.999727709 234.094598952
0.999743076 0.017120652 -0.014854832 1.659931862 -0.017393629 0.999678553 -0.018445912 -5.431036158 0.014534251 0.018699552 0.999719502 234.827435212
0.999739671 0.018419946 -0.013464618 1.644073684 -0.018676716 0.999641211 -0.019199709 -5.450108925 0.013106130 0.019446186 0.999725000 235.546816978
0.999772095 0.017734809 -0.011884189 1.635967818 -0.017962467 0.999651760 -0.019331558 -5.480306240 0.011537209 0.019540622 0.999742495 236.275998732
0.999788386 0.017913856 -0.010113208 1.624921177 -0.018106921 0.999649125 -0.019333022 -5.507734674 0.009763330 0.019512050 0.999761950 236.992089362
0.999793177 0.018755946 -0.007862406 1.611871340 -0.018908765 0.999624443 -0.019835118 -5.530561320 0.007487427 0.019979684 0.999772349 237.705185432
0.999816506 0.018253094 -0.005811999 1.603532708 -0.018368536 0.999621701 -0.020470738 -5.553441784 0.005436146 0.020573739 0.999773559 238.428989578
0.999828097 0.018277557 -0.003115787 1.604211725 -0.018336344 0.999631472 -0.020017460 -5.583590227 0.002748769 0.020071151 0.999794776 239.129912022
0.999852318 0.017179127 0.000468890 1.601783955 -0.017166863 0.999665919 -0.019322246 -5.611750889 -0.000800673 0.019311343 0.999813198 239.815322554
0.999855323 0.016582156 0.003790255 1.596916823 -0.016506527 0.999679733 -0.019182436 -5.635615095 -0.004107127 0.019117096 0.999808816 240.516956229
0.999845998 0.016108054 0.006964981 1.601483193 -0.015972456 0.999689900 -0.019104547 -5.665429201 -0.007270558 0.018990357 0.999793231 241.217961017
0.999820613 0.016125896 0.009934641 1.604938259 -0.015928441 0.999680151 -0.019643861 -5.687898099 -0.010248238 0.019482094 0.999757681 241.909455814
0.999785403 0.016017707 0.013137032 1.609552803 -0.015753552 0.999676450 -0.019970504 -5.712567043 -0.013452663 0.019759263 0.999714258 242.590419389
0.999721927 0.017607714 0.015685554 1.628209420 -0.017277517 0.999631361 -0.020943495 -5.731986599 -0.016048539 0.020666664 0.999657608 243.298332170
0.999677137 0.017212095 0.018691321 1.637443093 -0.016803929 0.999621580 -0.021778984 -5.756066463 -0.019059110 0.021457865 0.999588070 243.986095313
0.999608576 0.017811787 0.021573952 1.652852365 -0.017360033 0.999629813 -0.020949127 -5.782693736 -0.021939107 0.020566403 0.999547747 244.697648660
0.999541735 0.018181718 0.024202173 1.670871394 -0.017685259 0.999631958 -0.020571368 -5.805424695 -0.024567288 0.020133919 0.999495410 245.418514437
0.999487031 0.017320911 0.026938101 1.686491311 -0.016768386 0.999647100 -0.020603314 -5.833153963 -0.027285463 0.020141037 0.999424756 246.127437382
0.999413025 0.017658327 0.029356231 1.700684698 -0.017002391 0.999603481 -0.022445467 -5.857599674 -0.029740940 0.021933166 0.999316973 246.829795326
0.999336516 0.018530935 0.031354951 1.713711376 -0.017754492 0.999533200 -0.024862825 -5.883281799 -0.031801046 0.024289638 0.999199033 247.532908736
0.999298502 0.018403546 0.032616159 1.734319401 -0.017545104 0.999497131 -0.026413168 -5.907937190 -0.033085853 0.025822385 0.999118877 248.248227998
0.999288300 0.018970983 0.032603611 1.759486266 -0.018100070 0.999476860 -0.026802858 -5.933817263 -0.033095032 0.026193655 0.999108909 248.971491066
0.999296541 0.018372684 0.032693552 1.778414158 -0.017490717 0.999480745 -0.027061336 -5.973640031 -0.033173765 0.026470466 0.999099002 249.676365315
0.999285927 0.019526941 0.032347096 1.804359135 -0.018642921 0.999450443 -0.027409004 -6.010979323 -0.032864534 0.026786388 0.999100802 250.439993403
0.999248667 0.020334599 0.032994018 1.818782023 -0.019426298 0.999429711 -0.027620145 -6.047196805 -0.033536847 0.026958442 0.999073832 251.168158528
0.999240019 0.020109995 0.033391217 1.837776399 -0.019122534 0.999377912 -0.029633034 -6.083943567 -0.033966365 0.028971989 0.999002958 251.928791118
0.999305999 0.015879144 0.033695304 1.864675902 -0.014806121 0.999382704 -0.031858905 -6.116281657 -0.034180396 0.031337898 0.998924240 252.685177804
0.999317598 0.013028137 0.034563065 1.888596321 -0.011898768 0.999394955 -0.032682472 -6.147676085 -0.034967945 0.032248912 0.998867985 253.446540974
0.999249072 0.015819057 0.035370169 1.915564677 -0.014791426 0.999466218 -0.029128887 -6.164302839 -0.035812080 0.028583838 0.998949678 254.196621663
0.999143910 0.019403687 0.036536877 1.916601730 -0.018569741 0.999562354 -0.023027469 -6.192780684 -0.036967704 0.022329275 0.999066961 254.953959854
0.999099910 0.019107936 0.037871588 1.940264230 -0.018380437 0.999641560 -0.019465627 -6.229279723 -0.038229961 0.018752009 0.999093005 255.743057589
0.999027181 0.018215535 0.040160746 1.972929024 -0.017355274 0.999614614 -0.021666042 -6.257937579 -0.040539927 0.020947964 0.998958306 256.529210525
0.998831280 0.019062046 0.044415222 2.002215674 -0.017834289 0.999452257 -0.027876931 -6.285901292 -0.044922285 0.027052236 0.998624136 257.329683255
0.998596269 0.021452363 0.048428176 2.028887548 -0.019933028 0.999300520 -0.031640886 -6.315687368 -0.049073073 0.030631150 0.998325381 258.133169844
0.998407837 0.023329727 0.051356741 2.070035630 -0.021732490 0.999269263 -0.031442621 -6.350900361 -0.052052761 0.030276449 0.998185277 258.945426260
0.998267996 0.021674571 0.054692062 2.113881043 -0.020113527 0.999378963 -0.028933267 -6.391456225 -0.055285213 0.027783105 0.998083987 259.762743174
0.998176502 0.018719335 0.057386913 2.166251066 -0.017250775 0.999513607 -0.025980003 -6.424688118 -0.057845328 0.024942660 0.998013919 260.596077310
0.998035378 0.016167601 0.060530921 2.216657787 -0.014723850 0.999598170 -0.024222022 -6.465816864 -0.060898210 0.023283186 0.997872387 261.437420907
0.997841297 0.016133041 0.063659016 2.264550710 -0.014660701 0.999615668 -0.023528279 -6.501548059 -0.064014132 0.022544203 0.997694317 262.272480092
0.997623237 0.018969859 0.066242136 2.312747319 -0.017287415 0.999515569 -0.025879947 -6.533144608 -0.066700985 0.024673281 0.997467898 263.124926036
0.997466277 0.020513925 0.068119053 2.379349137 -0.018621311 0.999425910 -0.028303663 -6.564541932 -0.068660566 0.026963483 0.997275638 263.986435876
0.997258548 0.020928209 0.070974638 2.426902374 -0.018956171 0.999418420 -0.028345809 -6.600161725 -0.071526588 0.026922693 0.997075281 264.822226500
0.997048712 0.021119262 0.073809499 2.483175095 -0.019240691 0.999474919 -0.026070726 -6.653232545 -0.074321338 0.024573638 0.996931530 265.681727777
0.996735302 0.023556954 0.077225692 2.537282884 -0.021699891 0.999456917 -0.024798906 -6.683931748 -0.077767939 0.023042156 0.996705175 266.517554357
0.996462797 0.024394819 0.080416334 2.590056112 -0.022426052 0.999428448 -0.025295235 -6.708576512 -0.080987445 0.023402340 0.996440347 267.365369764
0.996265465 0.024582761 0.082769627 2.661890249 -0.022520527 0.999414515 -0.025757568 -6.744554533 -0.083354359 0.023797360 0.996235784 268.209740804
0.996060616 0.022802116 0.085693133 2.726143885 -0.020606788 0.999438609 -0.026416412 -6.778724527 -0.086247375 0.024546487 0.995971315 269.052904691
0.995949391 0.019864719 0.087693806 2.811986281 -0.017628352 0.999501191 -0.026203262 -6.810157594 -0.088170584 0.024551226 0.995802784 269.926794275
0.995859832 0.019482956 0.088789696 2.891113208 -0.017199750 0.999503276 -0.026407777 -6.844201681 -0.089260094 0.024771284 0.995700266 270.793904495
0.995806167 0.019020231 0.089489151 2.966795216 -0.016709207 0.999509067 -0.026503343 -6.879893738 -0.089949318 0.024896899 0.995635106 271.644570662
0.995755327 0.019173941 0.090020496 3.038850126 -0.016843478 0.999504861 -0.026576885 -6.912161381 -0.090485507 0.024947816 0.995585245 272.491634062
0.995729983 0.020118279 0.090094706 3.103443815 -0.017808738 0.999493724 -0.026365586 -6.941992186 -0.090579523 0.024648532 0.995584150 273.341587563
0.995747330 0.020696120 0.089771520 3.170085568 -0.018392795 0.999481987 -0.026409517 -6.971572857 -0.090271592 0.024646057 0.995612179 274.218357130
0.995874494 0.020641480 0.088362445 3.244463429 -0.018298067 0.999461194 -0.027248910 -7.007095123 -0.088877293 0.025519633 0.995715610 275.067927599
0.996005971 0.020976710 0.086787576 3.313383073 -0.018589851 0.999428868 -0.028219777 -7.043665136 -0.087329967 0.026493699 0.995827074 275.925231352
0.996101128 0.022299654 0.085353787 3.378033582 -0.019917664 0.999390820 -0.028657918 -7.094631467 -0.085940853 0.026846136 0.995938479 276.762678193
0.996196692 0.023858401 0.083802906 3.442098783 -0.021479438 0.999343496 -0.029175511 -7.128255084 -0.084443971 0.027264508 0.996055150 277.619211133
0.996323757 0.025054836 0.081922070 3.514153102 -0.022709056 0.999308499 -0.029441863 -7.168833782 -0.082603082 0.027473254 0.996203770 278.485835298
0.996452436 0.025453157 0.080216449 3.565948969 -0.023205418 0.999314941 -0.028829811 -7.204025633 -0.080895306 0.026866079 0.996360458 279.322763033
0.996676868 0.025338629 0.077415599 3.628718760 -0.023269820 0.999350653 -0.027509761 -7.242827472 -0.078062389 0.025616896 0.996619304 280.184687315
0.996994376 0.024251101 0.073580562 3.692053246 -0.022448850 0.999429772 -0.025222625 -7.279690166 -0.074150280 0.023495016 0.996970270 281.039215143
0.997347829 0.023976351 0.068720030 3.744620584 -0.022384956 0.999465260 -0.023835013 -7.308353463 -0.069254760 0.022233504 0.997351217 281.885738340
0.997629900 0.023680688 0.064605011 3.779541000 -0.022242928 0.999490659 -0.022883931 -7.338649664 -0.065114013 0.021392689 0.997648494 282.708747549
0.997914365 0.023145559 0.060259466 3.820474728 -0.021853144 0.999518687 -0.022018977 -7.372111801 -0.060740103 0.020656195 0.997939859 283.535906864
0.998170342 0.022449473 0.056142579 3.858172948 -0.021280015 0.999545737 -0.021342003 -7.407808139 -0.056596192 0.020108240 0.998194635 284.323304574
0.998402548 0.022241591 0.051939036 3.882738581 -0.021134252 0.999539538 -0.021772807 -7.431235449 -0.052399382 0.020640333 0.998412881 285.118323944
0.998596139 0.021523039 0.048399485 3.899013483 -0.020484670 0.999551403 -0.021848803 -7.469409649 -0.048848026 0.020826683 0.998589064 285.902769029
0.998738240 0.022397909 0.044947312 3.919712547 -0.021417737 0.999524739 -0.022171536 -7.497887116 -0.045422546 0.021180892 0.998743291 286.671527952
0.998864473 0.023475650 0.041456714 3.937212233 -0.022572887 0.999500647 -0.022111577 -7.533843899 -0.041955096 0.021150671 0.998895600 287.405821975
