1.000000000 0.000000000 0.000000000 0.000000000 0.000000000 1.000000000 0.000000000 0.000000000 0.000000000 0.000000000 1.000000000 0.000000000
0.999978244 0.000438460 -0.006580345 -0.006674884 -0.000435276 0.999999762 0.000485265 -0.003018374 0.006580556 -0.000482390 0.999978244 0.091790579
0.999908805 0.001059386 -0.013463778 -0.019591309 -0.001054849 0.999999404 0.000344023 -0.003479812 0.013464134 -0.000329789 0.999909282 0.188355327
0.999777138 0.001315874 -0.021069705 -0.028812982 -0.001323888 0.999999046 -0.000366440 -0.004240587 0.021069203 0.000394252 0.999777913 0.286122978
0.999545574 0.001907779 -0.030083807 -0.047010303 -0.001962273 0.999996483 -0.001781967 -0.004393767 0.030080302 0.001840190 0.999545813 0.383370370
0.999133527 0.002044298 -0.041570015 -0.064951673 -0.002186597 0.999991894 -0.003377948 -0.004619977 0.041562773 0.003465918 0.999129891 0.497069955
0.998470962 0.001927785 -0.055245217 -0.083937407 -0.002168727 0.999988377 -0.004301681 -0.005043530 0.055236284 0.004414916 0.998463571 0.622190952
0.997441232 0.002041913 -0.071462214 -0.112353995 -0.002361219 0.999987602 -0.004383997 -0.004829629 0.071452372 0.004541517 0.997433662 0.764565647
0.995934367 0.000533595 -0.090080537 -0.143913850 -0.000932365 0.999989927 -0.004384796 -0.007256589 0.090077288 0.004450957 0.995924830 0.912867725
0.993933260 -0.000548478 -0.109983407 -0.181147352 0.000037591 0.999989212 -0.004647146 -0.008567598 0.109984763 0.004614818 0.993922532 1.074230909
0.991241753 -0.000497663 -0.132059038 -0.227754384 -0.000174654 0.999987066 -0.005079403 -0.011264435 0.132059857 0.005057980 0.991228819 1.234786153
0.987722814 0.002764573 -0.156192005 -0.281673312 -0.003834215 0.999971151 -0.006547380 -0.013810703 0.156169385 0.007065870 0.987704992 1.396316409
0.983364940 0.007205381 -0.181497917 -0.348028123 -0.008807739 0.999928951 -0.008024075 -0.020014368 0.181427196 0.009489181 0.983358502 1.576300621
0.978002608 0.009840177 -0.208360359 -0.422924042 -0.011994981 0.999886811 -0.009080710 -0.022677157 0.208247408 0.011380237 0.978009939 1.761084795
0.971262634 0.010805991 -0.237765044 -0.490352154 -0.013413358 0.999866307 -0.009351032 -0.026065076 0.237632215 0.012271536 0.971277714 1.935957789
0.963232517 0.012161060 -0.268393874 -0.580265522 -0.015074887 0.999847651 -0.008798316 -0.025679909 0.268245995 0.012520831 0.963269055 2.137422800
0.953792393 0.013470476 -0.300164223 -0.676993430 -0.016610347 0.999830663 -0.007911091 -0.024790686 0.300006926 0.012531368 0.953854740 2.332737207
0.942477405 0.015289953 -0.333919853 -0.767822921 -0.018641062 0.999802887 -0.006833507 -0.027127730 0.333749503 0.012665045 0.942576647 2.500973940
0.929943681 0.017314009 -0.367294282 -0.867233217 -0.021154253 0.999755502 -0.006432127 -0.030502552 0.367093056 0.013751350 0.930082619 2.676638603
0.916060925 0.019722499 -0.400553942 -0.986207604 -0.024107203 0.999691844 -0.005909922 -0.029261651 0.400314033 0.015070082 0.916254103 2.865314484
0.900055587 0.019702131 -0.435329437 -1.113667965 -0.024547121 0.999683499 -0.005508193 -0.026416272 0.435083151 0.015643762 0.900254309 3.057668924
0.881565273 0.014462799 -0.471840650 -1.244464874 -0.019929055 0.999779582 -0.006589403 -0.023216508 0.471641421 0.015212326 0.881659210 3.246188164
0.860399306 0.009398530 -0.509533763 -1.389049172 -0.015152495 0.999859631 -0.007143758 -0.027402177 0.509395123 0.013867194 0.860421062 3.431947708
0.835399508 0.010144816 -0.549549580 -1.545499563 -0.015052934 0.999876916 -0.004424798 -0.029680001 0.549437165 0.011968805 0.835449338 3.610388041
0.806308866 0.014966555 -0.591305375 -1.723994017 -0.019348718 0.999812126 -0.001077782 -0.032407723 0.591178179 0.012310024 0.806447029 3.773025513
0.773650408 0.016409891 -0.633400142 -1.922393322 -0.021268342 0.999773800 -0.000075910 -0.033095155 0.633255601 0.013530096 0.773824513 3.949283123
0.737360239 0.012034846 -0.675392509 -2.148683786 -0.018009471 0.999836206 -0.001845736 -0.017841328 0.675259590 0.013524436 0.737456143 4.175304890
0.697409034 0.008083667 -0.716627717 -2.367562532 -0.012539623 0.999920845 -0.000924076 -0.019595500 0.716563642 0.009630700 0.697455227 4.342534065
0.656770289 0.016542327 -0.753909171 -2.620395660 -0.017286569 0.999826908 0.006879023 -0.056976467 0.753892541 0.008514567 0.656942487 4.421064854
0.611682296 0.015913481 -0.790943384 -2.880064964 -0.014718075 0.999853551 0.008734331 -0.052854147 0.790966511 0.006298530 0.611826897 4.572791100
0.563762546 0.016642645 -0.825769246 -3.155920029 -0.012566835 0.999854088 0.011571641 -0.049632937 0.825841367 0.003853649 0.563889325 4.705228329
0.513106644 0.017722066 -0.858141899 -3.451241493 -0.011123023 0.999840200 0.013997613 -0.050873332 0.858252823 0.002362865 0.513221741 4.821695328
0.462186873 0.019641334 -0.886564910 -3.744207144 -0.011181874 0.999804318 0.016320713 -0.050681889 0.886712074 0.002370237 0.462316036 4.901777267
0.408283055 0.022316897 -0.912582457 -4.074755669 -0.010055730 0.999750435 0.019949690 -0.049555033 0.912800014 0.001031563 0.408405513 4.995469093
0.351639569 0.022982886 -0.935853302 -4.355729103 -0.008051420 0.999735773 0.021526469 -0.039710343 0.936100781 -0.000034611 0.351731688 5.076884270
0.295905471 0.025916247 -0.954865575 -4.726041317 -0.005863302 0.999662220 0.025315095 -0.033491477 0.955199182 -0.001892211 0.295957506 5.153334141
0.241126090 0.027180435 -0.970113099 -5.114190578 -0.001920104 0.999619067 0.027529877 -0.020843342 0.970491886 -0.004775454 0.241086453 5.232295036
0.192038506 0.027744275 -0.980995059 -5.523694038 -0.000263968 0.999601841 0.028218824 -0.012774631 0.981387436 -0.005160149 0.191969305 5.259241104
0.146015570 0.029634546 -0.988838315 -5.968681335 -0.004216136 0.999560773 0.029333316 -0.004778877 0.989273310 -0.000114044 0.146076411 5.273704052
0.102181904 0.030324951 -0.994303405 -6.349546909 -0.002076860 0.999539554 0.030271214 -0.014886275 0.994763553 -0.001028141 0.102197833 5.281948566
0.064359531 0.029066825 -0.997503281 -6.799262047 -0.003420535 0.999576271 0.028906532 -0.003275961 0.997920811 0.001551585 0.064431667 5.277110577
0.029438302 0.026606018 -0.999212503 -7.258804321 -0.001928915 0.999645293 0.026560716 0.005478993 0.999564767 0.001145493 0.029479191 5.268527031
-0.001587145 0.023781743 -0.999715924 -7.736379147 -0.001643431 0.999715686 0.023784347 0.013270840 0.999997377 0.001680713 -0.001547612 5.235576630
-0.027100941 0.020849630 -0.999415219 -8.231512070 -0.002459934 0.999778152 0.020923903 0.030682057 0.999629676 0.003025553 -0.027043642 5.189581394
-0.049512364 0.018811950 -0.998596311 -8.760970116 -0.003062109 0.999815047 0.018986734 0.035331339 0.998768747 0.003997890 -0.049445599 5.171998024
-0.065844573 0.018070159 -0.997666240 -9.283331871 -0.002526812 0.999829769 0.018276110 0.046462171 0.997826636 0.003724298 -0.065787703 5.124358654
-0.078405492 0.018803108 -0.996744215 -9.819243431 -0.002266861 0.999816298 0.019039372 0.050015971 0.996918976 0.003752272 -0.078348458 5.066046715
-0.088050842 0.019760011 -0.995919943 -10.373242378 -0.002184944 0.999796987 0.020030113 0.058070719 0.996113598 0.003939698 -0.087989792 5.008865833
-0.094581977 0.021367650 -0.995287716 -10.948109627 -0.004768011 0.999748468 0.021916522 0.056588680 0.995505750 0.006818451 -0.094456300 4.940409184
-0.099030577 0.021877963 -0.994843841 -11.549550056 -0.003917085 0.999741971 0.022375602 0.077000096 0.995076656 0.006112757 -0.098919325 4.872179985
-0.100562446 0.022624362 -0.994673491 -12.150413513 -0.001843778 0.999735475 0.022925910 0.088500023 0.994929016 0.004139444 -0.100494131 4.809214592
-0.099786349 0.024907038 -0.994697094 -12.770320892 0.000420568 0.999687612 0.024989806 0.097627595 0.995008707 0.002075305 -0.099765658 4.750089645
-0.098372370 0.027099716 -0.994780660 -13.407690048 -0.000154625 0.999628723 0.027247081 0.108928621 0.995149672 0.002834178 -0.098331667 4.687041283
-0.096787401 0.027060224 -0.994937062 -14.051585197 -0.001947752 0.999623239 0.027377155 0.116911441 0.995303094 0.004587655 -0.096698239 4.621837139
-0.095007218 0.024555760 -0.995173693 -14.708887100 -0.003201926 0.999683022 0.024972705 0.127347782 0.995471418 0.005559060 -0.094898470 4.558022976
-0.093641452 0.024212305 -0.995311677 -15.390803337 -0.004472257 0.999683857 0.024739429 0.142476439 0.995595932 0.006767926 -0.093503550 4.486918449
-0.091940977 0.027385753 -0.995387852 -16.089931488 -0.004056687 0.999603093 0.027876435 0.154407948 0.995756149 0.006600962 -0.091793388 4.420515060
-0.089998029 0.030845061 -0.995464146 -16.803010941 -0.005424578 0.999490261 0.031460240 0.164861321 0.995927155 0.008231333 -0.089784838 4.351384640
-0.088406034 0.032959614 -0.995539010 -17.522556305 -0.005623093 0.999419928 0.033587448 0.175879836 0.996068597 0.008567341 -0.088169411 4.286951065
-0.086317383 0.031779692 -0.995760739 -18.269279480 -0.007839493 0.999438465 0.032576635 0.196665913 0.996236742 0.010618187 -0.086019792 4.208850861
-0.084561825 0.028630078 -0.996006846 -19.021394730 -0.010834031 0.999501586 0.029650355 0.212535381 0.996359348 0.013298058 -0.084209502 4.140507221
-0.083355375 0.028396739 -0.996115208 -19.785110474 -0.011672904 0.999497533 0.029469950 0.223171622 0.996451557 0.014084036 -0.082981996 4.072113037
-0.081757605 0.031073615 -0.996167660 -20.564140320 -0.009356107 0.999445915 0.031943746 0.232684523 0.996608317 0.011931895 -0.081421576 4.006326199
-0.080802791 0.032882608 -0.996187568 -21.367439270 -0.007325232 0.999409080 0.033583108 0.251257539 0.996703207 0.010010915 -0.080514170 3.936994791
-0.079500608 0.034654047 -0.996232212 -22.153629303 -0.005931057 0.999361396 0.035236195 0.265427291 0.996817172 0.008710009 -0.079244301 3.871803999
-0.078300945 0.029371830 -0.996496975 -22.959001541 -0.006782079 0.999527097 0.029994048 0.288441151 0.996906638 0.009106885 -0.078064725 3.809871197
-0.078003012 0.022331405 -0.996703029 -23.766361237 -0.005291807 0.999725699 0.022813275 0.298570365 0.996939063 0.007053866 -0.077863470 3.742656946
-0.078163512 0.017951310 -0.996778905 -24.578557968 -0.002255266 0.999832153 0.018183149 0.307648718 0.996937990 0.003669261 -0.078109905 3.677931309
-0.079045795 0.018506082 -0.996699274 -25.408578873 -0.001099274 0.999825478 0.018651310 0.321488678 0.996870399 0.002569953 -0.079011664 3.615054607
-0.078740828 0.026641807 -0.996539056 -26.245870590 -0.001215933 0.999639452 0.026820770 0.320953399 0.996894360 0.003323615 -0.078680068 3.538779497
-0.079130091 0.033529650 -0.996300280 -27.081872940 -0.002968196 0.999421775 0.033870455 0.333494902 0.996860027 0.005637386 -0.078984797 3.471102476
-0.079758778 0.038780283 -0.996059597 -27.932697296 -0.004790338 0.999216557 0.039286777 0.349218547 0.996802807 0.007904928 -0.079510510 3.397337437
-0.079986148 0.038855519 -0.996038377 -28.768033981 -0.006663296 0.999196768 0.039513826 0.363598347 0.996773720 0.009797457 -0.079663001 3.319678545
-0.080180302 0.035320599 -0.996154428 -29.606212616 -0.006865930 0.999328673 0.035985790 0.378376007 0.996756732 0.009724879 -0.079883970 3.241218805
-0.080060557 0.032402527 -0.996263146 -30.443990707 -0.007210540 0.999426484 0.033084858 0.399049222 0.996763885 0.009832388 -0.079781003 3.158398628
-0.080089673 0.033654142 -0.996219397 -31.277568817 -0.008780323 0.999367297 0.034466360 0.414764404 0.996748984 0.011507528 -0.079743519 3.079855204
-0.080494232 0.037109748 -0.996064007 -32.078655243 -0.010539736 0.999219120 0.038079027 0.409358263 0.996699452 0.013563394 -0.080040261 3.026914358
-0.079982825 0.035344217 -0.996169329 -32.910030365 -0.011243641 0.999275565 0.036357176 0.423494101 0.996732831 0.014108521 -0.079527505 2.951092005
-0.079500549 0.030022219 -0.996382594 -33.745044708 -0.011905960 0.999446452 0.031064503 0.440926433 0.996763766 0.014332538 -0.079099104 2.873180628
-0.079363868 0.025914637 -0.996508837 -34.578578949 -0.012892612 0.999551713 0.027020562 0.454958558 0.996762335 0.014992056 -0.078994192 2.791411400
-0.079142012 0.026828438 -0.996502280 -35.390998840 -0.012215905 0.999536633 0.027880315 0.470149875 0.996788502 0.014379681 -0.078777604 2.738677025
-0.078813851 0.029580191 -0.996450365 -36.210781097 -0.011106334 0.999471605 0.030548329 0.475847960 0.996827424 0.013474544 -0.078443684 2.679105759
-0.078514911 0.034714829 -0.996308386 -37.034667969 -0.010825981 0.999304831 0.035672393 0.484762192 0.996854126 0.013586830 -0.078084528 2.616004467
-0.076887682 0.039821189 -0.996244192 -37.876098633 -0.010689335 0.999111712 0.040760785 0.506563425 0.996982455 0.013783191 -0.076393716 2.526935101
-0.077027470 0.043301407 -0.996088207 -38.684829712 -0.011005737 0.998958588 0.044277266 0.513006449 0.996968329 0.014373250 -0.076470695 2.464209795
-0.076910898 0.043151997 -0.996103704 -39.519256592 -0.010488768 0.998972654 0.044086140 0.538102150 0.996982753 0.013838604 -0.076379269 2.398965120
-0.077784412 0.038529035 -0.996225417 -40.357234955 -0.010939085 0.999159813 0.039496638 0.563042045 0.996910214 0.013970018 -0.077297606 2.335023403
-0.077272840 0.034236938 -0.996421933 -41.182067871 -0.011699772 0.999310315 0.035243496 0.581086338 0.996941447 0.014381276 -0.076818995 2.260480642
-0.077803321 0.031610101 -0.996467412 -41.999401093 -0.015424415 0.999339402 0.032905534 0.593683779 0.996849477 0.017930089 -0.077264369 2.199435711
-0.077756055 0.030440714 -0.996507645 -42.816139221 -0.018859759 0.999309957 0.031997927 0.598558009 0.996794105 0.021281928 -0.077128306 2.118262291
-0.078601703 0.028512381 -0.996498227 -43.634151459 -0.016370269 0.999419272 0.029887205 0.607257485 0.996771693 0.018662132 -0.078089304 2.052632809
-0.079300322 0.023952603 -0.996562898 -44.466583252 -0.012875605 0.999603271 0.025050242 0.633054018 0.996767640 0.014817843 -0.078960449 1.976005077
-0.080428421 0.022957377 -0.996495962 -45.278915405 -0.008883305 0.999678493 0.023747679 0.632624865 0.996720791 0.010762165 -0.080198623 1.916749001
-0.082728386 0.026765749 -0.996212602 -46.104190826 -0.008629965 0.999582469 0.027572943 0.636879027 0.996534705 0.010878345 -0.082462862 1.849461079
-0.084957115 0.033272222 -0.995828986 -46.924694061 -0.006365142 0.999403775 0.033934698 0.641571224 0.996364295 0.009221585 -0.084694684 1.782546520
-0.086515486 0.036978312 -0.995564103 -47.733966827 -0.004670381 0.999284863 0.037522379 0.651641488 0.996239543 0.007895930 -0.086280912 1.707102776
-0.087035328 0.035728008 -0.995564401 -48.537418365 -0.005017969 0.999328256 0.036301773 0.665627003 0.996192515 0.008155247 -0.086797580 1.617009640
-0.088386625 0.032036431 -0.995570838 -49.331306458 -0.008323886 0.999423981 0.032899410 0.676048696 0.996051490 0.011194888 -0.088069044 1.538932323
-0.089275092 0.027925452 -0.995615423 -50.124614716 -0.012232918 0.999500751 0.029131332 0.688996315 0.995931864 0.014779989 -0.088888898 1.453656197
-0.090978563 0.026628517 -0.995496750 -50.920841217 -0.016121848 0.999472082 0.028208228 0.699252248 0.995722413 0.018615594 -0.090501226 1.371357918
-0.092158578 0.027818469 -0.995355666 -51.710105896 -0.017610839 0.999407768 0.029562276 0.706564426 0.995588541 0.020253465 -0.091614097 1.288411140
-0.092880227 0.029531848 -0.995239139 -52.503055573 -0.017095741 0.999365330 0.031249732 0.712298453 0.995530367 0.019916836 -0.092316419 1.208122253
-0.093635246 0.028417742 -0.995200932 -53.269489288 -0.017874246 0.999383390 0.030218907 0.733031273 0.995446205 0.020618018 -0.093069561 1.122261047
-0.093875207 0.028717024 -0.995169699 -54.040981293 -0.019678172 0.999335051 0.030693484 0.741080344 0.995389581 0.022464477 -0.093247682 1.028868198
-0.094528601 0.030513193 -0.995054364 -54.826248169 -0.017801411 0.999318480 0.032335062 0.750988245 0.995362997 0.020769961 -0.093921013 0.955282688
-0.095427670 0.033432305 -0.994874775 -55.604091644 -0.017139303 0.999232411 0.035222735 0.761164665 0.995288730 0.020412683 -0.094781429 0.882577896
-0.094980612 0.037390042 -0.994776666 -56.352523804 -0.017960271 0.999067307 0.039266150 0.773509264 0.995316982 0.021595983 -0.094220512 0.797723293
-0.095333979 0.039309986 -0.994668782 -57.112606049 -0.016934948 0.999011338 0.041104726 0.802751184 0.995301306 0.020763343 -0.094574004 0.720097065
-0.096048810 0.039407089 -0.994596183 -57.861286163 -0.016315043 0.999019444 0.041157905 0.816348553 0.995242953 0.020180045 -0.095311709 0.645707130
-0.096337378 0.037720166 -0.994633734 -58.591651917 -0.015543800 0.999102831 0.039395176 0.827297688 0.995227396 0.019255616 -0.095664628 0.573481560
-0.096116386 0.033742767 -0.994798005 -59.308536530 -0.015801299 0.999247432 0.035420403 0.843093276 0.995244682 0.019123580 -0.095510870 0.496364594
-0.096278913 0.031239940 -0.994864047 -60.030742645 -0.016808711 0.999313712 0.033006340 0.846999526 0.995212376 0.019900197 -0.095687747 0.423773766
-0.094877802 0.028892487 -0.995069623 -60.737152100 -0.017266033 0.999380529 0.030663941 0.856659591 0.995339096 0.020090230 -0.094320178 0.349573612
-0.092409186 0.028279791 -0.995319486 -61.427631378 -0.019644771 0.999350190 0.030218219 0.861283243 0.995527327 0.022345264 -0.091793597 0.276591301
-0.088346973 0.029322492 -0.995658100 -62.110176086 -0.020355402 0.999304771 0.031236069 0.864418387 0.995881736 0.023026634 -0.087688684 0.214491367
-0.082415566 0.030772656 -0.996122837 -62.771289825 -0.019492622 0.999282181 0.032483004 0.873347282 0.996407330 0.022094153 -0.081756569 0.161201000
-0.074999578 0.032461904 -0.996654987 -63.422088623 -0.018866910 0.999244869 0.033966012 0.878495812 0.997004986 0.021351235 -0.074330486 0.105798721
-0.066244848 0.033843677 -0.997229278 -64.058898926 -0.020093493 0.999176681 0.035244551 0.885235071 0.997600973 0.022372589 -0.065510258 0.065318108
-0.054325800 0.035415757 -0.997894883 -64.679687500 -0.022154897 0.999082088 0.036664005 0.894635320 0.998277426 0.024100065 -0.053491294 0.030150414
-0.039309815 0.036914475 -0.998544931 -65.293693542 -0.025148058 0.998964250 0.037919976 0.904956222 0.998910546 0.026602093 -0.038340766 0.003644943
-0.020902179 0.038465850 -0.999041259 -65.864234924 -0.026916070 0.998875737 0.039022621 0.908015490 0.999419153 0.027705923 -0.019843331 -0.007953882
0.000981530 0.038562205 -0.999255717 -66.454162598 -0.027051065 0.998891532 0.038521580 0.925461650 0.999633551 0.026993120 0.002023591 0.006928653
0.026440229 0.038883623 -0.998893917 -66.999176025 -0.026577523 0.998917341 0.038181044 0.933798909 0.999297023 0.025538608 0.027445033 0.037412524
0.055556212 0.038558461 -0.997710764 -67.516113281 -0.025367107 0.998986006 0.037195206 0.939185023 0.998133183 0.023242615 0.056477990 0.085722685
0.089864202 0.038359243 -0.995214999 -68.003944397 -0.024386482 0.999043167 0.036304791 0.949429274 0.995655358 0.021007296 0.090713665 0.146127224
0.127734616 0.038050387 -0.991078198 -68.489379883 -0.024065349 0.999088407 0.035256270 0.966605306 0.991516352 0.019347200 0.128533900 0.229708672
0.168420643 0.038616013 -0.984958529 -68.940299988 -0.023912583 0.999098301 0.035081495 0.957089424 0.985425115 0.017644450 0.169192180 0.325860023
0.213107631 0.039576754 -0.976226807 -69.376800537 -0.022776809 0.999108851 0.035532292 0.959172606 0.976763129 0.014663130 0.213819161 0.448959351
0.260849059 0.038431015 -0.964614332 -69.801971436 -0.019371081 0.999214411 0.034571227 0.955774069 0.965185225 0.009667745 0.261388570 0.601886749
0.311101496 0.033545401 -0.949784458 -70.210563660 -0.012216819 0.999435484 0.031297401 0.958266497 0.950298131 0.001866677 0.311335564 0.772172928
0.362884253 0.028212685 -0.931407094 -70.632743835 -0.007692236 0.999598086 0.027281264 0.962810040 0.931802392 -0.002735345 0.362955451 0.963722229
0.414344311 0.022404768 -0.909844398 -70.963165283 -0.001021891 0.999707699 0.024152270 0.976519048 0.910119653 -0.009077594 0.414246142 1.191188812
0.465445042 0.021734726 -0.884809911 -71.339500427 -0.001163094 0.999712527 0.023945397 0.984020054 0.885076106 -0.010116151 0.465336591 1.426179886
0.513546109 0.020545876 -0.857815981 -71.702331543 0.000538477 0.999705315 0.024266692 0.987446964 0.858061850 -0.012923979 0.513383806 1.683128357
0.558320642 0.016294027 -0.829465270 -72.043403625 0.008391652 0.999644995 0.025285536 0.988504052 0.829582810 -0.021078022 0.557985663 1.967311859
0.601653218 0.010266531 -0.798691571 -72.350997925 0.018642690 0.999464452 0.026890825 0.983100533 0.798539996 -0.031068707 0.601139665 2.273128510
0.643359423 0.005608450 -0.765543759 -72.646423340 0.020203665 0.999500513 0.024301507 0.977807820 0.765297651 -0.031101393 0.642924845 2.585472107
0.683828831 0.000569453 -0.729642272 -72.939346313 0.017541332 0.999697804 0.017220145 0.984119952 0.729431570 -0.024574529 0.683612168 2.914089203
0.724147022 -0.006169179 -0.689617991 -73.211593628 0.013435755 0.999896407 0.005163613 0.993694842 0.689514697 -0.013004756 0.724154890 3.251419067
0.764694750 -0.006058300 -0.644364238 -73.469619751 0.006234273 0.999978542 -0.002003297 0.972641885 0.644362509 -0.002485231 0.764716148 3.581176758
0.801722825 -0.007269096 -0.597651839 -73.731613159 0.005102904 0.999972761 -0.005317115 0.973089039 0.597674191 0.001213093 0.801738203 3.984180450
0.835848272 -0.008966286 -0.548887372 -73.989608765 0.005800549 0.999955058 -0.007501546 0.973037839 0.548929930 0.003086305 0.835862637 4.421466827
0.866140366 -0.007005956 -0.499751776 -74.202949524 0.002515315 0.999950230 -0.009658778 0.959709108 0.499794543 0.007108823 0.866114795 4.857612610
0.892591953 -0.005766062 -0.450828552 -74.436065674 0.002035550 0.999959588 -0.008759234 0.952277958 0.450860769 0.006900737 0.892567575 5.334901810
0.913762033 0.001095612 -0.406248719 -74.645080566 -0.004858283 0.999954343 -0.008230803 0.950837135 0.406221151 0.009494663 0.913725495 5.844638824
0.931262970 0.005150690 -0.364311606 -74.832618713 -0.009348646 0.999908745 -0.009760402 0.939642847 0.364228070 0.012495319 0.931225955 6.360073090
0.944745719 0.009785634 -0.327657938 -75.006698608 -0.013335741 0.999874234 -0.008589696 0.929314256 0.327532649 0.012484643 0.944757342 6.890874863
0.954669774 0.010930276 -0.297466010 -75.167884827 -0.013546435 0.999885559 -0.006734714 0.917009771 0.297358304 0.010459031 0.954708815 7.443683624
0.961573601 0.009586667 -0.274379909 -75.297958374 -0.011619942 0.999915659 -0.005786027 0.913546562 0.274301320 0.008751969 0.961603940 8.025846481
0.967429221 0.009594725 -0.252959996 -75.448585510 -0.010951413 0.999932110 -0.003955724 0.906012654 0.252904892 0.006597153 0.967468619 8.622896194
0.971938789 0.012046151 -0.234925553 -75.591949463 -0.012737762 0.999917865 -0.001426684 0.897728324 0.234889060 0.004379076 0.972012281 9.242389679
0.975405514 0.016714985 -0.219783187 -75.737434387 -0.017123383 0.999853373 0.000046808 0.892916083 0.219751790 0.003717775 0.975548685 9.884091377
0.978088677 0.020478666 -0.207179084 -75.873146057 -0.020641703 0.999786019 0.001374983 0.881538630 0.207162917 0.002931674 0.978302062 10.543334961
0.980848789 0.018676186 -0.193873167 -76.006271362 -0.018858032 0.999821782 0.000907696 0.877914786 0.193855599 0.002765754 0.981026173 11.216811180
0.983536661 0.018505998 -0.179758385 -76.138610840 -0.018762436 0.999823987 0.000273655 0.875960052 0.179731801 0.003103555 0.983710766 11.908318520
0.986119390 0.021242671 -0.164673269 -76.243087769 -0.021341112 0.999771595 0.001171617 0.859987378 0.164660573 0.002358957 0.986347497 12.581515312
0.988314807 0.022731856 -0.150722027 -76.348052979 -0.022718171 0.999740303 0.001812937 0.850598454 0.150724098 0.001632377 0.988574564 13.289428711
0.990128517 0.022731952 -0.138307169 -76.443893433 -0.023097480 0.999732733 -0.001038249 0.838054299 0.138246611 0.004222547 0.990388870 14.005006790
0.991592944 0.023407849 -0.127261728 -76.542541504 -0.024341566 0.999687016 -0.005786527 0.816719055 0.127086431 0.008835629 0.991852343 14.740071297
0.992770195 0.021630919 -0.118065536 -76.626083374 -0.023212479 0.999658108 -0.012036853 0.804758847 0.117764793 0.014690424 0.992932916 15.481726646
0.993622720 0.022080729 -0.110572040 -76.707084656 -0.023579672 0.999646723 -0.012266836 0.788751721 0.110262118 0.014795859 0.993792355 16.259187698
0.994470954 0.023536403 -0.102339767 -76.808311462 -0.024311995 0.999684334 -0.006337746 0.777229846 0.102158286 0.008790788 0.994729459 17.055234909
0.994921029 0.027824445 -0.096736640 -76.895309448 -0.027767902 0.999612510 0.001930946 0.758688331 0.096752875 0.000765036 0.995308161 17.821872711
0.995354414 0.028726825 -0.091893576 -76.983428955 -0.028366249 0.999583900 0.005227848 0.748628139 0.092005529 -0.002596885 0.995755196 18.591327667
0.995777309 0.026865946 -0.087782629 -77.069046021 -0.026603580 0.999637365 0.004157580 0.742268741 0.087862499 -0.001804691 0.996131063 19.362056732
0.996013045 0.024965642 -0.085642196 -77.130294800 -0.024793236 0.999687910 0.003076299 0.743920922 0.085692257 -0.000940687 0.996321261 20.140594482
0.996220767 0.025343470 -0.083077230 -77.192779541 -0.024952069 0.999672115 0.005746413 0.714899302 0.083195634 -0.003651747 0.996526539 20.920091629
0.996527076 0.023527570 -0.079876624 -77.259857178 -0.022958150 0.999704123 0.008039789 0.706035852 0.080042168 -0.006178048 0.996772289 21.688270569
0.996797442 0.021172713 -0.077114649 -77.324516296 -0.020491296 0.999743760 0.009617114 0.698921919 0.077298522 -0.008006135 0.996975780 22.461652756
0.996977687 0.020621791 -0.074901775 -77.377937317 -0.020181481 0.999774337 0.006630761 0.679826260 0.075021617 -0.005099092 0.997168839 23.212917328
0.997044325 0.023422413 -0.073171414 -77.440330505 -0.023540048 0.999722600 -0.000745540 0.670403540 0.073133662 0.002465794 0.997319102 23.961818695
0.997113287 0.023308059 -0.072264135 -77.485343933 -0.024002381 0.999673665 -0.008754575 0.663210869 0.072036512 0.010463816 0.997347116 24.708459854
0.997125328 0.024157047 -0.071816526 -77.536979675 -0.025178185 0.999593794 -0.013347469 0.649720609 0.071464919 0.015117308 0.997328579 25.466642380
0.997266412 0.025648540 -0.069295064 -77.602706909 -0.026552474 0.999573469 -0.012155162 0.635493517 0.068953745 0.013961893 0.997522175 26.224901199
0.997331679 0.030003244 -0.066553153 -77.673248291 -0.030552054 0.999506950 -0.007243575 0.597826242 0.066302985 0.009257585 0.997756600 26.996814728
0.997422993 0.033350524 -0.063521184 -77.745727539 -0.033509735 0.999437332 -0.001442354 0.570368707 0.063437335 0.003567214 0.997979462 27.778121948
0.997664392 0.030864591 -0.060935251 -77.789939880 -0.030974623 0.999519765 -0.000861618 0.580191910 0.060879398 0.002747051 0.998141348 28.584407806
0.997836947 0.028124431 -0.059416398 -77.839492798 -0.028214969 0.999601603 -0.000685175 0.560743570 0.059373453 0.002360125 0.998233020 29.335802078
0.997919142 0.025891844 -0.059051331 -77.877754211 -0.026007595 0.999660969 -0.001192293 0.547695398 0.059000440 0.002725595 0.998254299 30.079999924
0.997992456 0.025168523 -0.058117352 -77.922363281 -0.025376176 0.999673903 -0.002837652 0.532935619 0.058026981 0.004306751 0.998305738 30.824783325
0.998098552 0.023904134 -0.056813017 -77.971389771 -0.024178457 0.999699056 -0.004145934 0.524711668 0.056696810 0.005511703 0.998376250 31.585731506
0.998140752 0.022888578 -0.056490753 -78.012695312 -0.023148421 0.999724209 -0.003949535 0.508617997 0.056384783 0.005249864 0.998395264 32.343009949
0.998120487 0.026200922 -0.055398542 -78.070236206 -0.026403602 0.999647021 -0.002929722 0.494860530 0.055302225 0.004386936 0.998459995 33.123275757
0.998114705 0.025927719 -0.055630069 -78.115379333 -0.026181117 0.999649882 -0.003831009 0.477174044 0.055511262 0.005280244 0.998444140 33.914073944
0.998035014 0.026675502 -0.056695554 -78.165626526 -0.026943106 0.999629140 -0.003960760 0.471660137 0.056568868 0.005480532 0.998383641 34.664382935
0.997969747 0.024371557 -0.058842462 -78.214454651 -0.024605893 0.999691963 -0.003260961 0.456369460 0.058744859 0.004702211 0.998261929 35.437633514
0.997733712 0.026472768 -0.061859574 -78.275848389 -0.026731666 0.999637008 -0.003361233 0.442382097 0.061748140 0.005007224 0.998079181 36.217033386
0.997430384 0.030946242 -0.064613514 -78.341041565 -0.031276997 0.999502242 -0.004113509 0.435708821 0.064454064 0.006123855 0.997901857 37.014888763
0.997306466 0.030340789 -0.066776805 -78.414451599 -0.030969333 0.999485075 -0.008397510 0.408642232 0.066487648 0.010442925 0.997732520 37.810264587
0.997118533 0.031148192 -0.069168687 -78.481323242 -0.032030262 0.999418557 -0.011679924 0.390192568 0.068764664 0.013861760 0.997536540 38.601169586
0.996960163 0.029465416 -0.072126314 -78.516494751 -0.030496620 0.999447167 -0.013237720 0.374200463 0.071696386 0.015397088 0.997307658 39.453845978
0.996850967 0.029889196 -0.073448129 -78.598739624 -0.030839279 0.999454260 -0.011835326 0.354229152 0.073054299 0.014063144 0.997228801 40.283454895
0.996715069 0.028456952 -0.075823367 -78.659561157 -0.029363336 0.999509752 -0.010865803 0.330364883 0.075476989 0.013056536 0.997062087 41.096729279
0.996596694 0.028189708 -0.077461526 -78.732650757 -0.029000988 0.999535561 -0.009368244 0.316012651 0.077161469 0.011582822 0.996951342 41.925846100
0.996457994 0.027438762 -0.079489283 -78.796249390 -0.028017251 0.999588370 -0.006171173 0.309078544 0.079287231 0.008376385 0.996816635 42.783458710
0.996457100 0.026341071 -0.079870999 -78.865638733 -0.026487863 0.999648750 -0.000778687 0.278575659 0.079822429 0.002891540 0.996804893 43.613288879
0.996502340 0.026353052 -0.079301558 -78.938682556 -0.026359472 0.999652028 0.000966111 0.266880631 0.079299428 0.001127615 0.996850193 44.468158722
0.996583879 0.029559894 -0.077115148 -79.014297485 -0.029561594 0.999562263 0.001119690 0.252686739 0.077114515 0.001163782 0.997021556 45.306068420
0.996746182 0.029397992 -0.075052090 -79.088203430 -0.029478787 0.999565363 0.000031283 0.239029855 0.075020395 0.002181263 0.997179568 46.159187317
0.996906996 0.027455848 -0.073638640 -79.149551392 -0.027699115 0.999613643 -0.002284064 0.230380327 0.073547475 0.004316724 0.997282326 47.046192169
0.997160494 0.023722766 -0.071470752 -79.218147278 -0.024061011 0.999702930 -0.003875295 0.213295788 0.071357593 0.005583950 0.997435093 47.919609070
0.997283459 0.022779228 -0.070048705 -79.275726318 -0.023124248 0.999724150 -0.004118425 0.197554961 0.069935575 0.005727061 0.997535110 48.790237427
0.997383952 0.020624332 -0.069281548 -79.340667725 -0.020799829 0.999781966 -0.001812613 0.184242547 0.069229059 0.003248915 0.997595489 49.659408569
0.997557342 0.016527850 -0.067867734 -79.416854858 -0.016497744 0.999863505 0.001004027 0.164440840 0.067875057 0.000118090 0.997693956 50.506320953
0.997673690 0.016198033 -0.066217594 -79.489936829 -0.016137959 0.999868691 0.001442039 0.147112787 0.066232264 -0.000370068 0.997804224 51.364471436
0.997678995 0.017352398 -0.065844558 -79.546279907 -0.017504156 0.999845207 -0.001728577 0.126878381 0.065804377 0.002877119 0.997828424 52.242515564
0.997689247 0.019866284 -0.064974032 -79.623146057 -0.020385617 0.999765277 -0.007339709 0.104848385 0.064812966 0.008647285 0.997860014 53.089645386
0.997720063 0.021578273 -0.063945837 -79.692092896 -0.022464247 0.999660909 -0.013168620 0.087016523 0.063639998 0.014575093 0.997866511 53.950366974
0.997645378 0.026607480 -0.063211650 -79.738960266 -0.027881186 0.999423802 -0.019353794 0.073847175 0.062660269 0.021070635 0.997812569 54.811153412
0.997725427 0.026583705 -0.061944991 -79.801414490 -0.027875926 0.999409378 -0.020090625 0.044049263 0.061374329 0.021771699 0.997877300 55.663917542
0.997806609 0.023464257 -0.061897326 -79.855125427 -0.024375821 0.999604642 -0.014013190 0.017203391 0.061544050 0.015491251 0.997984171 56.515415192
0.997818172 0.023017440 -0.061879605 -79.925010681 -0.023370894 0.999714375 -0.004994175 -0.008983523 0.061746977 0.006429460 0.998071134 57.382869720
0.997744203 0.021690976 -0.063528955 -79.976928711 -0.021556575 0.999763608 0.002800319 -0.031356916 0.063574679 -0.001424538 0.997976065 58.246902466
0.997621715 0.019794334 -0.066023163 -80.032974243 -0.019801186 0.999803782 0.000550631 -0.048592892 0.066021107 0.000758016 0.997817934 59.083168030
0.997566760 0.014766306 -0.068136357 -80.089660645 -0.015065908 0.999878943 -0.003885327 -0.054866135 0.068070740 0.004902409 0.997668386 59.916011810
0.997451425 0.013122958 -0.070131496 -80.162101746 -0.013605145 0.999886870 -0.006402218 -0.063725263 0.070039541 0.007340051 0.997517169 60.751228333
0.997250736 0.015809895 -0.072395027 -80.239471436 -0.016413718 0.999835253 -0.007753314 -0.097239017 0.072260521 0.008920269 0.997345865 61.573448181
0.996985853 0.017709188 -0.075535089 -80.318733215 -0.018626399 0.999760866 -0.011455651 -0.117059767 0.075314149 0.012828069 0.997077286 62.398029327
0.996620297 0.017733902 -0.080209084 -80.384201050 -0.018963546 0.999713600 -0.014594761 -0.142195880 0.079927288 0.016066482 0.996671140 63.214080811
0.996284187 0.019691903 -0.083844602 -80.449905396 -0.021264942 0.999613464 -0.017909773 -0.169470310 0.083459519 0.019626170 0.996317983 64.005233765
0.995948851 0.024304247 -0.086575456 -80.540199280 -0.025952287 0.999501884 -0.017961297 -0.198605537 0.086095802 0.020135367 0.996083319 64.811531067
0.995566666 0.027525229 -0.089940518 -80.628807068 -0.029088506 0.999446869 -0.016116660 -0.223638177 0.089447163 0.018661447 0.995816708 65.617813110
0.995144546 0.031255443 -0.093328841 -80.725021362 -0.032332242 0.999426723 -0.010047642 -0.250499606 0.092961282 0.013016388 0.995584667 66.423385620
0.994682491 0.032313533 -0.097788207 -80.807189941 -0.032915644 0.999447763 -0.004549996 -0.272041500 0.097587146 0.007744565 0.995196998 67.224411011
0.994170010 0.030846696 -0.103316948 -80.879936218 -0.031081690 0.999516547 -0.000664981 -0.292277157 0.103246510 0.003872370 0.994648218 68.047576904
0.993490398 0.030129509 -0.109858684 -80.973175049 -0.030281909 0.999541283 0.000281284 -0.306271344 0.109816782 0.003047278 0.993947208 68.834793091
0.992774129 0.027738232 -0.116748206 -81.057556152 -0.027484018 0.999615073 0.003787048 -0.317441493 0.116808303 -0.000550974 0.993154347 69.625663757
0.992020726 0.028828872 -0.122734651 -81.164596558 -0.028602693 0.999584317 0.003604749 -0.335148335 0.122787565 -0.000065445 0.992433071 70.401069641
0.991264641 0.033754263 -0.127495125 -81.286163330 -0.033614028 0.999429524 0.003252079 -0.343032956 0.127532184 0.001061952 0.991833866 71.150474548
0.990421355 0.035510056 -0.133433729 -81.404052734 -0.035899378 0.999355257 -0.000512192 -0.354069769 0.133329496 0.005297474 0.991057694 71.921249390
0.989645123 0.034506708 -0.139326379 -81.524337769 -0.035271905 0.999373138 -0.003025880 -0.369871020 0.139134631 0.007908853 0.990241945 72.688446045
0.988814473 0.035936043 -0.144756630 -81.651786804 -0.036919620 0.999309778 -0.004113236 -0.387385845 0.144508913 0.009411587 0.989458799 73.457305908
0.988091052 0.037901703 -0.149129018 -81.779830933 -0.038195606 0.999269903 0.000893814 -0.392861247 0.149054036 0.004812904 0.988817394 74.205451965
0.987095535 0.038247682 -0.155497536 -81.880836487 -0.037886478 0.999268055 0.005286934 -0.409360975 0.155585945 0.000672546 0.987822115 74.943672180
0.986108303 0.037784390 -0.161748737 -82.011695862 -0.037049070 0.999284804 0.007560896 -0.426704466 0.161918759 -0.001463222 0.986803055 75.701515198
0.984950840 0.035503253 -0.169148922 -82.139480591 -0.035434749 0.999366105 0.003424604 -0.432547987 0.169163287 0.002620683 0.985584557 76.452644348
0.983414948 0.033117704 -0.178320944 -82.270217896 -0.034350332 0.999402523 -0.003828551 -0.440281719 0.178087622 0.009890439 0.983964920 77.201911926
0.981795311 0.030274235 -0.187514096 -82.417373657 -0.031831127 0.999479234 -0.005296540 -0.459101021 0.187256098 0.011168904 0.982247651 77.953239441
0.979887486 0.030509349 -0.197204605 -82.576744080 -0.031551942 0.999499798 -0.002146331 -0.464418441 0.197040513 0.008325349 0.980359972 78.643875122
0.977614641 0.030316422 -0.208207816 -82.748428345 -0.030253030 0.999536157 0.003489561 -0.468692690 0.208217055 0.002887472 0.978078365 79.384582520
0.974997580 0.031972952 -0.219903588 -82.921798706 -0.030158948 0.999477804 0.011602165 -0.478527427 0.220159724 -0.004680023 0.975452602 80.107719421
0.972497940 0.032087378 -0.230690584 -83.115653992 -0.029800495 0.999466121 0.013391672 -0.463394761 0.230997130 -0.006148683 0.972935021 80.836311340
0.969573200 0.035967857 -0.242144719 -83.296752930 -0.034224521 0.999349117 0.011403366 -0.499691248 0.242397293 -0.002769112 0.970173120 81.529846191
0.966336608 0.035233360 -0.254856974 -83.488952637 -0.035889361 0.999353647 0.002077163 -0.505986810 0.254765421 0.007139415 0.966976583 82.231819153
0.963173151 0.033086330 -0.266838610 -83.702453613 -0.034951456 0.999386430 -0.002242075 -0.516892254 0.266600728 0.011485906 0.963738680 82.932281494
0.959750950 0.031929385 -0.279031485 -83.916397095 -0.032630898 0.999465287 0.002131575 -0.515933335 0.278950334 0.007059268 0.960279584 83.649627686
0.956428289 0.033479165 -0.290041447 -84.145996094 -0.032020751 0.999439359 0.009773944 -0.529712677 0.290206075 -0.000060730 0.956964135 84.365982056
0.952935994 0.033116434 -0.301357895 -84.382652283 -0.029743457 0.999432981 0.015775440 -0.542921782 0.301709443 -0.006069553 0.953380585 85.057655334
0.948800027 0.031298343 -0.314322710 -84.616996765 -0.028598141 0.999503851 0.013199477 -0.522496104 0.314579904 -0.003534620 0.949224412 85.793342590
0.944794476 0.029378574 -0.326343834 -84.863319397 -0.028116619 0.999567866 0.008584353 -0.525236547 0.326454997 0.001065235 0.945212126 86.504478455
0.941710293 0.025389459 -0.335465610 -85.118774414 -0.026286911 0.999652743 0.001866021 -0.536227584 0.335396409 0.007061102 0.942050695 87.206642151
0.939020813 0.021815982 -0.343167484 -85.382255554 -0.024674900 0.999687672 -0.003966225 -0.544941068 0.342973769 0.012191992 0.939265847 87.904220581
0.936230659 0.021818580 -0.350707978 -85.651458740 -0.025452057 0.999659538 -0.005753634 -0.557145715 0.350463033 0.014312966 0.936467171 88.607131958
0.933413267 0.026847433 -0.357797325 -85.933685303 -0.030845631 0.999509215 -0.005470884 -0.573260486 0.357474893 0.016143082 0.933783233 89.305435181
0.930407584 0.026808243 -0.365545034 -86.220291138 -0.030044194 0.999543607 -0.003166058 -0.588017046 0.365293324 0.013928232 0.930788338 90.008476257
0.927280486 0.027859956 -0.373329490 -86.512741089 -0.028544940 0.999585688 0.003694469 -0.598170877 0.373277783 0.007230859 0.927691460 90.720726013
0.924465537 0.029407399 -0.380129844 -86.802841187 -0.026758343 0.999566853 0.012252376 -0.607187867 0.380325496 -0.001155254 0.924852014 91.426063538
0.921819210 0.038698975 -0.385683507 -87.123519897 -0.033927202 0.999240339 0.019173326 -0.612892389 0.386132509 -0.004589176 0.922431946 92.137626648
0.919093251 0.046395537 -0.391298831 -87.433181763 -0.043266539 0.998922050 0.016814601 -0.626376152 0.391657114 0.001475964 0.920110047 92.822769165
0.916755199 0.042987715 -0.397129506 -87.739379883 -0.042850014 0.999038994 0.009224761 -0.628718853 0.397144437 0.008560161 0.917716205 93.510971069
0.914708972 0.034606457 -0.402628630 -88.038970947 -0.037175789 0.999307752 0.001434241 -0.627010226 0.402399540 0.013656126 0.915362358 94.200630188
0.913072407 0.035349540 -0.406262636 -88.364837646 -0.038322367 0.999265075 0.000818355 -0.632873535 0.405992985 0.014821730 0.913756073 94.894836426
0.910865426 0.041251611 -0.410636663 -88.704940796 -0.042530827 0.999076903 0.006024003 -0.640438557 0.410506189 0.011977664 0.911779225 95.610626221
0.908509314 0.044716667 -0.415465087 -89.018501282 -0.044315916 0.998961151 0.010611700 -0.643739223 0.415507972 0.008770888 0.909547210 96.289009094
0.906197131 0.041048817 -0.420858413 -89.347167969 -0.041283958 0.999110818 0.008556103 -0.653294802 0.420835406 0.009621186 0.907086015 96.990921021
0.904126048 0.038887993 -0.425492525 -89.685531616 -0.041838419 0.999121487 0.002412785 -0.660411656 0.425212502 0.015620476 0.904958725 97.678100586
0.902143955 0.036283217 -0.429906785 -90.033439636 -0.042206433 0.999099851 -0.004246775 -0.665660858 0.429365754 0.021976035 0.902863324 98.362693787
