1.000000000 0.000000000 0.000000000 0.000000000 0.000000000 1.000000000 0.000000000 0.000000000 0.000000000 0.000000000 1.000000000 0.000000000
0.999978244 0.000435560 -0.006584345 -0.006580537 -0.000432480 0.999999821 0.000469128 -0.002881191 0.006584548 -0.000466270 0.999978185 0.091796763
0.999905825 0.001038495 -0.013685076 -0.014391355 -0.001035281 0.999999464 0.000241903 -0.001862711 0.013685321 -0.000227713 0.999906301 0.189509705
0.999774694 0.001213229 -0.021192336 -0.028825630 -0.001225182 0.999999106 -0.000551050 -0.002483436 0.021191649 0.000576890 0.999775290 0.283481061
0.999537230 0.001785752 -0.030366449 -0.041342601 -0.001848395 0.999996245 -0.002034957 -0.001169109 0.030362699 0.002090145 0.999536753 0.387438029
0.999120474 0.002141147 -0.041876499 -0.057880022 -0.002291235 0.999991119 -0.003536378 -0.002277212 0.041868556 0.003629217 0.999116540 0.503708959
0.998468339 0.002047623 -0.055287931 -0.083606705 -0.002287734 0.999988198 -0.004279966 -0.004117602 0.055278517 0.004399894 0.998461306 0.623325527
0.997443974 0.001875116 -0.071428373 -0.108187474 -0.002205266 0.999987245 -0.004543535 -0.001139964 0.071418941 0.004689442 0.997435391 0.762084484
0.995924830 0.000469896 -0.090185709 -0.136247501 -0.000886939 0.999989092 -0.004584243 -0.002692884 0.090182558 0.004645550 0.995914400 0.912088394
0.993923187 -0.000864034 -0.110072285 -0.174807161 0.000342234 0.999988675 -0.004759328 -0.005303217 0.110075131 0.004692736 0.993912160 1.074310660
0.991246939 -0.000915243 -0.132017210 -0.223420560 0.000216542 0.999985874 -0.005306760 -0.006988931 0.132020205 0.005231724 0.991233230 1.235045314
0.987719536 0.002674031 -0.156214535 -0.278882772 -0.003737977 0.999971747 -0.006517428 -0.012316113 0.156192690 0.007021317 0.987701654 1.408040404
0.983317494 0.006971463 -0.181763798 -0.341410458 -0.008575516 0.999930859 -0.008040503 -0.019445095 0.181695163 0.009465085 0.983309329 1.583347797
0.978008687 0.010343801 -0.208307460 -0.417365998 -0.012489228 0.999881625 -0.008986705 -0.024228284 0.208189845 0.011390675 0.978022099 1.756268740
0.971304059 0.010880239 -0.237592116 -0.492305189 -0.013477772 0.999865830 -0.009311063 -0.025922976 0.237458915 0.012246085 0.971320331 1.942736983
0.963241994 0.012768323 -0.268331677 -0.580552459 -0.015690384 0.999838591 -0.008748029 -0.030190974 0.268176675 0.012636694 0.963286877 2.136174202
0.953758657 0.014459714 -0.300225437 -0.676750124 -0.017551303 0.999817133 -0.007603092 -0.033811972 0.300060540 0.012520865 0.953837991 2.323099375
0.942480206 0.016717091 -0.333843827 -0.780830026 -0.020050056 0.999777615 -0.006540201 -0.033559591 0.333660245 0.012857596 0.942605674 2.517724991
0.930074632 0.019058578 -0.366875648 -0.865646601 -0.022739692 0.999725103 -0.005713849 -0.042371511 0.366665959 0.013656946 0.930252373 2.660910130
0.916101635 0.021765923 -0.400354803 -0.981571138 -0.025964202 0.999650002 -0.005064358 -0.042005643 0.400104523 0.015034360 0.916346192 2.840893984
0.899957776 0.022397613 -0.435401082 -1.109481812 -0.027021622 0.999625027 -0.004430655 -0.039676256 0.435138613 0.015752651 0.900225759 3.034796000
0.881508827 0.017572278 -0.471840322 -1.235176206 -0.022754602 0.999727130 -0.005279115 -0.037916239 0.471618861 0.015390127 0.881668210 3.217260122
0.860466838 0.012439051 -0.509354472 -1.373524427 -0.017751032 0.999826908 -0.005570342 -0.043200910 0.509196997 0.013834664 0.860538781 3.388168573
0.835467875 0.014129010 -0.549357593 -1.533819556 -0.018519066 0.999825537 -0.002449294 -0.046049755 0.549227238 0.012219897 0.835583746 3.565314531
0.806503117 0.019900512 -0.590894759 -1.711161852 -0.023309693 0.999726474 0.001854356 -0.055950619 0.590770125 0.012278033 0.806746542 3.722994328
0.773797393 0.022514805 -0.633032918 -1.906936884 -0.026070533 0.999653280 0.003686521 -0.058419719 0.632896423 0.013650888 0.774116099 3.896645546
0.737657189 0.021510161 -0.674832642 -2.115511417 -0.025277603 0.999671519 0.004233476 -0.056951925 0.674701929 0.013935298 0.737958670 4.067529202
0.697852850 0.016916534 -0.716041327 -2.335767508 -0.019321520 0.999801934 0.004789675 -0.051079199 0.715980411 0.010492519 0.698041439 4.233855247
0.654724896 0.013849778 -0.755740404 -2.568088293 -0.014160573 0.999881387 0.006056122 -0.057069123 0.755734622 0.006736622 0.654843330 4.395032406
0.610464454 0.012996106 -0.791936994 -2.825407505 -0.011044103 0.999907792 0.007895675 -0.055728260 0.791966617 0.003926204 0.610551715 4.532757759
0.561896205 0.012973243 -0.827105999 -3.103801012 -0.008822115 0.999914110 0.009690436 -0.045124337 0.827160656 0.001851805 0.561962306 4.674775600
0.511222541 0.014174183 -0.859331369 -3.402709484 -0.007172252 0.999899566 0.012225946 -0.048626080 0.859418452 -0.000086838 0.511272848 4.797225952
0.458949745 0.015528344 -0.888326466 -3.708804131 -0.006663410 0.999879301 0.014035714 -0.041475914 0.888437212 -0.000522405 0.458997786 4.897274494
0.404269457 0.017677255 -0.914469063 -4.042744637 -0.005739733 0.999842584 0.016790150 -0.035313301 0.914621890 -0.001538936 0.404307216 4.995101929
0.348997802 0.019728146 -0.936915874 -4.389118671 -0.005639850 0.999804556 0.018951535 -0.032202087 0.937106550 -0.001329979 0.349040836 5.073383808
0.293352455 0.022717031 -0.955734372 -4.763175488 -0.002360899 0.999731719 0.023038164 -0.030450925 0.956001461 -0.004501908 0.293327361 5.155611038
0.239217579 0.024288245 -0.970662177 -5.141479969 0.001718025 0.999674916 0.025437620 -0.025705293 0.970964491 -0.007752748 0.239098117 5.216896057
0.189014554 0.024739224 -0.981662571 -5.521071434 0.003877921 0.999655962 0.025939362 -0.020180687 0.981966615 -0.008709727 0.188853621 5.240843773
0.141122058 0.025835987 -0.989655018 -5.957887650 0.001635314 0.999651968 0.026330164 -0.015084624 0.989990830 -0.005334164 0.141030684 5.273799419
0.098853663 0.026338985 -0.994753242 -6.385209084 -0.000713946 0.999651194 0.026397722 -0.006153405 0.995101631 -0.001899312 0.098837987 5.274035454
0.060481369 0.025011264 -0.997855961 -6.836444378 -0.001718933 0.999687135 0.024952982 0.003291532 0.998167813 0.000206057 0.060505457 5.273229122
0.026352834 0.021813413 -0.999414623 -7.287619591 -0.000192713 0.999761999 0.021815909 0.012210459 0.999652684 -0.000382311 0.026350768 5.258274078
-0.004892641 0.019145865 -0.999804676 -7.760917664 0.000006527 0.999816835 0.019146059 0.014996439 0.999988019 0.000087149 -0.004891868 5.230561256
-0.031772621 0.016984224 -0.999350727 -8.248876572 -0.000460893 0.999855280 0.017007452 0.023147434 0.999495029 0.001000965 -0.031760190 5.198739052
-0.052454714 0.014788592 -0.998513818 -8.764099121 -0.000753350 0.999889433 0.014848541 0.032789178 0.998623013 0.001531106 -0.052437782 5.151044369
-0.068556890 0.013999514 -0.997548997 -9.289240837 -0.000408683 0.999900997 0.014060609 0.042462759 0.997647107 0.001371633 -0.068544380 5.098857880
-0.081809849 0.014290943 -0.996545494 -9.825435638 0.000450061 0.999897599 0.014302067 0.050022803 0.996647835 0.000721544 -0.081807874 5.047516346
-0.091412000 0.015433932 -0.995693684 -10.380313873 -0.000086261 0.999879777 0.015506744 0.053624384 0.995813131 0.001503392 -0.091399685 4.985883713
-0.098171920 0.016887680 -0.995026171 -10.955884933 -0.002324249 0.999849379 0.017198857 0.050002858 0.995166779 0.004001134 -0.098117866 4.919157982
-0.102403797 0.017940320 -0.994581223 -11.545529366 -0.002253181 0.999830604 0.018267004 0.056338906 0.994740367 0.004111581 -0.102346048 4.849600792
-0.103728592 0.018560182 -0.994432569 -12.156244278 -0.000066024 0.999825835 0.018667730 0.065793931 0.994605601 0.002002033 -0.103709333 4.781678200
-0.102867857 0.020720895 -0.994479179 -12.776181221 0.001983521 0.999785304 0.020626275 0.072026119 0.994692981 0.000149212 -0.102886871 4.719191074
-0.101169907 0.023248916 -0.994597435 -13.418972969 0.001600688 0.999729335 0.023206059 0.076204807 0.994867861 0.000755715 -0.101179756 4.648526669
-0.099558748 0.023079937 -0.994763970 -14.068779945 -0.000628470 0.999729216 0.023258038 0.083223730 0.995031476 0.002940721 -0.099517301 4.582352638
-0.098043427 0.021162694 -0.994957209 -14.736499786 -0.002643886 0.999764800 0.021525485 0.084627450 0.995178640 0.004740984 -0.097964428 4.511836052
-0.096894450 0.020947164 -0.995074213 -15.414048195 -0.002958043 0.999767959 0.021334011 0.097841457 0.995290279 0.005010619 -0.096810013 4.447175980
-0.095337547 0.023256127 -0.995173275 -16.117033005 -0.002596458 0.999717832 0.023611065 0.112679183 0.995441616 0.004834948 -0.095250264 4.378457546
-0.093397453 0.026709018 -0.995270729 -16.835361481 -0.003362369 0.999625921 0.027141431 0.125426471 0.995623171 0.005881407 -0.093272708 4.306922436
-0.091611557 0.028760970 -0.995379448 -17.571958542 -0.003175976 0.999569178 0.029174343 0.134782046 0.995789707 0.005834008 -0.091480747 4.233803272
-0.089574493 0.028202327 -0.995580733 -18.308029175 -0.006309994 0.999562800 0.028882854 0.143199742 0.995960116 0.008869275 -0.089357384 4.157403469
-0.087910205 0.025055334 -0.995813251 -19.061870575 -0.008580638 0.999627531 0.025908804 0.158847064 0.996091425 0.010822361 -0.087662458 4.083844185
-0.086337492 0.024355222 -0.995968223 -19.831590652 -0.009211109 0.999638855 0.025243465 0.172748297 0.996223509 0.011353428 -0.086081967 4.013749123
-0.085153259 0.026478356 -0.996015966 -20.616117477 -0.006459333 0.999611080 0.027126167 0.188575238 0.996346951 0.008743477 -0.084949099 3.950594902
-0.083866455 0.028715989 -0.996063173 -21.402658463 -0.004372096 0.999564409 0.029185049 0.200091124 0.996467471 0.006802531 -0.083704375 3.880578995
-0.082589425 0.030505061 -0.996116698 -22.197332382 -0.003601965 0.999515772 0.030907799 0.207520068 0.996577144 0.006140634 -0.082439557 3.812650681
-0.081807382 0.025778107 -0.996314883 -23.000484467 -0.003378198 0.999652565 0.026141856 0.219325691 0.996642411 0.005504345 -0.081691891 3.740243912
-0.081342682 0.018967528 -0.996505678 -23.800918579 -0.002326671 0.999812543 0.019220393 0.225117072 0.996683478 0.003881979 -0.081283309 3.670993567
-0.081868790 0.014729863 -0.996534228 -24.613025665 0.000753400 0.999891400 0.014717591 0.231090009 0.996642828 0.000454123 -0.081871003 3.609639168
-0.082074016 0.015046885 -0.996512651 -25.440406799 0.002150018 0.999886394 0.014920751 0.243079484 0.996623933 -0.000917914 -0.082097039 3.536987066
-0.082011983 0.022818463 -0.996370077 -26.285436630 0.001600582 0.999739587 0.022763886 0.243481070 0.996630073 0.000272139 -0.082027130 3.455831289
-0.082654141 0.029673826 -0.996136427 -27.128635406 0.000191460 0.999557078 0.029759835 0.252827525 0.996578276 0.002269054 -0.082623206 3.385958195
-0.083570927 0.034614176 -0.995900571 -27.968849182 -0.001648954 0.999390304 0.034873843 0.265808284 0.996500492 0.004556633 -0.083462894 3.315829515
-0.083287768 0.035428487 -0.995895565 -28.810747147 -0.003141948 0.999353528 0.035814267 0.273221433 0.996520579 0.006111942 -0.083122596 3.228596449
-0.083421588 0.031868756 -0.996004641 -29.642450333 -0.003106450 0.999475360 0.032239996 0.287770212 0.996509492 0.005783550 -0.083278820 3.153162479
-0.084049597 0.029062890 -0.996037662 -30.477645874 -0.003011448 0.999562621 0.029419860 0.303775132 0.996457040 0.005472242 -0.083925329 3.080322504
-0.084266409 0.030342184 -0.995981216 -31.312778473 -0.004846333 0.999512076 0.030859780 0.314536512 0.996431470 0.007427300 -0.084078237 3.004721642
-0.084344082 0.033020977 -0.995889544 -32.155517578 -0.005836981 0.999417245 0.033632301 0.319891274 0.996419549 0.008649673 -0.084102169 2.928528786
-0.084287487 0.031406708 -0.995946348 -32.992294312 -0.006729494 0.999462545 0.032087099 0.328398287 0.996418715 0.009406756 -0.084030822 2.850833416
-0.083861098 0.026100568 -0.996135533 -33.825382233 -0.007355023 0.999613404 0.026810894 0.343495905 0.996450305 0.009574991 -0.083636723 2.774320841
-0.083468720 0.021896904 -0.996269703 -34.650505066 -0.008582654 0.999705613 0.022691486 0.352345020 0.996473432 0.010444668 -0.083256215 2.697789431
-0.082819529 0.022629652 -0.996307611 -35.498050690 -0.008276341 0.999691963 0.023394506 0.360609412 0.996530175 0.010183302 -0.082606733 2.614777803
-0.082524195 0.025268167 -0.996268630 -36.334011078 -0.006930628 0.999639809 0.025927754 0.366180360 0.996564984 0.009044434 -0.082319327 2.543666840
-0.081801251 0.030223493 -0.996190250 -37.169067383 -0.006755449 0.999500334 0.030878631 0.371859610 0.996625721 0.009255622 -0.081556186 2.471968174
-0.081321381 0.035926349 -0.996040225 -38.011474609 -0.006049326 0.999314070 0.036538325 0.384672761 0.996669590 0.008996717 -0.081048258 2.402796745
-0.081182867 0.039010119 -0.995935500 -38.855731964 -0.006254505 0.999194086 0.039647587 0.397965789 0.996679604 0.009447788 -0.080873460 2.316011667
-0.080912791 0.038780626 -0.995966494 -39.684925079 -0.006115794 0.999204636 0.039403573 0.414954185 0.996702492 0.009279378 -0.080611266 2.246852875
-0.081214979 0.034253951 -0.996107817 -40.506053925 -0.005845385 0.999375641 0.034842916 0.434450984 0.996679485 0.008652400 -0.080964051 2.182103157
-0.080758579 0.029429933 -0.996299148 -41.336532593 -0.006693340 0.999525428 0.030067781 0.451739371 0.996711195 0.009096802 -0.080523267 2.103051662
-0.080033094 0.027564418 -0.996411026 -42.170310974 -0.011537296 0.999525011 0.028577246 0.449154735 0.996725440 0.013783014 -0.079677060 2.013206959
-0.081166618 0.026070883 -0.996359587 -42.996330261 -0.014617489 0.999519229 0.027344346 0.459511459 0.996593297 0.016783724 -0.080746502 1.948038816
-0.081266083 0.023449915 -0.996416569 -43.814487457 -0.012206964 0.999624729 0.024521001 0.475057244 0.996617794 0.014155948 -0.080949321 1.868448734
-0.082360066 0.019832598 -0.996405303 -44.648735046 -0.008733057 0.999749243 0.020621007 0.479013264 0.996564329 0.010400010 -0.082166225 1.800398588
-0.083004653 0.018472534 -0.996377945 -45.474395752 -0.004293001 0.999812305 0.018893844 0.485339642 0.996539891 0.005845731 -0.082909763 1.730936289
-0.085348412 0.021671629 -0.996115446 -46.280044556 -0.004147072 0.999747038 0.022105966 0.490974307 0.996342480 0.006017673 -0.085236959 1.661742926
-0.086918004 0.028574953 -0.995805562 -47.105567932 -0.001467860 0.999583781 0.028811492 0.488688111 0.996214390 0.003965941 -0.086839885 1.586750984
-0.088470347 0.032138843 -0.995560169 -47.918464661 0.000291753 0.999480069 0.032239463 0.500121951 0.996078730 0.002561778 -0.088433735 1.506348610
-0.089999735 0.030897325 -0.995462418 -48.720851898 -0.000504442 0.999517083 0.031068785 0.507083118 0.995941639 0.003298335 -0.089940675 1.436089993
-0.091289282 0.027045814 -0.995457172 -49.520774841 -0.003564280 0.999615788 0.027485680 0.513974726 0.995818019 0.006057234 -0.091157824 1.354367733
-0.092191204 0.023280110 -0.995469093 -50.314075470 -0.008386544 0.999673069 0.024155106 0.524285793 0.995706022 0.010575435 -0.091965824 1.267599583
-0.093651794 0.021919319 -0.995363653 -51.105598450 -0.012644627 0.999650776 0.023203433 0.529708445 0.995524824 0.014759047 -0.093341917 1.180808544
-0.094676651 0.023137646 -0.995239079 -51.899883270 -0.013958020 0.999600768 0.024566865 0.532020867 0.995410144 0.016217481 -0.094315909 1.096802235
-0.095615797 0.024679119 -0.995112300 -52.687423706 -0.013903964 0.999561906 0.026125444 0.537674904 0.995321214 0.016334014 -0.095230788 1.016705036
-0.096449569 0.024212262 -0.995043337 -53.470932007 -0.015900185 0.999539018 0.025862861 0.542883992 0.995210826 0.018315839 -0.096020140 0.932057858
-0.097164236 0.024062209 -0.994977415 -54.251300812 -0.016676003 0.999527991 0.025800746 0.547023296 0.995128632 0.019099157 -0.096717134 0.852601051
-0.097724333 0.025729004 -0.994880855 -55.028743744 -0.014788841 0.999517858 0.027301589 0.557247519 0.995103657 0.017381163 -0.097296700 0.774729729
-0.097811863 0.028615005 -0.994793475 -55.801235199 -0.013978536 0.999448419 0.030123323 0.566228509 0.995106697 0.016852172 -0.097357929 0.692769527
-0.097985134 0.032937296 -0.994642615 -56.573696136 -0.013778171 0.999311447 0.034449235 0.573174119 0.995092511 0.017079869 -0.097463831 0.612707138
-0.098544657 0.034987990 -0.994517386 -57.333560944 -0.013996360 0.999234021 0.036540799 0.585039973 0.995034158 0.017520526 -0.097979479 0.531650543
-0.099457659 0.034930173 -0.994428515 -58.086715698 -0.013542352 0.999243557 0.036453746 0.595699906 0.994949758 0.017092500 -0.098909393 0.458195210
-0.099644937 0.033017967 -0.994475067 -58.834903717 -0.013077406 0.999319434 0.034489147 0.603689909 0.994937062 0.016441820 -0.099145345 0.377896786
-0.099864028 0.029812312 -0.994554341 -59.565101624 -0.012931444 0.999427736 0.031256855 0.607593775 0.994917035 0.015982460 -0.099421352 0.301057816
-0.099382371 0.026601577 -0.994693696 -60.294307709 -0.013163028 0.999519944 0.028045801 0.621017456 0.994962275 0.015880439 -0.098984495 0.218788147
-0.098176003 0.024071096 -0.994877875 -61.015529633 -0.013267386 0.999586940 0.025494272 0.631541491 0.995080590 0.015702356 -0.097816095 0.140280724
-0.095943943 0.023578815 -0.995107412 -61.693656921 -0.016006252 0.999553561 0.025227418 0.629774094 0.995258033 0.018348359 -0.095523708 0.071940899
-0.091951124 0.024521261 -0.995461524 -62.375408173 -0.016402090 0.999523759 0.026136393 0.632725477 0.995628417 0.018730925 -0.091505133 0.007765293
-0.085904494 0.026200481 -0.995958745 -63.047100067 -0.015914703 0.999490499 0.027666083 0.636300802 0.996176243 0.018227030 -0.085443757 -0.054399014
-0.078467943 0.027382309 -0.996540546 -63.697994232 -0.015107962 0.999475241 0.028652551 0.642502427 0.996802151 0.017304003 -0.078013077 -0.106154442
-0.069746576 0.028493484 -0.997157633 -64.338111877 -0.016072141 0.999430060 0.029682588 0.649326444 0.997435212 0.018096717 -0.069248863 -0.152783871
-0.058216721 0.030729152 -0.997831047 -64.952774048 -0.018399449 0.999323308 0.031848598 0.648460031 0.998134315 0.020213658 -0.057611931 -0.185742617
-0.043280609 0.032169919 -0.998544931 -65.561340332 -0.021685012 0.999215782 0.033131443 0.654211402 0.998827577 0.023087407 -0.042549059 -0.212565184
-0.025082938 0.033555709 -0.999122143 -66.146675110 -0.023429090 0.999142170 0.034144580 0.660257220 0.999410689 0.024264965 -0.024275243 -0.219333768
-0.002453163 0.034480479 -0.999402404 -66.719429016 -0.024320329 0.999107599 0.034530014 0.664495349 0.999701142 0.024390496 -0.001612399 -0.220202431
0.022690102 0.035227094 -0.999121726 -67.249160767 -0.023444461 0.999122918 0.034694705 0.665969133 0.999467611 0.022636641 0.023496080 -0.188713193
0.051696718 0.034436900 -0.998068929 -67.741302490 -0.021616720 0.999209642 0.033356585 0.675297976 0.998428822 0.019850548 0.052400276 -0.136279821
0.085957244 0.033912484 -0.995721519 -68.244773865 -0.020563575 0.999267876 0.032258093 0.688381553 0.996086597 0.017702779 0.086591691 -0.072935104
0.124008596 0.033974886 -0.991699338 -68.724166870 -0.020039463 0.999295592 0.031729270 0.696722746 0.992078722 0.015938420 0.124602079 0.006646156
0.164944544 0.034110889 -0.985712886 -69.168930054 -0.019854736 0.999314070 0.031259172 0.694438696 0.986102879 0.014415039 0.165508658 0.100039482
0.210092515 0.035374340 -0.977041364 -69.591514587 -0.018816663 0.999306440 0.032134317 0.693724036 0.977500558 0.011633476 0.210612431 0.215214729
0.258553416 0.033772592 -0.965406418 -70.031448364 -0.015550973 0.999404669 0.030797107 0.699208021 0.965871811 0.007050313 0.258924693 0.367248535
0.307640374 0.029395310 -0.951048553 -70.412895203 -0.007952482 0.999567211 0.028322510 0.689667583 0.951469541 -0.001149951 0.307740927 0.543952942
0.359232426 0.023408309 -0.932954431 -70.827598572 -0.002276223 0.999704421 0.024206638 0.697608769 0.933245361 -0.006572196 0.359179556 0.741909027
0.411366642 0.018840093 -0.911275268 -71.202812195 0.002641119 0.999757588 0.021861665 0.701603532 0.911466181 -0.011399942 0.411217183 0.957134247
0.462264061 0.018845439 -0.886542022 -71.558364868 0.001389572 0.999757528 0.021976642 0.707744598 0.886741221 -0.011390928 0.462125778 1.183103561
0.510414839 0.017085994 -0.859758556 -71.929000854 0.003244460 0.999757171 0.021794332 0.719894230 0.859922111 -0.013913603 0.510235488 1.444007874
0.555778146 0.013347884 -0.831223488 -72.276641846 0.011095288 0.999662936 0.023471309 0.715550065 0.831256628 -0.022267504 0.555442691 1.724086761
0.599230766 0.006625304 -0.800548911 -72.601593018 0.021601517 0.999467850 0.024440818 0.721211374 0.800284922 -0.031938765 0.598768771 2.037590027
0.641869903 0.002515976 -0.766809523 -72.882995605 0.022170193 0.999515831 0.021837423 0.713904738 0.766493022 -0.031017097 0.641503334 2.328647614
0.683432639 -0.002348524 -0.730009854 -73.182937622 0.019395294 0.999700248 0.014941659 0.716443896 0.729755938 -0.024370372 0.683273315 2.641338348
0.724042594 -0.009296559 -0.689692557 -73.479797363 0.016241249 0.999861836 0.003572725 0.724639893 0.689564109 -0.013788275 0.724093497 2.989509583
0.763153851 -0.010989765 -0.646123350 -73.731704712 0.010529066 0.999934077 -0.004571482 0.723711908 0.646131039 -0.003314331 0.763219297 3.341308594
0.800211787 -0.011641677 -0.599604487 -73.986679077 0.009009471 0.999932170 -0.007390540 0.720342040 0.599649906 0.000511878 0.800262332 3.737194061
0.834363163 -0.012838446 -0.551065624 -74.238143921 0.009272602 0.999914169 -0.009255932 0.716538906 0.551137149 0.002612996 0.834410608 4.168258667
0.865048885 -0.011598327 -0.501553416 -74.463317871 0.006516114 0.999908149 -0.011884086 0.714828372 0.501645148 0.007012137 0.865045130 4.615554810
0.891051114 -0.010265267 -0.453786969 -74.673248291 0.006366951 0.999928474 -0.010117645 0.697247624 0.453858346 0.006126101 0.891052783 5.090383530
0.912241220 -0.004596077 -0.409627676 -74.867797852 0.000873853 0.999956548 -0.009273578 0.689109445 0.409652531 0.008101786 0.912205696 5.583930969
0.929868340 0.000514109 -0.367892057 -75.057678223 -0.004726190 0.999933183 -0.010548363 0.677464843 0.367862105 0.011547317 0.929808617 6.093587875
0.943445623 0.005445310 -0.331482559 -75.235733032 -0.008950547 0.999918997 -0.009048700 0.669626117 0.331406444 0.011503907 0.943417966 6.631156921
0.953570247 0.006014597 -0.301110536 -75.404380798 -0.008565756 0.999937832 -0.007152947 0.659581602 0.301048756 0.009400079 0.953562379 7.192306519
0.960962892 0.005404862 -0.276624084 -75.555610657 -0.007425902 0.999952853 -0.006259076 0.653809309 0.276577204 0.008068925 0.960957825 7.773488998
0.966712892 0.005861688 -0.255796403 -75.703826904 -0.007096731 0.999967217 -0.003905473 0.643507183 0.255765110 0.005590788 0.966722786 8.377622604
0.971347749 0.008230473 -0.237520128 -75.847915649 -0.008747994 0.999961138 -0.001124923 0.634123683 0.237501636 0.003170515 0.971381903 8.993862152
0.975030541 0.013418259 -0.221664980 -76.008338928 -0.013729908 0.999905705 0.000134954 0.631143808 0.221645832 0.002911855 0.975122988 9.633625031
0.977873862 0.017191576 -0.208488166 -76.147811890 -0.017284695 0.999849677 0.001375344 0.625375330 0.208480477 0.002258742 0.978023887 10.279392242
0.980600834 0.015613263 -0.195392713 -76.270301819 -0.015697191 0.999876082 0.001119040 0.617559552 0.195385963 0.001969785 0.980724454 10.938518524
0.983160973 0.016120914 -0.182029098 -76.389648438 -0.016244501 0.999867678 0.000812090 0.606820107 0.182018116 0.002158557 0.983292758 11.624239922
0.985772014 0.017008506 -0.167225510 -76.507736206 -0.017005714 0.999854326 0.001448796 0.601718783 0.167225793 0.001415606 0.985917568 12.322162628
0.987979591 0.017804811 -0.153554931 -76.607025146 -0.017760951 0.999840915 0.001657509 0.598163128 0.153559968 0.001089696 0.988138795 13.024788857
0.989881873 0.018658176 -0.140661776 -76.710906982 -0.018949633 0.999820173 -0.000732801 0.579830289 0.140622810 0.003390876 0.990057409 13.744261742
0.991382837 0.018970814 -0.129615322 -76.801956177 -0.019906877 0.999784350 -0.005929971 0.567346275 0.129474878 0.008459107 0.991546631 14.469340324
0.992520750 0.017568825 -0.120805636 -76.882804871 -0.019218817 0.999737084 -0.012506594 0.559256554 0.120554149 0.014734794 0.992597461 15.215427399
0.993542254 0.016946817 -0.112189807 -76.981460571 -0.018451890 0.999752939 -0.012390641 0.549237251 0.111952104 0.014380740 0.993609488 15.977389336
0.994282365 0.018608730 -0.105148301 -77.068763733 -0.019371642 0.999792933 -0.006238890 0.533336163 0.105010428 0.008240115 0.994437039 16.738695145
0.994699419 0.023494478 -0.100105435 -77.156883240 -0.023421666 0.999723852 0.001902726 0.516746938 0.100122489 0.000451995 0.994974971 17.510457993
0.995114267 0.024217101 -0.095712945 -77.242225647 -0.023793714 0.999701381 0.005562456 0.504222870 0.095819049 -0.003257914 0.995393455 18.286912918
0.995487750 0.023116348 -0.092031360 -77.315658569 -0.022823377 0.999730527 0.004234770 0.495807111 0.092104450 -0.002115195 0.995747089 19.047441483
0.995743692 0.023106134 -0.089222133 -77.384063721 -0.022894464 0.999732077 0.003395200 0.484773755 0.089276671 -0.001338057 0.996006012 19.823833466
0.996038735 0.021931065 -0.086175039 -77.455459595 -0.021489229 0.999750912 0.006051617 0.469747663 0.086286291 -0.004175810 0.996261656 20.585433960
0.996308565 0.020120196 -0.083454005 -77.523162842 -0.019476270 0.999774039 0.008522943 0.460193247 0.083606638 -0.006866106 0.996475160 21.358837128
0.996586323 0.017823867 -0.080610320 -77.584671021 -0.017037004 0.999800384 0.010438673 0.447953731 0.080780268 -0.009029683 0.996691048 22.123098373
0.996792972 0.016684627 -0.078265861 -77.638633728 -0.016209107 0.999846101 0.006707174 0.439715743 0.078365728 -0.005417044 0.996909976 22.880163193
0.996877015 0.019871360 -0.076428711 -77.701034546 -0.019973924 0.999800444 -0.000577787 0.429311961 0.076401979 0.002102564 0.997074902 23.618494034
0.996991098 0.020392410 -0.074785925 -77.763725281 -0.021058019 0.999745309 -0.008122455 0.415874749 0.074601233 0.009672858 0.997166514 24.374073029
0.997072339 0.021386784 -0.073412068 -77.820960999 -0.022341851 0.999675810 -0.012213100 0.400573969 0.073127069 0.013817504 0.997226894 25.121051788
0.997178197 0.023017814 -0.071454927 -77.879867554 -0.023844371 0.999658048 -0.010736071 0.381561995 0.071183376 0.012409573 0.997386038 25.878553391
0.997251451 0.026663795 -0.069126815 -77.941009521 -0.027188445 0.999608159 -0.006659879 0.359908938 0.068922132 0.008521026 0.997585595 26.639848709
0.997333884 0.029805224 -0.066608414 -78.006965637 -0.029984403 0.999548852 -0.001691727 0.343145192 0.066527948 0.003684429 0.997777700 27.396654129
0.997577012 0.027669070 -0.063832246 -78.063674927 -0.027723918 0.999615550 0.000026537 0.329609096 0.063808434 0.001743207 0.997960687 28.153209686
0.997729957 0.024391627 -0.062770955 -78.107940674 -0.024446405 0.999701142 -0.000104687 0.316039860 0.062749654 0.001638974 0.998027980 28.917751312
0.997785151 0.022750067 -0.062508531 -78.145057678 -0.022789197 0.999740243 0.000087043 0.299174219 0.062494293 0.001337669 0.998044372 29.665740967
0.997912049 0.022017917 -0.060718685 -78.202484131 -0.022171609 0.999752402 -0.001858588 0.286949426 0.060662732 0.003200938 0.998153210 30.419448853
0.997985959 0.019921998 -0.060225848 -78.246833801 -0.020143434 0.999792337 -0.003071863 0.274582237 0.060152143 0.004278831 0.998180091 31.176555634
0.998061836 0.018944709 -0.059275623 -78.294570923 -0.019164333 0.999811530 -0.003138914 0.262386829 0.059204977 0.004268810 0.998236716 31.936903000
0.998046875 0.022446418 -0.058297846 -78.348457336 -0.022596752 0.999742866 -0.001920720 0.248684078 0.058239739 0.003234310 0.998297393 32.708755493
0.998036981 0.022899235 -0.058290910 -78.399864197 -0.023119263 0.999727905 -0.003103003 0.239466846 0.058203992 0.004444554 0.998294830 33.475196838
0.997968435 0.022277895 -0.059687950 -78.452194214 -0.022510389 0.999741435 -0.003225527 0.224402264 0.059600655 0.004562573 0.998211920 34.256622314
0.997896850 0.019826023 -0.061715584 -78.503456116 -0.020040102 0.999795139 -0.002851671 0.214867815 0.061646394 0.004082459 0.998089671 35.040359497
0.997662485 0.021436885 -0.064884484 -78.563468933 -0.021665763 0.999761283 -0.002825881 0.199111789 0.064808413 0.004225048 0.997888803 35.829345703
0.997387707 0.025146114 -0.067715622 -78.620025635 -0.025398543 0.999673367 -0.002869314 0.183550775 0.067621343 0.004581696 0.997700572 36.609119415
0.997205138 0.025407948 -0.070261233 -78.691528320 -0.026006661 0.999632716 -0.007619404 0.162950993 0.070041835 0.009425365 0.997499466 37.420215607
0.997009099 0.025931880 -0.072804086 -78.751075745 -0.026818477 0.999577284 -0.011226717 0.150219947 0.072482184 0.013145634 0.997282982 38.212600708
0.996870637 0.025188854 -0.074929819 -78.822875977 -0.026220696 0.999574006 -0.012818964 0.133926868 0.074575000 0.014743559 0.997106552 39.039421082
0.996730506 0.025773110 -0.076576613 -78.896743774 -0.026714383 0.999579370 -0.011292940 0.113634288 0.076253347 0.013301713 0.996999860 39.863052368
0.996592343 0.024306942 -0.078821421 -78.964462280 -0.025188524 0.999630630 -0.010209524 0.091349810 0.078544162 0.012160129 0.996836483 40.694007874
0.996448457 0.023653571 -0.080813490 -79.033546448 -0.024443895 0.999662459 -0.008804211 0.079692543 0.080577955 0.010748340 0.996690452 41.510505676
0.996373773 0.023490973 -0.081776515 -79.107772827 -0.023999877 0.999698222 -0.005245608 0.065672427 0.081628613 0.007189215 0.996636868 42.341918945
0.996267438 0.022828840 -0.083246797 -79.170692444 -0.022928629 0.999737084 -0.000242769 0.049157791 0.083219364 0.002150598 0.996528924 43.185970306
0.996312737 0.023052977 -0.082641095 -79.244369507 -0.022977626 0.999734282 0.001862902 0.034735017 0.082662076 0.000042863 0.996577561 44.033901215
0.996402681 0.026004702 -0.080655299 -79.320106506 -0.025938731 0.999661803 0.001865705 0.024102122 0.080676533 0.000233103 0.996740282 44.893699646
0.996569633 0.025884049 -0.078606762 -79.394493103 -0.025928823 0.999663711 0.000451143 0.015135322 0.078592017 0.001588586 0.996905625 45.751663208
0.996762872 0.023645202 -0.076842166 -79.464622498 -0.023875382 0.999712765 -0.002078057 0.005562566 0.076770976 0.003905967 0.997041106 46.615188599
0.996960163 0.019832015 -0.075345710 -79.525779724 -0.020157570 0.999790609 -0.003562779 -0.011511832 0.075259246 0.005070737 0.997151136 47.487926483
0.997150421 0.018646250 -0.073098533 -79.595146179 -0.018994868 0.999811232 -0.004076790 -0.021511078 0.073008731 0.005453669 0.997316360 48.355518341
0.997251987 0.016408000 -0.072244383 -79.658721924 -0.016547585 0.999862194 -0.001334041 -0.039941825 0.072212540 0.002525846 0.997386098 49.233905792
0.997354388 0.013655496 -0.071399286 -79.718803406 -0.013605200 0.999906719 0.001190752 -0.054805830 0.071408890 -0.000216200 0.997447133 50.106872559
0.997420371 0.013499168 -0.070500962 -79.786170959 -0.013431822 0.999908745 0.001429251 -0.072310463 0.070513807 -0.000478608 0.997510672 50.981262207
0.997469962 0.015383016 -0.069405206 -79.852256775 -0.015545143 0.999877512 -0.001796384 -0.090185083 0.069369085 0.002870753 0.997586906 51.847309113
0.997465312 0.017601648 -0.068943225 -79.920890808 -0.018164404 0.999806523 -0.007544216 -0.107835770 0.068797119 0.008777407 0.997591972 52.701084137
0.997507215 0.019474676 -0.067824408 -79.989257812 -0.020394061 0.999708891 -0.012889409 -0.127186954 0.067553647 0.014240494 0.997613966 53.564430237
0.997443557 0.024003133 -0.067306094 -80.048858643 -0.025323275 0.999501884 -0.018829783 -0.153045416 0.066820592 0.020486055 0.997554660 54.412029266
0.997518897 0.023885516 -0.066223063 -80.114837646 -0.025229409 0.999490798 -0.019531805 -0.178798556 0.065722816 0.021154108 0.997613728 55.260589600
0.997601449 0.020802647 -0.066019520 -80.168106079 -0.021749260 0.999670267 -0.013652112 -0.205568194 0.065713756 0.015055242 0.997724891 56.119976044
0.997537196 0.020297436 -0.067138106 -80.224563599 -0.020662192 0.999775290 -0.004742951 -0.227073550 0.067026749 0.006118490 0.997732460 56.980983734
0.997509658 0.019504068 -0.067779392 -80.291748047 -0.019338256 0.999808311 0.003101629 -0.253370255 0.067826889 -0.001783170 0.997695506 57.832103729
0.997355342 0.017452562 -0.070551805 -80.349258423 -0.017441681 0.999847591 0.000770298 -0.266743660 0.070554502 0.000462282 0.997507811 58.670722961
0.997343063 0.012828267 -0.071708091 -80.423301697 -0.013079890 0.999909818 -0.003040526 -0.280035675 0.071662620 0.003970381 0.997420967 59.514659882
0.997141480 0.010821507 -0.074777953 -80.478744507 -0.011179703 0.999927878 -0.004373173 -0.298404127 0.074725255 0.005196666 0.997190595 60.335975647
0.996900797 0.012884044 -0.077605978 -80.547531128 -0.013425490 0.999888957 -0.006459116 -0.320248395 0.077514149 0.007480995 0.996963143 61.157562256
0.996603906 0.014811383 -0.081000693 -80.623908997 -0.015665311 0.999828041 -0.009916911 -0.341761947 0.080839880 0.011152135 0.996664703 61.973789215
0.996260643 0.015621618 -0.084973864 -80.701980591 -0.016835332 0.999765992 -0.013585586 -0.356767535 0.084741741 0.014965351 0.996290565 62.789836884
0.995958447 0.017914794 -0.088010348 -80.782333374 -0.019503402 0.999661386 -0.017223507 -0.386581838 0.087671988 0.018870400 0.995970666 63.586376190
0.995620072 0.021782475 -0.090917803 -80.870269775 -0.023435457 0.999578178 -0.017153170 -0.416545331 0.090505809 0.019208739 0.995710671 64.390510559
0.995177925 0.025498729 -0.094713286 -80.952987671 -0.027080076 0.999513924 -0.015448363 -0.439646363 0.094273329 0.017938714 0.995384753 65.196403503
0.994712591 0.028313318 -0.098718099 -81.039901733 -0.029379651 0.999524474 -0.009364620 -0.465356410 0.098406009 0.012215408 0.995071352 65.998703003
0.994296968 0.028704472 -0.102711372 -81.130882263 -0.029243222 0.999565303 -0.003742987 -0.487739980 0.102559283 0.006725252 0.994704187 66.796096802
0.993761897 0.028495749 -0.107820459 -81.219482422 -0.028658068 0.999589264 0.000044049 -0.505004168 0.107777417 0.003046151 0.994170368 67.587081909
0.993058562 0.028155619 -0.114201732 -81.318031311 -0.028268322 0.999600232 0.000632763 -0.513603449 0.114173889 0.002599920 0.993457377 68.378379822
0.992471278 0.025163535 -0.119864076 -81.413436890 -0.024720026 0.999680877 0.005185786 -0.534391880 0.119956322 -0.002183701 0.992776752 69.159690857
0.991615236 0.026595782 -0.126458511 -81.520149231 -0.026251558 0.999645770 0.004388118 -0.543417573 0.126530409 -0.001031592 0.991962254 69.939514160
0.990689933 0.031532254 -0.132435247 -81.634910583 -0.031304520 0.999502659 0.003801891 -0.558149099 0.132489264 0.000379326 0.991184294 70.703987122
0.989830673 0.033466786 -0.138257816 -81.756179810 -0.033751439 0.999430180 0.000285757 -0.569827139 0.138188601 0.004383550 0.990396142 71.466842651
0.989014268 0.031455707 -0.144434467 -81.870216370 -0.032149412 0.999480009 -0.002470814 -0.586836040 0.144281656 0.007087153 0.989511311 72.229904175
0.988248944 0.033062130 -0.149234325 -82.000198364 -0.034004461 0.999414682 -0.003766534 -0.598248005 0.149022430 0.008796905 0.988794684 72.989883423
0.987427294 0.035594586 -0.154013947 -82.128921509 -0.035837341 0.999356985 0.001200649 -0.609197497 0.153957650 0.004333897 0.988067985 73.760887146
0.986452520 0.035699964 -0.160115466 -82.256462097 -0.035273287 0.999362528 0.005507221 -0.620414615 0.160209998 0.000215186 0.987082958 74.520263672
0.985434473 0.034748666 -0.166467518 -82.389991760 -0.033934563 0.999394059 0.007733218 -0.635902524 0.166635379 -0.001971577 0.986016631 75.280319214
0.984280586 0.032736231 -0.173551217 -82.523483276 -0.032562703 0.999462426 0.003847782 -0.642808199 0.173583850 0.001864000 0.984817326 76.017028809
0.982794940 0.030817633 -0.182110101 -82.670143127 -0.032009665 0.999481022 -0.003609301 -0.647287190 0.181904331 0.009376485 0.983271539 76.764572144
0.981150210 0.027784701 -0.191238716 -82.811264038 -0.029300302 0.999557555 -0.005101405 -0.662919104 0.191012353 0.010608596 0.981530309 77.493560791
0.979087591 0.027195867 -0.201613024 -82.976486206 -0.028055934 0.999605358 -0.001409055 -0.680739760 0.201495096 0.007036028 0.979464233 78.231758118
0.976752579 0.027197579 -0.212637529 -83.139030457 -0.026907325 0.999628782 0.004259287 -0.688238502 0.212674424 0.001561237 0.977122009 78.966041565
0.974098027 0.028852986 -0.224277943 -83.324066162 -0.026854329 0.999567807 0.011957329 -0.694761395 0.224526003 -0.005624776 0.974451900 79.700889587
0.971469104 0.030024149 -0.235258043 -83.502166748 -0.027122423 0.999511003 0.015561081 -0.702046037 0.235610202 -0.008736342 0.971808374 80.409820557
0.968424320 0.033145953 -0.247094393 -83.699356079 -0.031415723 0.999446392 0.010942598 -0.709865808 0.247320324 -0.002834429 0.968929589 81.121261597
0.965304613 0.033131883 -0.259016126 -83.898590088 -0.033828747 0.999426067 0.001767556 -0.715324521 0.258926034 0.007055960 0.965871453 81.814353943
0.962001324 0.030667463 -0.271317065 -84.103057861 -0.032660872 0.999462426 -0.002833669 -0.718058586 0.271084309 0.011587442 0.962485969 82.527503967
0.958782852 0.029418066 -0.282612771 -84.330604553 -0.029962782 0.999548137 0.002395409 -0.726264000 0.282555610 0.006171188 0.959231138 83.236602783
0.955161452 0.030859383 -0.294472724 -84.550018311 -0.029378405 0.999523580 0.009452708 -0.730295479 0.294624120 -0.000377723 0.955613077 83.957374573
0.951413989 0.030627858 -0.306387424 -84.791282654 -0.027443480 0.999515235 0.014696747 -0.734517813 0.306689054 -0.005574353 0.951793432 84.675964355
0.947204888 0.028309843 -0.319376707 -85.030975342 -0.025601007 0.999591827 0.012677473 -0.737000704 0.319605231 -0.003831799 0.947543025 85.379272461
0.943563581 0.026544733 -0.330125958 -85.290863037 -0.025025025 0.999647558 0.008853211 -0.749076962 0.330244631 -0.000092158 0.943895400 86.073974609
0.940555930 0.022415197 -0.338898182 -85.550613403 -0.023106558 0.999730885 0.001995154 -0.757306874 0.338851750 0.005954217 0.940820992 86.766685486
0.937661648 0.018764896 -0.347042829 -85.811286926 -0.021375760 0.999764681 -0.003696225 -0.766554475 0.346891850 0.010884113 0.937842011 87.468200684
0.934918642 0.018280335 -0.354391158 -86.081649780 -0.021646101 0.999750376 -0.005535039 -0.776391268 0.354201525 0.012845997 0.935081005 88.172348022
0.931858420 0.023818614 -0.362039447 -86.371582031 -0.027710712 0.999600530 -0.005561172 -0.794521809 0.361762345 0.015214597 0.932146192 88.868347168
0.928745389 0.023892492 -0.369947493 -86.654747009 -0.027027307 0.999629259 -0.003291954 -0.807653666 0.369731665 0.013056070 0.929046869 89.568672180
0.925737262 0.024542741 -0.377370000 -86.953430176 -0.024960600 0.999681294 0.003783983 -0.819380760 0.377342492 0.005916405 0.926054955 90.267776489
0.922919691 0.026395924 -0.384086609 -87.245750427 -0.023705417 0.999650061 0.011738217 -0.823161840 0.384262025 -0.001728498 0.923222423 90.971443176
0.920171499 0.036481924 -0.389812082 -87.567276001 -0.031657726 0.999322176 0.018795326 -0.833809853 0.390233487 -0.004954359 0.920702577 91.680084229
0.917370796 0.043410972 -0.395659477 -87.883956909 -0.040400431 0.999056399 0.015942594 -0.837017298 0.395978183 0.001359544 0.918258965 92.368698120
0.915208995 0.040062189 -0.400983214 -88.199554443 -0.040071499 0.999161899 0.008366458 -0.837945580 0.400982291 0.008410942 0.916047215 93.050750732
0.913271844 0.032340590 -0.406064808 -88.505889893 -0.035031028 0.999385953 0.000807461 -0.839798629 0.405841559 0.013487437 0.913843989 93.751426697
0.911424518 0.032803975 -0.410157681 -88.821403503 -0.035889730 0.999355733 0.000175704 -0.843276560 0.409899235 0.014560308 0.912014663 94.445068359
0.909321547 0.039661262 -0.414199561 -89.168846130 -0.041020840 0.999142528 0.005615918 -0.858493090 0.414067149 0.011884143 0.910168707 95.145614624
0.906764030 0.042026095 -0.419538647 -89.502044678 -0.041578982 0.999082983 0.010214159 -0.867228389 0.419583172 0.008182156 0.907679975 95.849632263
0.904543996 0.038506258 -0.424638003 -89.836997986 -0.038764469 0.999216080 0.008034859 -0.877224684 0.424614519 0.009192983 0.905327559 96.544647217
0.902169108 0.036637165 -0.429823935 -90.160491943 -0.039599106 0.999213517 0.002054948 -0.886890173 0.429561138 0.015166730 0.902910411 97.240684509
0.899932206 0.033748463 -0.434721589 -90.502029419 -0.039705068 0.999200821 -0.004624540 -0.891626716 0.434218109 0.021422425 0.900553048 97.931808472
