1.000000000 0.000000000 0.000000000 0.000000000 0.000000000 1.000000000 0.000000000 0.000000000 0.000000000 0.000000000 1.000000000 0.000000000
0.999978859 0.000418043 -0.006489011 -0.008733777 -0.000416395 0.999999881 0.000255344 -0.000348568 0.006489117 -0.000252637 0.999978914 0.093839100
0.999907036 0.001075546 -0.013592758 -0.018526291 -0.001073839 0.999999415 0.000132936 -0.001912119 0.013592893 -0.000118328 0.999907605 0.187674645
0.999777095 0.001300039 -0.021072975 -0.028452691 -0.001309512 0.999999048 -0.000435777 -0.005335017 0.021072388 0.000463275 0.999777845 0.284782458
0.999542645 0.001793164 -0.030187501 -0.044423665 -0.001849312 0.999996612 -0.001832185 -0.006319428 0.030184113 0.001887173 0.999542574 0.384325772
0.999126203 0.001948018 -0.041749682 -0.061131081 -0.002085727 0.999992527 -0.003255146 -0.007265471 0.041743029 0.003339381 0.999122799 0.496724469
0.998472040 0.001986133 -0.055223559 -0.082656064 -0.002208597 0.999989690 -0.003967701 -0.010906567 0.055215110 0.004083606 0.998466132 0.617399677
0.997408689 0.001797192 -0.071921332 -0.102450050 -0.002095387 0.999989519 -0.004070890 -0.011071375 0.071913262 0.004211044 0.997402000 0.760391444
0.995862647 0.000149363 -0.090871155 -0.126240834 -0.000541098 0.999990668 -0.004286266 -0.008769358 0.090869667 0.004317702 0.995853434 0.906635848
0.993808929 -0.000802260 -0.111099812 -0.158118399 0.000308938 0.999990018 -0.004457488 -0.012785550 0.111102279 0.004395568 0.993799257 1.069643872
0.991129662 -0.000960143 -0.132894965 -0.210049465 0.000342313 0.999989029 -0.004671774 -0.018031619 0.132897992 0.004584842 0.991119116 1.231691827
0.987565974 0.002791595 -0.157180322 -0.260634674 -0.003767208 0.999975443 -0.005909391 -0.024477933 0.157159966 0.006428044 0.987552239 1.403222131
0.983152481 0.006749970 -0.182662633 -0.321504923 -0.008251875 0.999938100 -0.007463480 -0.027517304 0.182600948 0.008845048 0.983147323 1.573804634
0.977658273 0.009725321 -0.209975519 -0.384523928 -0.011649618 0.999900700 -0.007929450 -0.039188631 0.209877552 0.010198427 0.977674488 1.747647048
0.970933796 0.010196271 -0.239130928 -0.465333401 -0.012606575 0.999883962 -0.008552060 -0.039238920 0.239015980 0.011318106 0.970949670 1.934043850
0.962896401 0.012046674 -0.269602298 -0.555591765 -0.014740066 0.999859611 -0.007967935 -0.044344648 0.269468462 0.011646251 0.962938790 2.123400091
0.953359077 0.013701182 -0.301527360 -0.653802868 -0.016610022 0.999836941 -0.007085154 -0.044859266 0.301381118 0.011763072 0.953431199 2.322131736
0.941845294 0.015432140 -0.335692255 -0.752045663 -0.018571094 0.999808675 -0.006142261 -0.044302736 0.335533241 0.012019232 0.941951688 2.520618680
0.929205631 0.017224424 -0.369161503 -0.856152272 -0.020899233 0.999763836 -0.005957633 -0.043579118 0.368971704 0.013251058 0.929346163 2.703069309
0.915219547 0.019318372 -0.402492212 -0.980292042 -0.023671704 0.999702705 -0.005844030 -0.037095542 0.402259655 0.014876247 0.915404756 2.892874089
0.898890964 0.019691018 -0.437729709 -1.103635964 -0.024469903 0.999686627 -0.005279349 -0.036160690 0.437488580 0.015456763 0.899091114 3.080088231
0.880142715 0.015068304 -0.474469965 -1.230672041 -0.020392227 0.999773590 -0.006076629 -0.038074019 0.474270976 0.015023800 0.880250718 3.264772046
0.858748516 0.009783979 -0.512303874 -1.372845834 -0.015341294 0.999860397 -0.006620485 -0.040674497 0.512167580 0.013544736 0.858778732 3.441519166
0.833476305 0.011525015 -0.552434995 -1.525528259 -0.016102142 0.999864454 -0.003434432 -0.047458331 0.552320532 0.011757905 0.833548908 3.610832946
0.804100149 0.016900169 -0.594253595 -1.705639121 -0.020884045 0.999781889 0.000174368 -0.050421453 0.594126929 0.012270209 0.804277710 3.780475479
0.771289170 0.019700357 -0.636179937 -1.902268052 -0.024185683 0.999706146 0.001635406 -0.052762431 0.636025211 0.014125075 0.771538990 3.942811509
0.734643401 0.018813743 -0.678192536 -2.105477846 -0.023556768 0.999720046 0.002215671 -0.054734301 0.678044358 0.014348296 0.734880926 4.108867586
0.694329136 0.014191168 -0.719517659 -2.322588333 -0.017441886 0.999843706 0.002888796 -0.052534073 0.719446198 0.010543970 0.694468137 4.274019389
0.650953902 0.010148004 -0.759049429 -2.558684960 -0.012264940 0.999920721 0.002849997 -0.046394277 0.759018174 0.007454479 0.651026760 4.432019534
0.605695414 0.009763902 -0.795636683 -2.819368926 -0.009415667 0.999942649 0.005103229 -0.050503901 0.795640881 0.004400448 0.605752610 4.577752794
0.556900075 0.010357532 -0.830514917 -3.094335702 -0.007285724 0.999944691 0.007585100 -0.049196558 0.830547545 0.001826759 0.556944736 4.714990446
0.504853208 0.010929171 -0.863136022 -3.389217689 -0.006286503 0.999939878 0.008984393 -0.043132768 0.863182321 0.000890308 0.504891561 4.845752194
0.451377406 0.012080918 -0.892251360 -3.704413558 -0.006044955 0.999926803 0.010480766 -0.033604645 0.892312667 0.000662838 0.451417395 4.957866325
0.396104268 0.014149109 -0.918096515 -4.011463999 -0.005225719 0.999899811 0.013155220 -0.031180135 0.918190667 -0.000413124 0.396138522 5.049316684
0.340051508 0.015919521 -0.940272057 -4.352866943 -0.005402678 0.999873276 0.014974725 -0.024002685 0.940391292 -0.000012191 0.340094424 5.130674945
0.284542094 0.018840252 -0.958478399 -4.712720446 -0.003642388 0.999820899 0.018571587 -0.021623457 0.958656628 -0.001793248 0.284559755 5.191998910
0.230363600 0.020829415 -0.972881672 -5.064567699 0.000780558 0.999766607 0.021589846 -0.026103451 0.973104312 -0.005732905 0.230293576 5.246725641
0.179162002 0.021046286 -0.983594444 -5.450955284 0.003028759 0.999754619 0.021943760 -0.023105930 0.983814924 -0.006910559 0.179054295 5.279858020
0.131516990 0.021925909 -0.991071408 -5.860592874 0.000388310 0.999754150 0.022169531 -0.015871456 0.991313841 -0.003300512 0.131476142 5.292669996
0.089011525 0.022104559 -0.995785287 -6.278575083 -0.002264736 0.999755620 0.021990252 -0.005427503 0.996028021 0.000297805 0.089039833 5.289326731
0.051270480 0.020485974 -0.998474668 -6.713432980 -0.004652840 0.999783636 0.020273912 0.005897168 0.998673965 0.003606289 0.051354705 5.272643563
0.016485214 0.017653537 -0.999708253 -7.183479601 -0.003880963 0.999837720 0.017591827 0.014263206 0.999856578 0.003589825 0.016551052 5.260494942
-0.014766314 0.014953506 -0.999779150 -7.661787583 -0.004096914 0.999878868 0.015015507 0.018551358 0.999882579 0.004317733 -0.014703263 5.226358123
-0.041628301 0.013088740 -0.999047431 -8.104533439 -0.004123718 0.999903423 0.013271781 0.017999663 0.999124657 0.004672272 -0.041570307 5.199575549
-0.062129683 0.010441604 -0.998013465 -8.617637682 -0.005549480 0.999926202 0.010807089 0.030448701 0.998052657 0.006209897 -0.062067152 5.143286372
-0.078672072 0.009773751 -0.996852636 -9.129419712 -0.003597889 0.999942642 0.010087994 0.039839495 0.996894057 0.004380208 -0.078632395 5.097606047
-0.091786936 0.010029444 -0.995728160 -9.671832370 -0.002835720 0.999942589 0.010333292 0.045597180 0.995774632 0.003772067 -0.091753225 5.037601243
-0.101520461 0.011167058 -0.994770774 -10.232786541 -0.003641608 0.999926126 0.011596572 0.046963917 0.994826786 0.004799855 -0.101472295 4.970063673
-0.108314695 0.012458086 -0.994038592 -10.814012884 -0.005851732 0.999896160 0.013169127 0.043334851 0.994099434 0.007243258 -0.108230546 4.896593669
-0.112579809 0.013393232 -0.993552418 -11.407709898 -0.006288771 0.999879525 0.014191105 0.043924144 0.993622785 0.007845855 -0.112482019 4.820124984
-0.114181657 0.013878184 -0.993362947 -12.013672451 -0.004129103 0.999887155 0.014443951 0.052918375 0.993451307 0.005750933 -0.114111467 4.746666142
-0.112907587 0.015826315 -0.993479443 -12.648506497 -0.002523257 0.999865348 0.016214808 0.059855846 0.993602290 0.004337579 -0.112852450 4.664061281
-0.111471332 0.018152563 -0.993601845 -13.285010447 -0.002510449 0.999824821 0.018547898 0.068228162 0.993764479 0.004561946 -0.111406234 4.592271972
-0.109917982 0.018118360 -0.993775509 -13.935225487 -0.005232858 0.999809436 0.018807157 0.068287352 0.993926886 0.007267530 -0.109802224 4.515516466
-0.108368857 0.015508487 -0.993989777 -14.612549796 -0.006993819 0.999841669 0.016362285 0.073291849 0.994086152 0.008724947 -0.108243236 4.433519930
-0.107010681 0.015229422 -0.994141227 -15.293079539 -0.007465440 0.999842188 0.016120346 0.083396652 0.994229843 0.009146751 -0.106880099 4.354003350
-0.105140783 0.017740008 -0.994299104 -15.996531036 -0.007111516 0.999801896 0.018590185 0.097699378 0.994431919 0.009025561 -0.104993796 4.275277108
-0.103341455 0.020985252 -0.994424539 -16.727013497 -0.008546167 0.999721769 0.021985164 0.107332230 0.994609223 0.010770497 -0.103133359 4.193883335
-0.101745976 0.022836952 -0.994548254 -17.461599327 -0.008962540 0.999674858 0.023871571 0.114014830 0.994770038 0.011342515 -0.101508217 4.116521474
-0.099906821 0.021892468 -0.994755923 -18.207055959 -0.010170001 0.999683222 0.023022316 0.127545917 0.994944822 0.012416755 -0.099652526 4.031196939
-0.098174487 0.018829176 -0.994991071 -18.958274865 -0.012618197 0.999717065 0.020163632 0.137698785 0.995089218 0.014534548 -0.097909119 3.946269419
-0.096706990 0.018039932 -0.995149395 -19.730482152 -0.013308809 0.999722906 0.019416169 0.149070316 0.995223911 0.015121933 -0.096440103 3.865224765
-0.094853669 0.020108868 -0.995288106 -20.533274785 -0.011418338 0.999708213 0.021286370 0.157366278 0.995425740 0.013383626 -0.094596382 3.776155880
-0.093775415 0.022162024 -0.995346681 -21.319395886 -0.009303615 0.999689053 0.023135239 0.163536344 0.995549905 0.011429839 -0.093540069 3.701861505
-0.092713289 0.023867082 -0.995406755 -22.119597910 -0.007773356 0.999664854 0.024693198 0.172565478 0.995662504 0.010027038 -0.092496689 3.627311756
-0.091878890 0.019323504 -0.995582679 -22.926791775 -0.008693669 0.999758022 0.020206853 0.172144341 0.995732238 0.010511849 -0.091688666 3.545069051
-0.091577682 0.012373639 -0.995721056 -23.731532015 -0.006988417 0.999890186 0.013068182 0.178434380 0.995773413 0.008155267 -0.091481154 3.470676271
-0.092065801 0.007726785 -0.995722946 -24.551445682 -0.003367745 0.999961757 0.008071064 0.184871873 0.995747230 0.004096410 -0.092036258 3.405444887
-0.092774654 0.008319542 -0.995652373 -25.383654212 -0.001970159 0.999961600 0.008539129 0.190941376 0.995685182 0.002753808 -0.092754700 3.329775483
-0.092409799 0.015572019 -0.995599287 -26.222938308 -0.002089228 0.999872471 0.015832773 0.192064261 0.995718868 0.003543137 -0.092365481 3.239038608
-0.093126958 0.022549141 -0.995398868 -27.064853917 -0.003471181 0.999730082 0.022972012 0.197682015 0.995648191 0.005594523 -0.093023549 3.162281541
-0.093408857 0.027666965 -0.995243349 -27.908646161 -0.005133355 0.999587156 0.028269512 0.204930576 0.995614601 0.007749561 -0.093228270 3.075818684
-0.094154510 0.027855039 -0.995167838 -28.749162114 -0.006390823 0.999570995 0.028582931 0.213268489 0.995537084 0.009051154 -0.093936100 2.994724057
-0.094654830 0.024150574 -0.995217169 -29.585765475 -0.006829866 0.999666413 0.024908129 0.220994037 0.995486723 0.009154875 -0.094458309 2.914766702
-0.095355963 0.021278863 -0.995215781 -30.415101576 -0.006470258 0.999737133 0.021995478 0.235017862 0.995422210 0.008536703 -0.095193217 2.841169929
-0.095580160 0.022606664 -0.995164997 -31.260387052 -0.007502794 0.999697321 0.023430225 0.243465796 0.995393460 0.009705982 -0.095381617 2.750900781
-0.095635593 0.024756218 -0.995108518 -32.109242106 -0.007992768 0.999639363 0.025637086 0.252167491 0.995384322 0.010405489 -0.095403233 2.665505852
-0.095343563 0.022983502 -0.995179061 -32.952613250 -0.008842718 0.999674420 0.023934502 0.258277826 0.995405149 0.011082089 -0.095109284 2.571167876
-0.094785463 0.017735749 -0.995339721 -33.788161558 -0.008630558 0.999789067 0.018636912 0.268884655 0.995460310 0.010356846 -0.094612400 2.479037531
-0.094874302 0.013449670 -0.995398399 -34.625810438 -0.010336312 0.999841517 0.014494888 0.272099258 0.995435597 0.011663941 -0.094720246 2.392735200
-0.094218424 0.014210207 -0.995450129 -35.473735284 -0.010016278 0.999833987 0.015220818 0.272991848 0.995501162 0.011404787 -0.094060449 2.300713383
-0.093670732 0.016664407 -0.995463757 -36.322897398 -0.008923229 0.999805698 0.017576747 0.269511218 0.995563243 0.010529178 -0.093503832 2.212730649
-0.093475319 0.021615721 -0.995386922 -37.164234121 -0.008303831 0.999712594 0.022489458 0.275008949 0.995586968 0.010367734 -0.093268960 2.138506912
-0.092934361 0.026993440 -0.995306264 -38.011370570 -0.007161205 0.999588459 0.027778236 0.285314618 0.995646484 0.009709145 -0.092702809 2.056183184
-0.093057273 0.030080994 -0.995206249 -38.857223092 -0.007800515 0.999490808 0.030939889 0.293530465 0.995630200 0.010642303 -0.092775242 1.965612071
-0.092867079 0.029487300 -0.995241782 -39.693450130 -0.007884902 0.999508248 0.030349456 0.306812714 0.995647294 0.010665850 -0.092588907 1.880226500
-0.093014160 0.025238715 -0.995344851 -40.514901001 -0.007848434 0.999629029 0.026080778 0.315724837 0.995633852 0.010237780 -0.092781570 1.805446987
-0.092954206 0.020869486 -0.995451646 -41.342801976 -0.008730649 0.999724789 0.021774331 0.322336029 0.995632106 0.010714954 -0.092746420 1.729360167
-0.092423513 0.018001450 -0.995557051 -42.172916965 -0.012912335 0.999730824 0.019275648 0.327590539 0.995636061 0.014636489 -0.092166194 1.632363004
-0.092751990 0.016390786 -0.995554323 -43.004579111 -0.016944517 0.999693717 0.018037592 0.325146656 0.995545053 0.018542210 -0.092445848 1.541838260
-0.093235268 0.014355426 -0.995540610 -43.825073089 -0.015454004 0.999754731 0.015863504 0.325000092 0.995524163 0.016864127 -0.092990552 1.452944979
-0.094343964 0.010801461 -0.995481062 -44.651679237 -0.011827215 0.999858410 0.011969849 0.321381591 0.995469404 0.012903052 -0.094202854 1.369490410
-0.094977908 0.009385730 -0.995435134 -45.457410023 -0.007360436 0.999921597 0.010130316 0.324822458 0.995452169 0.008288993 -0.094901378 1.284909493
-0.097304220 0.013005741 -0.995169704 -46.265255721 -0.007352491 0.999877934 0.013786173 0.317920445 0.995227527 0.008658429 -0.097196718 1.211401129
-0.099168092 0.019069751 -0.994887951 -47.092252613 -0.004523493 0.999797379 0.019614745 0.318417390 0.995060414 0.006445526 -0.099061737 1.130390754
-0.100936307 0.022912229 -0.994629022 -47.913612985 -0.002638150 0.999725099 0.023297345 0.318806959 0.994889392 0.004975529 -0.100848114 1.042466944
-0.102572948 0.021832855 -0.994485856 -48.728297361 -0.002887863 0.999748351 0.022246246 0.321191722 0.994721293 0.005153802 -0.102484085 0.951384386
-0.103837699 0.017617761 -0.994438207 -49.525899519 -0.005837856 0.999815084 0.018322599 0.325979157 0.994577122 0.007707963 -0.103715648 0.863607996
-0.104970401 0.013656028 -0.994381581 -50.316217592 -0.010501555 0.999834740 0.014839498 0.329259492 0.994419897 0.012000261 -0.104809644 0.767130101
-0.106335555 0.011922311 -0.994258824 -51.105116559 -0.014857469 0.999797430 0.013577725 0.330433493 0.994219294 0.016215965 -0.106136879 0.669755198
-0.107757207 0.012990333 -0.994092368 -51.899289302 -0.016543475 0.999752752 0.014857573 0.324980210 0.994039586 0.018046753 -0.107515659 0.579373596
-0.109008804 0.014584610 -0.993933785 -52.678614435 -0.016204481 0.999733421 0.016446924 0.322327432 0.993908696 0.017899040 -0.108743408 0.493927971
-0.109779002 0.014182951 -0.993854826 -53.451759446 -0.019124919 0.999682939 0.016378618 0.313766735 0.993772010 0.020805422 -0.109472947 0.402528689
-0.110434596 0.013953868 -0.993785434 -54.235649172 -0.019667670 0.999674960 0.016222137 0.312514232 0.993688776 0.021336930 -0.110124260 0.308315864
-0.111195416 0.015696436 -0.993674595 -55.008297342 -0.017855360 0.999682311 0.017789408 0.313742084 0.993638146 0.019720518 -0.110879825 0.222537292
-0.111682897 0.018701471 -0.993567907 -55.778682216 -0.017040390 0.999639856 0.020731201 0.311573040 0.993597784 0.019246105 -0.111323995 0.140043399
-0.112024487 0.023194671 -0.993434709 -56.532946708 -0.016486344 0.999546567 0.025196450 0.309333590 0.993568676 0.019200726 -0.111591297 0.050806642
-0.112969964 0.025173526 -0.993279458 -57.290062997 -0.015920604 0.999504800 0.027142019 0.312994567 0.993470846 0.018879842 -0.112513244 -0.034461275
-0.113787699 0.024766009 -0.993196357 -58.038460108 -0.014930556 0.999533730 0.026634588 0.326692852 0.993392892 0.017859662 -0.113364873 -0.120837599
-0.114229045 0.022874301 -0.993191065 -58.796884408 -0.014232035 0.999594618 0.024658639 0.326472748 0.993352493 0.016951863 -0.113857190 -0.214237407
-0.114712218 0.018988470 -0.993217270 -59.539140575 -0.013890317 0.999688895 0.020716466 0.336648469 0.993301649 0.016172535 -0.114412775 -0.303751700
-0.115316928 0.015946604 -0.993200741 -60.254894906 -0.013856115 0.999748025 0.017660509 0.341130010 0.993232105 0.015798460 -0.115066913 -0.369112444
-0.114472473 0.013495486 -0.993334750 -60.972911072 -0.013946860 0.999787346 0.015190396 0.343016417 0.993328515 0.015592783 -0.114259910 -0.456333340
-0.112217172 0.012907037 -0.993599877 -61.669406683 -0.016707008 0.999749791 0.014873815 0.335513611 0.993543246 0.018269179 -0.111973456 -0.544254033
-0.108774018 0.013697986 -0.993972121 -62.361483897 -0.016501997 0.999742388 0.015583381 0.335746620 0.993929523 0.018097591 -0.108519953 -0.615717578
-0.103314735 0.014844443 -0.994537937 -63.032080219 -0.015876562 0.999736628 0.016571330 0.340779265 0.994521996 0.017501906 -0.103051846 -0.680007549
-0.096069939 0.016103673 -0.995244311 -63.687681519 -0.015060099 0.999731152 0.017630009 0.342063310 0.995260649 0.016682192 -0.095801588 -0.743893282
-0.087794446 0.017203607 -0.995990046 -64.320542701 -0.016098459 0.999695778 0.018686661 0.341871312 0.996008521 0.017674490 -0.087490786 -0.790927227
-0.076162622 0.018707159 -0.996919905 -64.951863232 -0.017810748 0.999638939 0.020118886 0.341848107 0.996936323 0.019288197 -0.075801935 -0.837671037
-0.062088598 0.019903097 -0.997872173 -65.555226304 -0.020460366 0.999565662 0.021209939 0.344794569 0.997860902 0.021733725 -0.061654406 -0.860030938
-0.044026783 0.021262092 -0.998804068 -66.144275950 -0.021961212 0.999511309 0.022245187 0.341655173 0.998788940 0.022914332 -0.043538326 -0.872529878
-0.021623676 0.022060704 -0.999522757 -66.715984504 -0.022762518 0.999486498 0.022552348 0.342741392 0.999507021 0.023239320 -0.021110415 -0.879607453
0.003542648 0.021985842 -0.999752005 -67.267659622 -0.021580552 0.999527126 0.021904426 0.350223791 0.999760836 0.021497600 0.004015439 -0.857468200
0.032651778 0.021600265 -0.999233351 -67.799000725 -0.020060511 0.999579201 0.020952227 0.350743680 0.999265449 0.019361004 0.033071351 -0.815357348
0.066782811 0.021393673 -0.997538153 -68.299842146 -0.018446686 0.999625700 0.020203481 0.353318092 0.997597001 0.017052028 0.067152457 -0.756435880
0.104248160 0.021291728 -0.994323380 -68.784676402 -0.017512137 0.999655113 0.019569868 0.359482296 0.994397127 0.015372604 0.104585070 -0.675418813
0.145482919 0.020825301 -0.989141561 -69.260374692 -0.016655943 0.999688306 0.018597595 0.360106198 0.989220552 0.013769453 0.145784438 -0.578428444
0.190986150 0.021776335 -0.981351151 -69.726902639 -0.015121418 0.999700525 0.019240648 0.361963168 0.981476252 0.011164724 0.191258244 -0.463286694
0.240137644 0.020250820 -0.970527597 -70.177538827 -0.011673580 0.999770330 0.017972598 0.363899679 0.970668656 0.007013634 0.240318891 -0.324662576
0.290742218 0.015654023 -0.956673358 -70.592584566 -0.003633888 0.999877008 0.015256589 0.357595692 0.956794522 -0.000959290 0.290763344 -0.160609913
0.342792296 0.010436215 -0.939353249 -70.999829792 0.002576809 0.999924082 0.012049495 0.353357583 0.939407687 -0.006551008 0.342739380 0.025494766
0.395980810 0.005710355 -0.918241030 -71.404854559 0.008637667 0.999913258 0.009943152 0.352891020 0.918218160 -0.011868758 0.395897138 0.233760680
0.447893432 0.005113460 -0.894072327 -71.792162364 0.009180506 0.999904626 0.010317802 0.357654655 0.894039816 -0.012829312 0.447803770 0.461123085
0.497289809 0.003847126 -0.867575960 -72.177304256 0.011098594 0.999880132 0.010795462 0.361043053 0.867513497 -0.014997347 0.497187502 0.706883878
0.543074211 -0.000671442 -0.839684435 -72.529917481 0.019832897 0.999730959 0.012027702 0.361464328 0.839450450 -0.023185310 0.542941418 0.981750824
0.587628518 -0.006983686 -0.809100706 -72.861895922 0.030861223 0.999428586 0.013787208 0.359991157 0.808542089 -0.033071594 0.587508264 1.280086110
0.630893199 -0.012277675 -0.775772538 -73.185855876 0.033010398 0.999394157 0.011028747 0.361836664 0.775167134 -0.032566522 0.630916267 1.587376715
0.672824609 -0.017888371 -0.739585730 -73.492635620 0.031177586 0.999505086 0.004188196 0.366044221 0.739144778 -0.025876419 0.673049335 1.902691573
0.714242647 -0.024948959 -0.699453351 -73.787620040 0.028467541 0.999573030 -0.006584534 0.367751922 0.699318983 -0.015208762 0.714647923 2.239111860
0.754718913 -0.027359373 -0.655477556 -74.068379142 0.024160629 0.999611385 -0.013904758 0.366007497 0.655603253 -0.005342566 0.755086638 2.590720303
0.792492730 -0.028186102 -0.609229691 -74.335241189 0.023125106 0.999601876 -0.016165335 0.361294893 0.609442780 -0.001277590 0.792829026 2.989270498
0.827386302 -0.030057285 -0.560828376 -74.603307378 0.024427809 0.999547853 -0.017532029 0.359726755 0.561101764 0.000805952 0.827746435 3.424540817
0.858944659 -0.028217277 -0.511290385 -74.842461257 0.021568659 0.999588115 -0.018931259 0.352762836 0.511613981 0.005233056 0.859199482 3.874725505
0.885724806 -0.026447069 -0.463456709 -75.067528873 0.021073008 0.999637267 -0.016770907 0.338498535 0.463732139 0.005087982 0.885960843 4.351951880
0.907620339 -0.020126859 -0.419309229 -75.273208047 0.015257127 0.999771622 -0.014964097 0.326482134 0.419514648 0.007184265 0.907720137 4.842434163
0.925717832 -0.015628063 -0.377891862 -75.462812612 0.010405226 0.999820097 -0.015858897 0.315372567 0.378071722 0.010748813 0.925713906 5.355753462
0.939810308 -0.010656484 -0.341530415 -75.645974202 0.006358796 0.999885922 -0.013700701 0.301499396 0.341637455 0.010704337 0.939770859 5.893989335
0.950140193 -0.009403154 -0.311681239 -75.806062006 0.006320897 0.999920638 -0.010897895 0.282549233 0.311758978 0.008384423 0.950124224 6.447352902
0.957888228 -0.010563909 -0.286946940 -75.971104612 0.008314356 0.999924418 -0.009057027 0.271080380 0.287020930 0.006289840 0.957903661 7.016800642
0.963960263 -0.010236573 -0.265849250 -76.132443554 0.008715115 0.999938202 -0.006902091 0.266372111 0.265903475 0.004336435 0.963989905 7.623338083
0.968854997 -0.008206452 -0.247492726 -76.283386449 0.007437950 0.999964177 -0.004039967 0.258467760 0.247517014 0.002073303 0.968881329 8.239554763
0.972668114 -0.003135610 -0.232178611 -76.442488785 0.002630203 0.999993450 -0.002486338 0.253188042 0.232184886 0.001807705 0.972669991 8.874173721
0.975649220 0.000631338 -0.219335819 -76.579298916 -0.000879030 0.999999081 -0.001031696 0.242952841 0.219334967 0.001199376 0.975648878 9.516446571
0.978506506 -0.000868600 -0.206214120 -76.716470384 0.000601705 0.999998898 -0.001356970 0.239798228 0.206215072 0.001203724 0.978505951 10.180510006
0.981271721 -0.001187742 -0.192625020 -76.842430588 0.000870378 0.999998121 -0.001732186 0.233634777 0.192626716 0.001532089 0.981270911 10.857537525
0.983976319 -0.000785664 -0.178297464 -76.954378477 0.000626859 0.999999355 -0.000947008 0.226700833 0.178298093 0.000820066 0.983976177 11.547097436
0.986389993 0.000723004 -0.164420981 -77.069805639 -0.000833743 0.999999470 -0.000604501 0.222423113 0.164420457 0.000733359 0.986390073 12.257163443
0.988396057 0.000409217 -0.151898215 -77.169594237 -0.000869876 0.999995222 -0.002966243 0.207511575 0.151896275 0.003063956 0.988391690 12.965742716
0.990026070 0.001177911 -0.140879359 -77.269264235 -0.002332597 0.999965027 -0.008031425 0.195509865 0.140864972 0.008279935 0.989994193 13.690303998
0.991381002 -0.000604250 -0.131008947 -77.365112822 -0.001293844 0.999895439 -0.014402676 0.189290200 0.131003951 0.014448044 0.991276560 14.429095525
0.992344624 -0.001142828 -0.123494294 -77.441227603 -0.000668031 0.999892883 -0.014621099 0.179704366 0.123497775 0.014591667 0.992237564 15.171816556
0.993164394 0.000650099 -0.116722166 -77.533278634 -0.001653085 0.999962539 -0.008496338 0.166395213 0.116712270 0.008631212 0.993128264 15.931863274
0.993678751 0.004774911 -0.112159438 -77.621774802 -0.004847827 0.999988178 -0.000377395 0.153402149 0.112156310 0.000918739 0.993690152 16.705256344
0.994146267 0.005027930 -0.107925525 -77.711936836 -0.004712768 0.999983854 0.003175037 0.142515823 0.107939746 -0.002647823 0.994153912 17.468963127
0.994534037 0.003885339 -0.104340567 -77.797334270 -0.003679073 0.999990879 0.002169244 0.130639445 0.104348044 -0.001773511 0.994539260 18.236999078
0.994879386 0.003686849 -0.101002056 -77.881126456 -0.003582860 0.999992848 0.001210963 0.120315640 0.101005798 -0.000842886 0.994885480 18.999573252
0.995165050 0.003244529 -0.098163109 -77.952326226 -0.002921830 0.999989846 0.003430953 0.104248636 0.098173244 -0.003127548 0.995164425 19.761909506
0.995381425 0.000795354 -0.095995759 -78.010483577 -0.000254590 0.999984033 0.005645318 0.097607651 0.095998716 -0.005594805 0.995365734 20.512654841
0.995645133 -0.001884660 -0.093205247 -78.075067825 0.002608294 0.999967393 0.007642668 0.082433023 0.093187804 -0.007852492 0.995617583 21.273238011
0.995885007 -0.002623233 -0.090587926 -78.148076018 0.002994421 0.999987668 0.003961881 0.072219166 0.090576416 -0.004216836 0.995880581 22.043106627
0.996026683 -0.000297804 -0.089054803 -78.220364796 -0.000019426 0.999993658 -0.003561293 0.062524958 0.089055299 0.003548873 0.996020361 22.800854305
0.996189617 -0.000754703 -0.087210538 -78.292720715 -0.000210942 0.999938783 -0.011062832 0.048568714 0.087213548 0.011039075 0.996128474 23.552910446
0.996325026 0.000354455 -0.085652297 -78.374503025 -0.001698245 0.999876612 -0.015616547 0.037508099 0.085636194 0.015704615 0.996202694 24.324771022
0.996492714 0.002550161 -0.083640707 -78.448126870 -0.003741673 0.999893703 -0.014091940 0.015938693 0.083595879 0.014355472 0.996396331 25.080738064
0.996690292 0.005246809 -0.081122945 -78.518985436 -0.006123902 0.999925417 -0.010566874 -0.004247373 0.081061452 0.011028690 0.996648087 25.850234683
0.996802231 0.008699736 -0.079433162 -78.575168814 -0.009140487 0.999944773 -0.005186778 -0.030708759 0.079383652 0.005896249 0.996826700 26.609133253
0.996987545 0.007020088 -0.077243462 -78.631805407 -0.007316859 0.999966896 -0.003559673 -0.045462618 0.077215916 0.004114129 0.997005906 27.353769593
0.997101957 0.004227664 -0.075959291 -78.689774844 -0.004531268 0.999982418 -0.003825031 -0.063732393 0.075941785 0.004158138 0.997103583 28.110903006
0.997161019 0.002585247 -0.075254356 -78.744319420 -0.002862268 0.999989519 -0.003573506 -0.083819479 0.075244329 0.003778759 0.997157967 28.862666286
0.997234930 0.002320898 -0.074277233 -78.801270942 -0.002740869 0.999980828 -0.005552673 -0.095006023 0.074262921 0.005740904 0.997222172 29.609601531
0.997259734 0.000314030 -0.073979221 -78.852061556 -0.000824699 0.999976045 -0.006872429 -0.106580900 0.073975291 0.006914607 0.997236103 30.357881163
0.997286855 -0.000995788 -0.073606638 -78.903287296 0.000483751 0.999975565 -0.006973904 -0.120497895 0.073611784 0.006919376 0.997262968 31.112349982
0.997357388 0.002313855 -0.072614649 -78.962981111 -0.002756440 0.999978229 -0.005995355 -0.136883087 0.072599196 0.006179670 0.997342052 31.871323053
0.997356185 0.001910067 -0.072642900 -79.020278467 -0.002433741 0.999971683 -0.007121052 -0.151000269 0.072627241 0.007279019 0.997332592 32.633546981
0.997232975 0.001060654 -0.074332148 -79.078236060 -0.001619998 0.999970824 -0.007465041 -0.167849279 0.074322062 0.007564803 0.997205598 33.408049182
0.997100014 -0.001123032 -0.076094033 -79.139503347 0.000555409 0.999971868 -0.007480246 -0.177999595 0.076100293 0.007416290 0.997072587 34.193695027
0.996841318 -0.000010978 -0.079419054 -79.207418994 -0.000621130 0.999968329 -0.007934443 -0.194144359 0.079416626 0.007958710 0.996809740 34.979955052
0.996584016 0.003016259 -0.082530003 -79.281621965 -0.003718030 0.999958219 -0.008350867 -0.213899141 0.082501367 0.008629190 0.996553592 35.766921553
0.996364611 0.003130561 -0.085133787 -79.358946512 -0.004296184 0.999899481 -0.013511904 -0.231062087 0.085082930 0.013828533 0.996277906 36.545758762
0.996153609 0.004090553 -0.087528590 -79.432576689 -0.005625474 0.999834575 -0.017296747 -0.244339632 0.087443357 0.017722606 0.996011831 37.346000607
0.995989588 0.003075081 -0.089416354 -79.509373005 -0.004814374 0.999803255 -0.019242461 -0.259924830 0.089339589 0.019595775 0.995808437 38.156728076
0.995800223 0.003809825 -0.091473498 -79.593232533 -0.005493037 0.999820070 -0.018156393 -0.282505006 0.091387866 0.018582607 0.995641976 38.976795704
0.995620489 0.002327303 -0.093458147 -79.677942214 -0.004029221 0.999829401 -0.018025915 -0.301215251 0.093400251 0.018323534 0.995460015 39.801852241
0.995412697 0.001700732 -0.095659136 -79.756646766 -0.003268886 0.999862798 -0.016238825 -0.323034321 0.095618394 0.016477032 0.995281684 40.642342917
0.995283257 0.001096541 -0.097005344 -79.839550376 -0.002313944 0.999919965 -0.012438256 -0.347433579 0.096983941 0.012604053 0.995206136 41.476959659
0.995217850 0.000675706 -0.097677916 -79.933535552 -0.001426984 0.999969936 -0.007621731 -0.368190985 0.097669829 0.007724667 0.995188894 42.335597735
0.995292459 0.000408579 -0.096916227 -80.021426067 -0.000965929 0.999983266 -0.005703998 -0.385193524 0.096912275 0.005770761 0.995276198 43.190442003
0.995482461 0.002850415 -0.094902821 -80.112248006 -0.003394108 0.999978738 -0.005568018 -0.399660930 0.094884932 0.005864974 0.995470970 44.044619689
0.995662027 0.002878929 -0.092999135 -80.194390432 -0.003526065 0.999970697 -0.006794939 -0.417914484 0.092976848 0.007093384 0.995643003 44.898463369
0.995813118 0.000314930 -0.091411900 -80.273273496 -0.001150411 0.999958049 -0.009087194 -0.435988962 0.091405203 0.009154308 0.995771705 45.760129742
0.995976067 -0.003382338 -0.089555756 -80.352416516 0.002449693 0.999941642 -0.010521990 -0.462684664 0.089586119 0.010260266 0.995926229 46.634286310
0.996142431 -0.004916132 -0.087613296 -80.429926493 0.003940775 0.999928365 -0.011302019 -0.475003661 0.087662582 0.010913157 0.996090445 47.508439723
0.996204022 -0.006824248 -0.086781203 -80.502142159 0.006078502 0.999942321 -0.008854749 -0.495390566 0.086836624 0.008293637 0.996188043 48.378653935
0.996213359 -0.009589483 -0.086411720 -80.570030330 0.009038955 0.999936298 -0.006760020 -0.513847267 0.086471040 0.005953350 0.996236577 49.257884623
0.996272173 -0.009702602 -0.085718236 -80.642629474 0.009169553 0.999936110 -0.006610165 -0.530440820 0.085776895 0.005799525 0.996297491 50.134166545
0.996397277 -0.008066153 -0.084423956 -80.723704411 0.007273866 0.999926614 -0.009688012 -0.557926535 0.084495905 0.009039020 0.996382827 51.000563214
0.996457210 -0.005747322 -0.083904692 -80.800215953 0.004460313 0.999869635 -0.015518341 -0.582523370 0.083982943 0.015089122 0.996352941 51.855336433
0.996558599 -0.003491955 -0.082817663 -80.874301225 0.001750529 0.999776038 -0.021090525 -0.607579407 0.082872762 0.020872970 0.996341520 52.708397619
0.996613359 0.000514160 -0.082228634 -80.946661276 -0.002743317 0.999631708 -0.026998573 -0.634790115 0.082184469 0.027132718 0.996247725 53.552153196
0.996707312 0.000464179 -0.081082173 -81.020474188 -0.002717342 0.999613128 -0.027680501 -0.670352639 0.081037956 0.027809685 0.996322975 54.400080992
0.996727903 -0.001985944 -0.080805592 -81.089686894 0.000218111 0.999760568 -0.021880549 -0.696319929 0.080829699 0.021791329 0.996489688 55.244673737
0.996635458 -0.001945999 -0.081938856 -81.159443200 0.000853609 0.999910324 -0.013364687 -0.723565003 0.081957516 0.013249777 0.996547745 56.100001765
0.996557811 -0.003235402 -0.082837566 -81.236761399 0.002836397 0.999983805 -0.004933945 -0.760377479 0.082852187 0.004682001 0.996550849 56.953175356
0.996401978 -0.005336688 -0.084584979 -81.320252830 0.004709746 0.999959954 -0.007609790 -0.780296524 0.084622203 0.007184036 0.996387210 57.800941619
0.996189652 -0.010305299 -0.086602415 -81.391251860 0.009376646 0.999894172 -0.011123135 -0.804972480 0.086707877 0.010268712 0.996180856 58.641599335
0.995904338 -0.012190713 -0.089587594 -81.464294085 0.011076458 0.999855127 -0.012924274 -0.829484076 0.089732171 0.011879028 0.995895088 59.475808448
0.995667365 -0.010550682 -0.092386042 -81.541858734 0.009174476 0.999840729 -0.015308322 -0.855512613 0.092532841 0.014394403 0.995605582 60.289035425
0.995419188 -0.009113016 -0.095171388 -81.640540909 0.007350275 0.999795193 -0.018855933 -0.883695285 0.095323731 0.018070021 0.995282302 61.115551926
0.995064024 -0.007859101 -0.098923320 -81.727942159 0.005610439 0.999719974 -0.022989061 -0.906021848 0.099076292 0.022320584 0.994829473 61.925548149
0.994779799 -0.006186813 -0.101857130 -81.817603492 0.003437523 0.999625594 -0.027145064 -0.938659983 0.101986935 0.026653225 0.994428615 62.733461258
0.994450263 -0.001596516 -0.105195650 -81.913042392 -0.001298515 0.999622438 -0.027446213 -0.972854775 0.105199751 0.027430492 0.994072724 63.538733072
0.994100713 0.002736662 -0.108426394 -82.017627988 -0.005547670 0.999656044 -0.025632339 -1.005536444 0.108318953 0.026082640 0.993773968 64.350653732
0.993677520 0.005890977 -0.112117276 -82.119500632 -0.008172239 0.999768607 -0.019898421 -1.038410127 0.111974112 0.020688863 0.993495732 65.151813891
0.993166348 0.006572915 -0.116522113 -82.217143836 -0.008314058 0.999860841 -0.014462856 -1.069331263 0.116410835 0.015332793 0.993082788 65.949228803
0.992592742 0.005921733 -0.121344884 -82.322769959 -0.007293737 0.999914366 -0.010865592 -1.093924199 0.121270150 0.011670165 0.992550935 66.739293948
0.991791680 0.005670871 -0.127738426 -82.430135640 -0.007037545 0.999922700 -0.010250210 -1.112663145 0.127670424 0.011065038 0.991754923 67.521788142
0.991023562 0.003337485 -0.133645650 -82.539734335 -0.004212081 0.999971523 -0.006261946 -1.137256108 0.133620945 0.006768662 0.991009399 68.308356717
0.990122576 0.005082421 -0.140112286 -82.652260549 -0.006177188 0.999953690 -0.007379709 -1.151252017 0.140068290 0.008172316 0.990108119 69.080691406
0.989269337 0.010083580 -0.145754935 -82.781437682 -0.011439723 0.999898699 -0.008469069 -1.170743709 0.145654772 0.010045587 0.989284476 69.851866674
0.988321325 0.011971531 -0.151913266 -82.909547300 -0.014019004 0.999824665 -0.012413979 -1.189307454 0.151738016 0.014398673 0.988315867 70.627459879
0.987329971 0.010070014 -0.158360740 -83.019469212 -0.012656897 0.999802296 -0.015335307 -1.208900438 0.158175005 0.017145364 0.987262227 71.386465088
0.986486270 0.010969581 -0.163476320 -83.162207127 -0.013851676 0.999767904 -0.016500575 -1.234843334 0.163257373 0.018542011 0.986409258 72.134984554
0.985662259 0.013233532 -0.168210539 -83.302854289 -0.015419110 0.999812738 -0.011693564 -1.254339991 0.168024293 0.014119561 0.985681731 72.902786761
0.984479143 0.013019293 -0.175018042 -83.434472918 -0.014667073 0.999859423 -0.008124673 -1.267658734 0.174887662 0.010565574 0.984531703 73.665668571
0.983455863 0.011795187 -0.180763489 -83.594351600 -0.013060831 0.999897807 -0.005812952 -1.296437940 0.180676452 0.008077703 0.983509416 74.428833167
0.982104581 0.009049380 -0.188118846 -83.737178873 -0.011173254 0.999885219 -0.010232694 -1.309430330 0.188004654 0.012151475 0.982092965 75.191839411
0.980513986 0.006975962 -0.196325391 -83.896726679 -0.010555247 0.999796508 -0.017190977 -1.335343008 0.196165517 0.018928256 0.980388092 75.940360096
0.978791455 0.004604909 -0.204807428 -84.063092608 -0.008736236 0.999776107 -0.019272129 -1.357417617 0.204672827 0.020652641 0.978612539 76.673084316
0.976393042 0.003453894 -0.215973839 -84.233345035 -0.007309557 0.999827813 -0.017056238 -1.378225019 0.215877741 0.018232265 0.976250166 77.411089766
0.973830764 0.003272410 -0.227250819 -84.410594322 -0.005964960 0.999919904 -0.011162618 -1.396251130 0.227196089 0.012226043 0.973772284 78.142307441
0.970901448 0.004567268 -0.239435832 -84.597389532 -0.005625700 0.999977192 -0.003737270 -1.415782503 0.239413302 0.004975515 0.970904998 78.867283471
0.968058951 0.005858958 -0.250654225 -84.794865406 -0.006167902 0.999980878 -0.000447017 -1.436995682 0.250646813 0.001978750 0.968076577 79.588649856
0.965029515 0.008509226 -0.262003108 -85.002498713 -0.010355457 0.999930324 -0.005666681 -1.453521665 0.261936634 0.008181676 0.965050393 80.286856343
0.961621374 0.007425161 -0.274279421 -85.214715615 -0.011945123 0.999818930 -0.014812884 -1.478454401 0.274119769 0.017520687 0.961535947 80.995033645
0.958095391 0.005500052 -0.286396529 -85.434316567 -0.011757691 0.999728144 -0.020134437 -1.489745385 0.286207929 0.022658073 0.957899594 81.691090506
0.954289431 0.004438591 -0.298851101 -85.660986610 -0.009628048 0.999827316 -0.015894602 -1.503097038 0.298728944 0.018045404 0.954167376 82.398823236
0.950447468 0.005627808 -0.310834263 -85.896786099 -0.008853132 0.999920609 -0.008966439 -1.524421590 0.310759124 0.011273986 0.950421835 83.119462121
0.946407103 0.005461049 -0.322929980 -86.147671698 -0.007010536 0.999968818 -0.003635285 -1.545261254 0.322900058 0.005704372 0.946415877 83.834904422
0.942128380 0.003170792 -0.335237321 -86.406589787 -0.005495323 0.999966986 -0.005985649 -1.564134356 0.335207274 0.007481487 0.942114701 84.532701288
0.938078167 0.000803512 -0.346422730 -86.673319699 -0.004865275 0.999929242 -0.010855388 -1.578226014 0.346389495 0.011868644 0.938015700 85.240791416
0.934815754 -0.002882841 -0.355121382 -86.942749428 -0.003565301 0.999840474 -0.017501849 -1.606890463 0.355115186 0.017627118 0.934656348 85.928336282
0.931957228 -0.006844229 -0.362503630 -87.224371431 -0.001717339 0.999727267 -0.023290383 -1.630865102 0.362564168 0.022328183 0.931691299 86.623345692
0.928977707 -0.006708844 -0.370074872 -87.505773093 -0.002797380 0.999679910 -0.025144644 -1.658819858 0.370125106 0.024394054 0.928661583 87.324298192
0.925756464 -0.001316703 -0.378118019 -87.801615121 -0.008937937 0.999638325 -0.025363985 -1.688742122 0.378014660 0.026860468 0.925409872 88.018024423
0.922311104 -0.002004242 -0.386443023 -88.092573602 -0.007669578 0.999694663 -0.023489537 -1.712700044 0.386372106 0.024628516 0.922014117 88.714410938
0.918846388 -0.001730604 -0.394611606 -88.389556641 -0.005447483 0.999839470 -0.017069256 -1.732224658 0.394577799 0.017833664 0.918689458 89.410830380
0.915753126 0.000571039 -0.401741069 -88.699071541 -0.004625615 0.999947690 -0.009122573 -1.752361513 0.401714844 0.010212324 0.915707864 90.109595848
0.913204703 0.011507625 -0.407338613 -89.025346256 -0.013590777 0.999905175 -0.002220824 -1.781230765 0.407274431 0.007564115 0.913274505 90.793532377
0.910602769 0.018354205 -0.412874945 -89.359618139 -0.022481999 0.999734026 -0.005141621 -1.799635344 0.412670761 0.013964228 0.910773212 91.474645247
0.908348706 0.014795828 -0.417951806 -89.684582215 -0.022099284 0.999675876 -0.012639793 -1.819813245 0.417629322 0.020717775 0.908381265 92.150897446
0.906172435 0.007519251 -0.422841553 -90.007863261 -0.017768303 0.999635987 -0.020302245 -1.836542254 0.422534976 0.025910511 0.905976181 92.843507667
0.904203690 0.008123128 -0.427024240 -90.335264125 -0.018865535 0.999602897 -0.020931794 -1.858480948 0.426684636 0.026982646 0.903997875 93.533428896
0.902073236 0.014267515 -0.431347093 -90.680574682 -0.023194605 0.999611688 -0.015442918 -1.887426033 0.430959263 0.023935569 0.902053880 94.222175162
0.899320379 0.016222803 -0.436989332 -91.028050521 -0.023443379 0.999663156 -0.011134757 -1.910416838 0.436661498 0.020258220 0.899397766 94.925322083
0.896480395 0.012434903 -0.442908878 -91.366851850 -0.020303601 0.999708967 -0.013028631 -1.937815308 0.442617967 0.020672557 0.896471963 95.623771123
0.894425973 0.010736001 -0.447087148 -91.727452669 -0.021714026 0.999575257 -0.019437259 -1.962340610 0.446688572 0.027093251 0.894279193 96.304616858
