1.000000000 0.000000000 0.000000000 0.000000000 0.000000000 1.000000000 0.000000000 0.000000000 0.000000000 0.000000000 1.000000000 0.000000000
0.999929309 -0.002483258 0.011627737 0.009715059 0.002469239 0.999996185 0.001219943 -0.006364199 -0.011630721 -0.001191146 0.999931633 0.291913748
0.999824762 -0.004878913 0.018074222 0.021573937 0.004851805 0.999987066 0.001543394 -0.013975604 -0.018081518 -0.001455431 0.999835432 0.589230955
0.999770045 -0.007558734 0.020068407 0.030696988 0.007558235 0.999971449 0.000100714 -0.016120205 -0.020068595 0.000050991 0.999798596 0.884623706
0.999801159 -0.008948614 0.017821671 0.038154446 0.008974569 0.999958873 -0.001376873 -0.020496005 -0.017808614 0.001536541 0.999840260 1.185539126
0.999875307 -0.011352903 0.010970520 0.039135534 0.011386562 0.999930620 -0.003010641 -0.019896777 -0.010935578 0.003135182 0.999935269 1.500976682
0.999914169 -0.013027135 -0.001389703 0.028551431 0.013019950 0.999902368 -0.005060449 -0.022542518 0.001455490 0.005041921 0.999986112 1.819750190
0.999759257 -0.012356722 -0.018129474 0.008942440 0.012266380 0.999911785 -0.005085798 -0.032661840 0.018190717 0.004862191 0.999822736 2.145917416
0.999247491 -0.007917018 -0.037970059 -0.007959679 0.007753756 0.999960065 -0.004445077 -0.038204215 0.038003743 0.004147322 0.999269009 2.504922867
0.998310566 -0.004239758 -0.057947837 -0.048240535 0.003933136 0.999977648 -0.005404362 -0.046956893 0.057969462 0.005167315 0.998305023 2.847436428
0.996872962 -0.003995040 -0.078919053 -0.083010703 0.003534374 0.999975860 -0.005976025 -0.049448036 0.078941017 0.005678408 0.996863067 3.208178282
0.994856179 -0.005520597 -0.101147272 -0.115317285 0.005006205 0.999973238 -0.005338689 -0.053279966 0.101174034 0.004804864 0.994857132 3.582903862
0.992441535 -0.006801711 -0.122529104 -0.159632266 0.006388959 0.999972463 -0.003761199 -0.065757424 0.122551329 0.002949936 0.992457807 3.972202778
0.989777684 -0.005790642 -0.142501071 -0.208358645 0.005283098 0.999978304 -0.003939777 -0.063321166 0.142520770 0.003146656 0.989786863 4.368295193
0.987937868 -0.002653847 -0.154828191 -0.332290739 0.001903591 0.999985695 -0.004993793 -0.047202475 0.154839203 0.004638827 0.987928808 4.734339714
0.985664845 -0.002136975 -0.168701768 -0.416154861 0.001209066 0.999983549 -0.005602822 -0.049359445 0.168710962 0.005318533 0.985651255 5.155746460
0.983688235 -0.003351186 -0.179850489 -0.522948861 0.002393770 0.999981701 -0.005540167 -0.067550972 0.179865748 0.005019276 0.983678460 5.573037624
0.981977344 -0.006832985 -0.188875198 -0.626125157 0.005482429 0.999955475 -0.007672058 -0.076503627 0.188919216 0.006498292 0.981971145 6.004452705
0.980655253 -0.006136266 -0.195646822 -0.747477412 0.004279240 0.999941587 -0.009913010 -0.078508928 0.195696250 0.008884024 0.980624318 6.467511177
0.978322089 -0.006064418 -0.206999987 -0.791069686 0.003472010 0.999910891 -0.012884707 -0.059382148 0.207059681 0.011886690 0.978256106 6.979249001
0.976544321 -0.006854739 -0.215207383 -0.904164135 0.003577580 0.999871671 -0.015613751 -0.070101157 0.215286806 0.014477600 0.976443529 7.465221405
0.974827886 -0.010630747 -0.222704887 -1.022884607 0.007044061 0.999832451 -0.016893292 -0.086280510 0.222847149 0.014899304 0.974739552 7.951362610
0.972852767 -0.017067356 -0.230794460 -1.141340971 0.013077127 0.999737620 -0.018807895 -0.094063044 0.231054887 0.015279187 0.972820699 8.453578949
0.970460653 -0.018586988 -0.240542293 -1.241928935 0.013994812 0.999686003 -0.020785276 -0.104749516 0.240853131 0.016804952 0.970416069 8.992467880
0.968220353 -0.014703543 -0.249665931 -1.389552116 0.008815725 0.999656439 -0.024684696 -0.120204799 0.249943107 0.021699239 0.968017340 9.520551682
0.965761244 -0.011847463 -0.259161800 -1.543473125 0.004899334 0.999611378 -0.027439514 -0.140299082 0.259386241 0.025230298 0.965444028 10.067831993
0.963552415 -0.014944931 -0.267101765 -1.703312635 0.007224774 0.999527872 -0.029862883 -0.150183082 0.267421901 0.026844708 0.963205516 10.610594749
0.961271048 -0.017235925 -0.275065213 -1.866526127 0.008588416 0.999431133 -0.032611631 -0.173557505 0.275470883 0.028986247 0.960872233 11.174430847
0.959068894 -0.016852211 -0.282670885 -2.047466278 0.007111953 0.999346137 -0.035448782 -0.193259180 0.283083469 0.031987488 0.958561659 11.743914604
0.956630290 -0.016306665 -0.290848285 -2.234838009 0.005154863 0.999223173 -0.039067455 -0.219829351 0.291259468 0.035873823 0.955971181 12.328442574
0.953884900 -0.017815370 -0.299643219 -2.418712616 0.004660395 0.998995781 -0.044559661 -0.246284276 0.300136238 0.041108333 0.953010082 12.936085701
0.952337921 -0.018732689 -0.304469258 -2.623467922 0.003145689 0.998662651 -0.051604144 -0.285091698 0.305028796 0.048186824 0.951123178 13.529710770
0.950683057 -0.019791733 -0.309531808 -2.813467026 0.001473362 0.998238921 -0.059303027 -0.324280500 0.310160369 0.055922341 0.949038029 14.160799026
0.949388802 -0.019715115 -0.313483685 -3.029990911 -0.001624658 0.997706711 -0.067666456 -0.370681763 0.314098805 0.064751096 0.947179615 14.785540581
0.947866976 -0.019184923 -0.318088382 -3.252181530 -0.005431509 0.997068465 -0.076321639 -0.421202481 0.318620175 0.074070461 0.944984019 15.431016922
0.946537614 -0.018542867 -0.322060198 -3.489237785 -0.008753703 0.996502638 -0.083101608 -0.477325797 0.322474748 0.081478029 0.943064809 16.072784424
0.944993854 -0.016361400 -0.326678395 -3.714173317 -0.014259025 0.995737910 -0.091118209 -0.524258852 0.326776952 0.090764277 0.940733075 16.698614120
0.943327308 -0.015359601 -0.331507951 -3.963530779 -0.017862055 0.995130420 -0.096934557 -0.589562535 0.331382483 0.097362429 0.938459516 17.363740921
0.941605985 -0.013244816 -0.336456269 -4.222712040 -0.022680487 0.994461894 -0.102621213 -0.660427094 0.335952103 0.104259737 0.936090887 18.041721344
0.939975977 -0.010604084 -0.341075778 -4.492650986 -0.027104517 0.994038939 -0.105602548 -0.738772035 0.340162367 0.108508572 0.934085369 18.712732315
0.938005626 -0.010123963 -0.346472204 -4.744650364 -0.028770573 0.993850052 -0.106931165 -0.816063166 0.345423937 0.110270239 0.931945682 19.424949646
0.935899317 -0.009715382 -0.352133691 -5.027110100 -0.029508192 0.993944168 -0.105849706 -0.902637959 0.351029634 0.109455496 0.929944932 20.128437042
0.933642626 -0.009418013 -0.358082175 -5.320971489 -0.030148767 0.994041204 -0.104752652 -0.984103084 0.356935084 0.108597279 0.927795231 20.845872879
0.930831552 -0.009526525 -0.365324348 -5.606153011 -0.030287676 0.994210005 -0.103097677 -1.066412449 0.364191294 0.107031405 0.925153494 21.560571671
0.927428544 -0.008538823 -0.373902947 -5.877441406 -0.031038823 0.994533241 -0.099700823 -1.148423910 0.372710228 0.104070894 0.922093451 22.266330719
0.924057543 -0.006873566 -0.382191628 -6.193683624 -0.031578936 0.995047927 -0.094246626 -1.226696968 0.380946875 0.099158503 0.919264495 23.003278732
0.920482874 -0.002978384 -0.390771538 -6.526654720 -0.034819067 0.995368540 -0.089604631 -1.303970337 0.389228612 0.096085824 0.916116059 23.747665405
0.916799903 0.000987800 -0.399345756 -6.872612476 -0.038472041 0.995564163 -0.085859783 -1.384208798 0.397489518 0.094079874 0.912771046 24.506027222
0.912513256 0.000455906 -0.409046859 -7.193651199 -0.037555113 0.995869160 -0.082669020 -1.477621436 0.407319516 0.090798378 0.908760905 25.262414932
0.908584893 0.000285502 -0.417700350 -7.557605743 -0.038136933 0.995879769 -0.082275026 -1.550187349 0.415955812 0.090683661 0.904852092 26.017820358
0.904395461 -0.000173888 -0.426695257 -7.927756310 -0.038174029 0.995957017 -0.081317045 -1.620902300 0.424984336 0.089831442 0.900732279 26.812902451
0.900403380 0.000809323 -0.435055226 -8.316133499 -0.039443959 0.996031642 -0.079781502 -1.694020510 0.433264256 0.088995829 0.896862209 27.594112396
0.896586657 0.001694179 -0.442865133 -8.654678345 -0.039797001 0.996255159 -0.076758392 -1.776758194 0.441076636 0.086445250 0.893296480 28.263956070
0.892735660 0.002253515 -0.450575113 -9.073199272 -0.039294895 0.996566892 -0.072871707 -1.845280528 0.448864013 0.082760461 0.889759421 29.061534882
0.888843358 0.003814625 -0.458195359 -9.495940208 -0.039036922 0.996960163 -0.067426860 -1.910025477 0.456545323 0.077818468 0.886290312 29.879467010
0.884685814 0.004356578 -0.466167450 -9.905202866 -0.037726726 0.997345626 -0.062276501 -1.987661481 0.464658737 0.072682120 0.882501900 30.651227951
0.881011486 0.003666656 -0.473080665 -10.343817711 -0.036553562 0.997508168 -0.060341902 -2.053197145 0.471680552 0.070454687 0.878950357 31.450401306
0.877777636 0.003094556 -0.479058444 -10.796086311 -0.036029991 0.997573376 -0.059573684 -2.114150286 0.477711618 0.069552906 0.875759184 32.259002686
0.874348760 0.003907077 -0.485282391 -11.249240875 -0.036401004 0.997678578 -0.057552397 -2.175819874 0.483931005 0.067985624 0.872461319 33.064205170
0.871263564 0.000419421 -0.490815133 -11.694246292 -0.032423563 0.997864425 -0.056703527 -2.227655888 0.489743143 0.065317698 0.869416595 33.880290985
0.868831754 -0.001413241 -0.495105356 -12.192056656 -0.030846210 0.997898817 -0.056978650 -2.283649921 0.494145602 0.064776987 0.866962552 34.719615936
0.867007613 -0.004148289 -0.498277605 -12.748699188 -0.028428797 0.997924745 -0.057774357 -2.330616236 0.497483224 0.064256243 0.865090489 35.592308044
0.865006447 -0.001142444 -0.501759410 -13.165370941 -0.031954978 0.997842133 -0.057360638 -2.408237457 0.500742137 0.065651037 0.863103271 36.389785767
0.864719868 -0.001004770 -0.502253473 -13.689325333 -0.031723920 0.997891963 -0.056614753 -2.468281984 0.501251519 0.064889349 0.862865150 37.257404327
0.864841163 -0.000028091 -0.502045453 -14.206840515 -0.031899784 0.997976243 -0.055007525 -2.531780481 0.501031041 0.063587919 0.863090098 38.106971741
0.864272654 -0.001479635 -0.503021419 -14.723699570 -0.029774277 0.998091817 -0.054092929 -2.600931406 0.502141654 0.061728135 0.862579525 39.002944946
0.863607883 -0.003301324 -0.504153311 -15.253826141 -0.028338557 0.998079777 -0.055079252 -2.657919168 0.503367066 0.061853848 0.861855984 39.918327332
0.862369359 -0.005551666 -0.506249309 -15.803981781 -0.026315482 0.998096704 -0.055772457 -2.721236467 0.505595386 0.061418656 0.860581875 40.846855164
0.860643685 -0.005978909 -0.509172499 -16.350572586 -0.024990795 0.998230159 -0.053963039 -2.783536196 0.508594155 0.059167571 0.858971059 41.765296936
0.858731091 -0.005032292 -0.512402058 -16.904617310 -0.023870749 0.998473346 -0.049810812 -2.852989674 0.511870503 0.055005498 0.857299864 42.666622162
0.855920434 -0.004946812 -0.517083764 -17.464542389 -0.021898178 0.998710513 -0.045802128 -2.925681591 0.516643465 0.050526176 0.854708433 43.581233978
0.852005363 -0.005213551 -0.523507118 -18.035411835 -0.020999141 0.998805463 -0.044122994 -2.984482527 0.523111761 0.048586234 0.850878060 44.478794098
0.846422732 -0.009146336 -0.532432914 -18.596881866 -0.018418649 0.998751342 -0.046437550 -3.046647549 0.532192826 0.049112491 0.845197380 45.379505157
0.839939237 -0.013024182 -0.542523980 -19.172525406 -0.016321026 0.998653471 -0.049242642 -3.121867180 0.542434752 0.050215378 0.838595808 46.286693573
0.834508240 -0.012730304 -0.550848186 -19.798336029 -0.016638178 0.998694956 -0.048286241 -3.178703785 0.550743937 0.049460392 0.833207488 47.158424377
0.828925610 -0.009357061 -0.559280634 -20.408763885 -0.017800955 0.998912334 -0.043095637 -3.239568710 0.559075475 0.045678817 0.827857494 48.035007477
0.823714495 -0.004652352 -0.566985607 -21.031299591 -0.020995911 0.999030292 -0.038700227 -3.301049709 0.566615820 0.043782324 0.822818041 48.921222687
0.819420516 -0.004905317 -0.573171794 -21.646228790 -0.022371588 0.998927832 -0.040532008 -3.353155136 0.572755992 0.046035532 0.818432212 49.787944794
0.815474749 -0.006708813 -0.578753769 -22.260360718 -0.023152959 0.998754501 -0.044200338 -3.410795212 0.578329384 0.049444120 0.814303637 50.677524567
0.812556922 -0.008654434 -0.582817614 -22.888933182 -0.025874492 0.998368680 -0.050898969 -3.476463079 0.582307279 0.056438416 0.811007380 51.520114899
0.809146106 -0.010020297 -0.587522089 -23.526519775 -0.025579035 0.998306155 -0.052254200 -3.544131994 0.587050498 0.057309534 0.807519257 52.382617950
0.805736959 -0.008219959 -0.592216492 -24.184280396 -0.025768941 0.998470306 -0.048918556 -3.604180098 0.591712654 0.054676283 0.804292619 53.274772644
0.802675843 -0.005666397 -0.596388638 -24.837760925 -0.025128944 0.998745620 -0.043310151 -3.670917511 0.595885932 0.049750630 0.801526546 54.137596130
0.799438953 -0.003770629 -0.600735545 -25.485218048 -0.025677675 0.998851955 -0.040440489 -3.728099108 0.600198150 0.047755189 0.798424423 54.988166809
0.796172857 -0.003641309 -0.605058253 -26.155143738 -0.026607802 0.998803794 -0.041023109 -3.785284042 0.604483902 0.048760749 0.795123637 55.857749939
0.792535126 -0.005932394 -0.609797359 -26.841499329 -0.025609812 0.998746753 -0.043000571 -3.834609747 0.609288275 0.049696259 0.791390002 56.755744934
0.788834035 -0.008766769 -0.614543736 -27.515504837 -0.024414629 0.998662114 -0.045585245 -3.896920681 0.614121258 0.050963040 0.787564576 57.598861694
0.784267783 -0.009928118 -0.620342851 -28.189002991 -0.023607351 0.998670340 -0.045828529 -3.959789276 0.619973063 0.050586492 0.782990694 58.449501038
0.779625237 -0.009984270 -0.626166642 -28.866493225 -0.023508236 0.998701572 -0.045193907 -4.017442703 0.625805020 0.049954385 0.778378248 59.281494141
0.774853528 -0.008350580 -0.632085800 -29.558223724 -0.025449961 0.998690069 -0.044392109 -4.066086769 0.631628454 0.050483935 0.773625791 60.108512878
0.769655645 -0.009701246 -0.638385415 -30.262413025 -0.025271170 0.998638034 -0.045643482 -4.126342297 0.637958765 0.051262517 0.768362403 60.939319611
0.763826787 -0.011526868 -0.645318329 -30.970771790 -0.024290549 0.998618841 -0.046588980 -4.187817097 0.644963920 0.051261049 0.762491763 61.791576385
0.758134365 -0.012807751 -0.651972532 -31.686130524 -0.023868890 0.998592079 -0.047372460 -4.252621651 0.651661396 0.051476553 0.756761134 62.603466034
0.752869010 -0.014310461 -0.658014715 -32.416931152 -0.023739055 0.998522699 -0.048876908 -4.315364838 0.657742083 0.052418556 0.751417041 63.412879944
0.746424913 -0.016274514 -0.665270567 -33.158386230 -0.022598594 0.998504400 -0.049781758 -4.381556988 0.665085733 0.052192528 0.744940817 64.243652344
0.740236640 -0.017358061 -0.672122300 -33.919754028 -0.021816619 0.998520136 -0.049815081 -4.451631069 0.671992421 0.051538382 0.738762438 65.066108704
0.733576059 -0.017145751 -0.679391026 -34.627380371 -0.020295994 0.998683095 -0.047118414 -4.513867378 0.679304242 0.048353858 0.732262015 65.854980469
0.727818549 -0.017801810 -0.685538650 -35.430244446 -0.019550636 0.998718023 -0.046690740 -4.573760986 0.685491025 0.047385104 0.726537526 66.649131775
0.721184909 -0.018555801 -0.692494035 -36.197475433 -0.019379763 0.998709559 -0.046943713 -4.652530670 0.692471564 0.047275472 0.719894528 67.443023682
0.713869452 -0.021341855 -0.699953556 -36.954467773 -0.017906247 0.998652339 -0.048711542 -4.710207462 0.700049877 0.047307223 0.712525249 68.262741089
0.707583249 -0.020935809 -0.706319869 -37.761047363 -0.019082498 0.998630285 -0.048716724 -4.772083282 0.706372380 0.047949474 0.706214547 69.060501099
0.702884257 -0.022625146 -0.710944414 -38.710517883 -0.016398970 0.998712897 -0.047996152 -4.816190243 0.711115241 0.045394491 0.701608479 69.886528015
0.697700262 -0.019370567 -0.716127813 -39.416496277 -0.021003069 0.998651564 -0.047475174 -4.910933971 0.716081858 0.048164330 0.696352541 70.640419006
0.692529619 -0.020797761 -0.721089423 -40.255706787 -0.020634573 0.998604178 -0.048619177 -4.975218773 0.721094251 0.048549596 0.691133797 71.444869995
0.687729657 -0.022448253 -0.725619555 -41.101066589 -0.021645099 0.998443365 -0.051403362 -5.045022964 0.725644112 0.051057726 0.686173201 72.208877563
0.682574868 -0.024892127 -0.730391800 -41.945510864 -0.021118851 0.998330534 -0.053759865 -5.116933823 0.730510473 0.052120164 0.680909514 72.989967346
0.677497268 -0.025260508 -0.735091388 -42.801422119 -0.021478700 0.998304427 -0.054101355 -5.190211296 0.735211611 0.052442323 0.675805926 73.757301331
0.673507452 -0.024931466 -0.738759756 -43.684391022 -0.021043001 0.998379230 -0.052877381 -5.262882233 0.738880694 0.051159039 0.671891332 74.524040222
0.668517053 -0.024508215 -0.743292868 -44.578453064 -0.021067178 0.998431683 -0.051868569 -5.341414452 0.743398368 0.050334111 0.666952252 75.299705505
0.662032247 -0.026653066 -0.749001265 -45.415370941 -0.019018471 0.998448193 -0.052339755 -5.403203487 0.749234021 0.048895460 0.660498023 76.078735352
0.657699764 -0.028002376 -0.752759516 -46.319118500 -0.017413085 0.998476446 -0.052357096 -5.473216534 0.753078938 0.047543116 0.656210244 76.845909119
0.652530015 -0.028435238 -0.757229149 -47.224395752 -0.016799327 0.998507142 -0.051972188 -5.551333427 0.757576585 0.046634361 0.651078224 77.627357483
0.648637354 -0.029711476 -0.760517478 -48.096248627 -0.015091163 0.998539209 -0.051881474 -5.626579285 0.760948002 0.045129355 0.647241414 78.367401123
0.644654393 -0.032470997 -0.763784230 -49.009464264 -0.012640089 0.998508155 -0.053118467 -5.699328899 0.764369607 0.043897349 0.643282235 79.134101868
0.640475392 -0.036559653 -0.767107964 -49.908447266 -0.010358756 0.998364031 -0.056229867 -5.778363705 0.767908812 0.043960124 0.639048934 79.877380371
0.635499775 -0.041123789 -0.771005094 -50.844009399 -0.005770441 0.998299837 -0.058003478 -5.848948002 0.772079468 0.041310228 0.634181917 80.650497437
0.628877044 -0.044553906 -0.776227117 -51.774703979 -0.001019014 0.998308718 -0.058126517 -5.930927277 0.777504146 0.037345417 0.627767920 81.403381348
0.620382726 -0.048437651 -0.782801986 -52.718414307 0.004063939 0.998276234 -0.058549877 -6.014935493 0.784288764 0.033142075 0.619510174 82.153648376
0.611578584 -0.049221326 -0.789651155 -53.697875977 0.005989436 0.998322368 -0.057589650 -6.084823608 0.791161001 0.030491037 0.610847354 82.904747009
0.603111565 -0.047314558 -0.796252489 -54.670448303 0.005914489 0.998477101 -0.054851208 -6.170368195 0.797635019 0.028371969 0.602472723 83.626472473
0.593954146 -0.047454618 -0.803098142 -55.675567627 0.005681025 0.998481333 -0.054798126 -6.251890182 0.804478765 0.027985156 0.593321621 84.364837646
0.583981335 -0.048587438 -0.810311675 -56.683822632 0.004130346 0.998372197 -0.056887105 -6.319561958 0.811756551 0.029874146 0.583231330 85.109443665
0.574656725 -0.050971527 -0.816805780 -57.697288513 0.004578635 0.998243153 -0.059072599 -6.397955894 0.818381727 0.030206608 0.573880553 85.799972534
0.564186692 -0.052979801 -0.823945701 -58.727813721 0.005441608 0.998156011 -0.060455475 -6.479359627 0.825629354 0.029624589 0.563434720 86.521179199
0.553463161 -0.054135818 -0.831112385 -59.783569336 0.008563550 0.998202503 -0.059316758 -6.563877106 0.832829654 0.025712369 0.552931905 87.231170654
0.543698609 -0.052995056 -0.837605715 -60.830654144 0.008084233 0.998288870 -0.057913870 -6.649651527 0.839241624 0.024716288 0.543196678 87.897491455
0.534722626 -0.053724043 -0.843318164 -61.907936096 0.008404110 0.998265743 -0.058266267 -6.736293316 0.844985843 0.024068948 0.534246743 88.542190552
0.523737848 -0.054429229 -0.850138903 -62.985500336 0.007869184 0.998223305 -0.059062276 -6.831179619 0.851843178 0.024243254 0.523235679 89.204605103
0.513721108 -0.053888373 -0.856263220 -64.079864502 0.005786198 0.998220384 -0.059350882 -6.937649727 0.857937694 0.025535300 0.513118744 89.839370728
0.503846467 -0.056752287 -0.861926794 -65.196273804 0.005460339 0.998028636 -0.062521808 -6.984998226 0.863775969 0.026794979 0.503163040 90.484252930
0.494400293 -0.056478154 -0.867397606 -66.305038452 0.004583060 0.998042464 -0.062372468 -7.077195644 0.869222343 0.026861630 0.493691325 91.105484009
0.484861046 -0.054441206 -0.872895062 -67.419860840 0.003672967 0.998178661 -0.060214758 -7.168366909 0.874583542 0.025989676 0.484177887 91.736091614
0.476540089 -0.053156447 -0.877544224 -68.554275513 0.004054514 0.998292685 -0.058268927 -7.251825333 0.879143298 0.024209462 0.475942045 92.353874207
0.469690144 -0.052696306 -0.881257176 -69.574813843 0.004761896 0.998353660 -0.057160307 -7.358303070 0.882818460 0.022651179 0.469167829 92.835037231
0.462107182 -0.055829540 -0.885065019 -70.706764221 0.006463593 0.998201966 -0.059591413 -7.446487427 0.886800468 0.021816919 0.461637169 93.420852661
0.455482423 -0.059609033 -0.888246894 -71.829803467 0.008291164 0.997996569 -0.062722571 -7.528456688 0.890206039 0.021204431 0.455064148 93.983078003
0.449214965 -0.062273748 -0.891250730 -72.969299316 0.008963494 0.997831762 -0.065202959 -7.625720501 0.893378735 0.021301428 0.448799193 94.548362732
0.442717254 -0.064717308 -0.894322693 -74.169792175 0.011555550 0.997720897 -0.066479325 -7.746088028 0.896586776 0.019097155 0.442456156 95.163131714
0.437646300 -0.065836094 -0.896733701 -75.327911377 0.014036726 0.997694552 -0.066397846 -7.845324516 0.899037600 0.016471568 0.437561482 95.730285645
0.433288515 -0.063127667 -0.899041772 -76.491882324 0.015609981 0.997919977 -0.062547423 -7.951316833 0.901120007 0.013067056 0.433372647 96.284286499
0.429677248 -0.060908500 -0.900925994 -77.602554321 0.020037830 0.998119891 -0.057922833 -8.056069374 0.902760208 0.006835521 0.430089921 96.831283569
0.426269829 -0.060420584 -0.902576029 -78.758255005 0.021736264 0.998162866 -0.056553770 -8.149088860 0.904334903 0.004488535 0.426800072 97.369018555
0.424067050 -0.061007917 -0.903573573 -79.907714844 0.022570737 0.998130441 -0.056799307 -8.228317261 0.905349553 0.003692390 0.424651265 97.894302368
0.421385854 -0.059567958 -0.904922962 -81.034393311 0.024345906 0.998223841 -0.054372728 -8.318186760 0.906554580 0.000880734 0.422087669 98.425613403
0.420756489 -0.058671530 -0.905274391 -82.177833557 0.025044756 0.998277247 -0.053058732 -8.406240463 0.906827867 -0.000347566 0.421501040 98.920730591
0.416580141 -0.059331328 -0.907160759 -83.327377319 0.027872987 0.998232424 -0.052488066 -8.500065804 0.908671618 -0.003419788 0.417497605 99.475868225
0.414558768 -0.059764408 -0.908057809 -84.461471558 0.029893849 0.998196959 -0.052049417 -8.583415985 0.909531355 -0.005567803 0.415597886 99.980941772
0.412668645 -0.056146998 -0.909149110 -85.525299072 0.030012470 0.998394549 -0.048035752 -8.708303452 0.910386622 -0.007462961 0.413691223 100.471939087
0.411635160 -0.055705000 -0.909644604 -86.630111694 0.031765189 0.998400629 -0.046765778 -8.782222748 0.910794914 -0.009644596 0.412746310 100.947807312
0.410521567 -0.057036161 -0.910065353 -87.725189209 0.033961479 0.998305678 -0.047246717 -8.860063553 0.911218226 -0.011511363 0.411763072 101.415557861
0.409961611 -0.058270503 -0.910239577 -88.807479858 0.035345096 0.998222470 -0.047983851 -8.936819077 0.911417782 -0.012500970 0.411292434 101.876724243
0.406912178 -0.058364868 -0.911600769 -89.855407715 0.035199881 0.998217344 -0.048198260 -9.022306442 0.912788808 -0.012475781 0.408241302 102.399864197
0.407559991 -0.059829935 -0.911216259 -90.935348511 0.035935026 0.998129249 -0.049463917 -9.090435028 0.912471116 -0.012585069 0.408947527 102.864257812
0.412260383 -0.061166212 -0.909010410 -92.032325745 0.034476582 0.998076499 -0.051523313 -9.145459175 0.910413444 -0.010098552 0.413576156 103.287582397
0.416992009 -0.059882462 -0.906935334 -93.028106689 0.029800996 0.998191595 -0.052205913 -9.238670349 0.908421516 -0.005258127 0.418022484 103.739303589
0.418004096 -0.059428737 -0.906499207 -93.984542847 0.029327575 0.998220623 -0.051918343 -9.333932877 0.907971621 -0.004883346 0.419003189 104.272476196
0.424444020 -0.060175113 -0.903452456 -95.007583618 0.028863689 0.998181283 -0.052924372 -9.403005600 0.904994011 -0.003613540 0.425408930 104.737380981
0.431521773 -0.059194840 -0.900158286 -96.022872925 0.027349252 0.998244524 -0.052534238 -9.474020004 0.901687860 -0.001948983 0.432383150 105.212707520
0.438487679 -0.059135918 -0.896789491 -96.988212585 0.029477887 0.998242378 -0.051412608 -9.536405563 0.898253620 -0.003891666 0.439460188 105.701301575
0.447586149 -0.058998380 -0.892292440 -97.976905823 0.029077636 0.998253882 -0.051418804 -9.606650352 0.893767953 -0.002931409 0.448520094 106.188476562
0.456532419 -0.058687519 -0.887769103 -98.967796326 0.028946174 0.998273671 -0.051107138 -9.681859970 0.889235795 -0.002365458 0.457443029 106.694610596
0.466707200 -0.058643002 -0.882465482 -99.942337036 0.026655838 0.998278677 -0.052241806 -9.757374763 0.884010077 0.000858766 0.467467010 107.206192017
0.476948231 -0.059694868 -0.876901865 -100.897453308 0.024676252 0.998207152 -0.054531239 -9.834853172 0.878584921 0.004369924 0.477566123 107.720687866
0.487975985 -0.061029434 -0.870720863 -101.845527649 0.023678355 0.998111248 -0.056688298 -9.908587456 0.872535765 0.007045290 0.488499343 108.256301880
0.500779986 -0.059221897 -0.863546193 -102.842025757 0.020442510 0.998187602 -0.056600746 -9.975085258 0.865333080 0.010691474 0.501083016 108.808929443
0.513130367 -0.056667343 -0.856438041 -103.775192261 0.018929858 0.998322606 -0.054713603 -10.050450325 0.858101845 0.011862963 0.513342381 109.366439819
0.526089251 -0.054652914 -0.848671436 -104.703384399 0.017970283 0.998424470 -0.053157024 -10.120158195 0.850239456 0.012714475 0.526242673 109.916046143
0.537899017 -0.053618141 -0.841302395 -105.616142273 0.017504988 0.998470485 -0.052442756 -10.195805550 0.842827499 0.013481915 0.538014889 110.486427307
0.550136626 -0.054138348 -0.833317876 -106.515686035 0.018540062 0.998442292 -0.052626293 -10.273763657 0.834868789 0.013501890 0.550283372 111.077468872
0.561190069 -0.055135507 -0.825848460 -107.381233215 0.018714620 0.998369038 -0.053936183 -10.347526550 0.827475309 0.014813009 0.561306596 111.661582947
0.571903229 -0.057095494 -0.818331718 -108.236869812 0.020933570 0.998265803 -0.055019863 -10.415096283 0.820053875 0.014335440 0.572106659 112.263153076
0.582506895 -0.057031378 -0.810822487 -109.081268311 0.021279115 0.998263538 -0.054928310 -10.488190651 0.812547207 0.014742532 0.582708895 112.875045776
0.594904125 -0.053718332 -0.801999569 -109.951919556 0.020228146 0.998448849 -0.051871844 -10.580220222 0.803542137 0.014635811 0.595068097 113.458023071
0.605055273 -0.050942414 -0.794552028 -110.771949768 0.020341845 0.998614252 -0.048535366 -10.648482323 0.795923650 0.013203925 0.605253041 114.078598022
0.614377618 -0.049264293 -0.787472665 -111.567504883 0.019426938 0.998690784 -0.047321402 -10.716166496 0.788773000 0.013775026 0.614530265 114.708137512
0.626336396 -0.049222976 -0.777997255 -112.358695984 0.018428022 0.998660505 -0.048348375 -10.781856537 0.779335022 0.015945395 0.626404464 115.283561707
0.635803819 -0.048799492 -0.770306408 -113.128036499 0.016868072 0.998639464 -0.049341809 -10.847904205 0.771666288 0.018378133 0.635761917 115.912452698
0.645882070 -0.047969650 -0.761928618 -113.876754761 0.016606785 0.998670638 -0.048797023 -10.915485382 0.763256431 0.018863941 0.645820081 116.524291992
0.654450178 -0.046299271 -0.754686356 -114.594940186 0.016993472 0.998771966 -0.046537265 -10.978771210 0.755914092 0.017631585 0.654433310 117.169174194
0.663260400 -0.043614052 -0.747116804 -115.341911316 0.015879951 0.998895824 -0.044214435 -11.047008514 0.748220325 0.017461505 0.663220584 117.805633545
0.671974778 -0.043041322 -0.739322245 -116.066169739 0.015930817 0.998918772 -0.043674707 -11.106452942 0.740402699 0.017570293 0.671933949 118.447418213
0.679702699 -0.041345056 -0.732321441 -116.767501831 0.014360736 0.998968840 -0.043070409 -11.174980164 0.733347237 0.018758394 0.679595470 119.091392517
0.686863244 -0.040068746 -0.725681245 -117.459915161 0.013528117 0.999010980 -0.042356268 -11.235763550 0.726660907 0.019275859 0.686725914 119.742042542
0.693793952 -0.038938034 -0.719120264 -118.142921448 0.014127235 0.999081016 -0.040467314 -11.280746460 0.720034957 0.017916799 0.693706334 120.412788391
0.702379763 -0.035901178 -0.710896432 -118.830299377 0.012892312 0.999205112 -0.037723269 -11.336804390 0.711685538 0.017330965 0.702284276 121.051933289
0.709746838 -0.034225240 -0.703624904 -119.472465515 0.011735295 0.999254942 -0.036767673 -11.389397621 0.704358995 0.017838497 0.709619641 121.693710327
0.717316687 -0.033397276 -0.695946395 -120.102172852 0.011062152 0.999270499 -0.036551442 -11.437437057 0.696659386 0.018520297 0.717162907 122.338096619
0.724552155 -0.031012455 -0.688521922 -120.730499268 0.008838495 0.999323070 -0.035710573 -11.481571198 0.689163327 0.019788673 0.724335790 123.009773254
0.733650029 -0.028085768 -0.678947031 -121.338310242 0.008186688 0.999438286 -0.032497134 -11.530567169 0.679478168 0.018283194 0.733467817 123.661941528
0.743332863 -0.024198549 -0.668483853 -121.934089661 0.006448352 0.999558270 -0.029012799 -11.577503204 0.668890595 0.017255548 0.743160546 124.312019348
0.753802419 -0.021928007 -0.656735182 -122.513221741 0.004715867 0.999597847 -0.027963106 -11.621965408 0.657084227 0.017981581 0.753602684 124.954109192
0.763312638 -0.021551915 -0.645669699 -123.082382202 0.003352367 0.999562085 -0.029401366 -11.662979126 0.646020591 0.020277912 0.763050556 125.640525818
0.772985280 -0.022909543 -0.634010136 -123.620368958 0.003693279 0.999493420 -0.031613190 -11.700099945 0.634413123 0.022094954 0.772678256 126.300643921
0.783241928 -0.021745289 -0.621336579 -124.161331177 0.002994458 0.999508500 -0.031205652 -11.739311218 0.621709824 0.022581009 0.782922029 126.961158752
0.793594003 -0.020549040 -0.608100593 -124.678405762 0.003195486 0.999556482 -0.029606963 -11.771612167 0.608439267 0.021552728 0.793307722 127.639938354
0.804024398 -0.018018056 -0.594323218 -125.189208984 0.002676094 0.999640286 -0.026685704 -11.806560516 0.594590247 0.019865489 0.803783417 128.305816650
0.813953996 -0.016489038 -0.580695212 -125.691665649 0.002849388 0.999698460 -0.024392821 -11.845733643 0.580922306 0.018200008 0.813755572 128.992553711
0.823011637 -0.014965316 -0.567827344 -126.175720215 0.003427049 0.999765515 -0.021382036 -11.884201050 0.568014205 0.015651692 0.822869897 129.701690674
0.831233263 -0.013833667 -0.555751622 -126.651298523 0.003706716 0.999806046 -0.019342884 -11.919061661 0.555911422 0.014018434 0.831123292 130.400161743
0.838536620 -0.014261797 -0.544658542 -127.118476868 0.005368829 0.999825180 -0.017914601 -11.951299667 0.544818819 0.012097871 0.838466465 131.115676880
0.844950855 -0.015445236 -0.534620881 -127.554168701 0.006667930 0.999809444 -0.018346125 -11.962211609 0.534802377 0.011936759 0.844892859 131.848434448
0.851888120 -0.014289372 -0.523528874 -128.004379272 0.005641787 0.999820113 -0.018109089 -11.994730949 0.523693502 0.012473276 0.851815462 132.566131592
0.858703613 -0.012149941 -0.512328565 -128.439758301 0.003859247 0.999843776 -0.017243035 -12.022214890 0.512457967 0.012829451 0.858616471 133.285675049
0.865124345 -0.010871364 -0.501439631 -128.873870850 0.003038003 0.999860287 -0.016435871 -12.055990219 0.501548111 0.012695696 0.865036488 134.029357910
0.870938718 -0.011267294 -0.491262376 -129.304931641 0.003545249 0.999855161 -0.016646840 -12.080492020 0.491378844 0.012756729 0.870852470 134.791824341
0.875705659 -0.013579365 -0.482654333 -129.706649780 0.005369009 0.999816477 -0.018388314 -12.089481354 0.482815474 0.013511374 0.875617862 135.548522949
0.879880190 -0.013952878 -0.474990726 -130.118072510 0.005842368 0.999810934 -0.018547008 -12.121034622 0.475159734 0.013544074 0.879795253 136.321609497
0.883644402 -0.012956925 -0.467979461 -130.535827637 0.005254432 0.999828458 -0.017760722 -12.148316383 0.468129307 0.013235195 0.883560836 137.094268799
0.886967242 -0.011567359 -0.461687446 -130.970428467 0.005347483 0.999876440 -0.014778156 -12.165225029 0.461801380 0.010638874 0.886919558 137.902832031
0.890356481 -0.006181071 -0.455222100 -131.398406982 0.001662818 0.999945283 -0.010325138 -12.194828033 0.455261081 0.008436101 0.890318036 138.700363159
0.894022763 -0.003303333 -0.448009372 -131.816757202 0.000095751 0.999974132 -0.007182092 -12.220253944 0.448021531 0.006378057 0.893999994 139.508148193
0.897153318 -0.000505235 -0.441719025 -132.221572876 -0.002123334 0.999982774 -0.005456372 -12.229473114 0.441714197 0.005833119 0.897136867 140.339904785
0.900493920 0.001596261 -0.434865594 -132.628601074 -0.003277572 0.999989748 -0.003116339 -12.244502068 0.434856147 0.004231547 0.900489986 141.167739868
0.903835475 0.001709168 -0.427876681 -133.040893555 -0.002266702 0.999997139 -0.000793599 -12.242705345 0.427874058 0.001687152 0.903836787 142.020950317
0.907283723 0.001376310 -0.420516729 -133.447189331 -0.000995290 0.999998868 0.001125515 -12.253078461 0.420517802 -0.000602626 0.907284081 142.881149292
0.910798848 0.000999250 -0.412849158 -133.858276367 -0.000211986 0.999998093 0.001952703 -12.258707047 0.412850320 -0.001691001 0.910797298 143.777526855
0.914606571 0.000045720 -0.404344797 -134.238647461 0.000868946 0.999997437 0.002078581 -12.264834404 0.404343903 -0.002252438 0.914604187 144.638839722
