1.000000000 0.000000000 0.000000000 0.000000000 0.000000000 1.000000000 0.000000000 0.000000000 0.000000000 0.000000000 1.000000000 0.000000000
0.999929190 -0.002485021 0.011637457 0.009663700 0.002471039 0.999996185 0.001215662 -0.006314008 -0.011640433 -0.001186820 0.999931514 0.292140782
0.999828935 -0.004630687 0.017907787 0.027606856 0.004608671 0.999988556 0.001270476 -0.009586263 -0.017913466 -0.001187728 0.999838829 0.584154367
0.999770224 -0.007954749 0.019904872 0.037966691 0.007958699 0.999968350 -0.000119208 -0.011366792 -0.019903289 0.000277597 0.999801874 0.885346949
0.999803305 -0.009234337 0.017551471 0.048276994 0.009265250 0.999955654 -0.001680757 -0.012311287 -0.017535174 0.001843046 0.999844491 1.193675041
0.999872148 -0.011958398 0.010610300 0.050464727 0.011994150 0.999922514 -0.003312396 -0.013579167 -0.010569868 0.003439235 0.999938190 1.507689357
0.999906361 -0.013584614 -0.001644379 0.043887079 0.013575800 0.999893963 -0.005258430 -0.014934950 0.001715638 0.005235614 0.999984801 1.825027585
0.999747097 -0.012834228 -0.018466454 0.027754441 0.012726254 0.999901295 -0.005952615 -0.014683400 0.018541027 0.005716100 0.999811769 2.165692568
0.999240220 -0.008509626 -0.038033050 0.000078462 0.008300740 0.999949634 -0.005646740 -0.023719544 0.038079191 0.005326746 0.999260545 2.506100893
0.998294830 -0.005078917 -0.058151692 -0.037601501 0.004674403 0.999963880 -0.007090086 -0.026838627 0.058185607 0.006806173 0.998282611 2.855577469
0.996931791 -0.005027166 -0.078113273 -0.085643739 0.004463158 0.999962687 -0.007393302 -0.032338351 0.078147531 0.007021986 0.996917129 3.209534883
0.995009959 -0.006161379 -0.099584997 -0.120725632 0.005549720 0.999963999 -0.006417938 -0.041815445 0.099620961 0.005833243 0.995008349 3.581534863
0.992824435 -0.007221424 -0.119362652 -0.181084871 0.006599335 0.999962509 -0.005606216 -0.046289913 0.119398683 0.004778275 0.992834866 3.966222286
0.990495145 -0.006539329 -0.137392223 -0.248926789 0.005886934 0.999969423 -0.005154219 -0.049373224 0.137421712 0.004296410 0.990503311 4.369462967
0.988119781 -0.006038096 -0.153567001 -0.318462640 0.005414644 0.999975324 -0.004477713 -0.058253217 0.153590247 0.003593006 0.988128066 4.778290272
0.985921919 -0.005134214 -0.167128086 -0.402755857 0.004405189 0.999979079 -0.004732508 -0.064270869 0.167148918 0.003929652 0.985923827 5.201567650
0.983799279 -0.006470934 -0.179156795 -0.489046216 0.005541082 0.999968410 -0.005690084 -0.067630902 0.179187968 0.004605177 0.983804107 5.633274078
0.981923282 -0.010313028 -0.188998118 -0.577137828 0.008943914 0.999927223 -0.008095525 -0.072642058 0.189067826 0.006258802 0.981944025 6.081922531
0.980345488 -0.009537124 -0.197057754 -0.673806250 0.007708619 0.999919832 -0.010044012 -0.078093141 0.197137743 0.008327561 0.980340421 6.545547485
0.978747606 -0.009154031 -0.204864323 -0.778805077 0.006894240 0.999907255 -0.011741737 -0.083395541 0.204952791 0.010079812 0.978719950 7.015183926
0.977106452 -0.009895792 -0.212520346 -0.890579224 0.006911405 0.999866784 -0.014781153 -0.092084952 0.212638289 0.012973945 0.977044761 7.502259731
0.975313187 -0.014098017 -0.220375761 -1.004195213 0.010774898 0.999809504 -0.016274163 -0.103857666 0.220563218 0.013497881 0.975279272 7.996135712
0.973287582 -0.020663287 -0.228657603 -1.115264535 0.017074056 0.999698162 -0.017664332 -0.116673172 0.228953585 0.013288365 0.973346591 8.515055656
0.971185386 -0.020904062 -0.237406611 -1.243795156 0.016517067 0.999654353 -0.020453099 -0.128443167 0.237752095 0.015942490 0.971195042 9.026301384
0.969172359 -0.016969291 -0.245798677 -1.398457646 0.011208865 0.999629200 -0.024815744 -0.138923034 0.246128678 0.021295605 0.969003201 9.549448967
0.967013061 -0.013734896 -0.254355967 -1.558452725 0.006869583 0.999588251 -0.027859623 -0.156826347 0.254633874 0.025193302 0.966709435 10.086623192
0.964684784 -0.016532296 -0.262887746 -1.712376595 0.009126372 0.999527037 -0.029367689 -0.180542901 0.263248920 0.025931347 0.964379370 10.648380280
0.962285280 -0.019728256 -0.271325678 -1.872485518 0.011579920 0.999433517 -0.031600006 -0.198836222 0.271795362 0.027266294 0.961968720 11.215589523
0.959895015 -0.019163484 -0.279703885 -2.043227673 0.010099225 0.999377131 -0.033812005 -0.227937847 0.280177742 0.029631184 0.959490657 11.794191360
0.957624853 -0.018262140 -0.287438989 -2.237098217 0.007838113 0.999270618 -0.037374355 -0.251569152 0.287911803 0.033537641 0.957069516 12.383296967
0.955327213 -0.019288581 -0.294920117 -2.428779602 0.007032712 0.999069214 -0.042560954 -0.280974269 0.295466542 0.038585555 0.954573572 12.969901085
0.953515232 -0.020956470 -0.300615251 -2.623272419 0.006108308 0.998718023 -0.050247751 -0.313094854 0.301282912 0.046075750 0.952420950 13.575598717
0.952150881 -0.022204228 -0.304820806 -2.829321384 0.004617072 0.998288631 -0.058296815 -0.349348962 0.305593580 0.054099984 0.950623870 14.191499710
0.950977862 -0.021644277 -0.308500588 -3.052267790 0.000935905 0.997744679 -0.067116395 -0.389156580 0.309257478 0.063537456 0.948853433 14.817505836
0.949586272 -0.020949258 -0.312805027 -3.271911144 -0.003041506 0.997102320 -0.076011322 -0.437495887 0.313491017 0.073130712 0.946770966 15.465432167
0.948324621 -0.020654533 -0.316628635 -3.503849506 -0.005961874 0.996543109 -0.082863398 -0.494689643 0.317245543 0.080469109 0.944923282 16.110652924
0.946690321 -0.018302104 -0.321624637 -3.731544018 -0.011231297 0.995902717 -0.089730889 -0.552583337 0.321949154 0.088559635 0.942605913 16.755844116
0.945127308 -0.017213518 -0.326248467 -3.984201908 -0.014918842 0.995295107 -0.095732965 -0.618327856 0.326361448 0.095347092 0.940423906 17.422298431
0.943537414 -0.015922695 -0.330883026 -4.243878365 -0.018686844 0.994695246 -0.101153471 -0.687658072 0.330738425 0.101625249 0.938234746 18.105060577
0.941827834 -0.013199965 -0.335836351 -4.504324436 -0.023253420 0.994274795 -0.104292192 -0.764130712 0.335290283 0.106034636 0.936128795 18.788141251
0.940060794 -0.012351744 -0.340783209 -4.769190788 -0.025195245 0.994096518 -0.105533056 -0.844834208 0.340074927 0.107793584 0.934199989 19.481441498
0.937888145 -0.011892704 -0.346733898 -5.039831161 -0.026072405 0.994170129 -0.104623035 -0.929418087 0.345956832 0.107164897 0.932110250 20.183629990
0.935441732 -0.011681893 -0.353287905 -5.305137157 -0.026395239 0.994354963 -0.102769338 -1.017772794 0.352494061 0.105459847 0.929852784 20.897100449
0.932995737 -0.012063750 -0.359685034 -5.595499039 -0.026232058 0.994499922 -0.101399310 -1.092954040 0.358929932 0.104040392 0.927547753 21.616048813
0.929675639 -0.010821157 -0.368220270 -5.895179749 -0.027359281 0.994779587 -0.098310530 -1.178036928 0.367361814 0.101471141 0.924526334 22.354753494
0.926307976 -0.009381487 -0.376650333 -6.205997467 -0.027564960 0.995323300 -0.092582561 -1.258604765 0.375757456 0.096142322 0.921717405 23.099142075
0.922894597 -0.005796211 -0.385009080 -6.530931473 -0.030240653 0.995707214 -0.087479144 -1.339161158 0.383863389 0.092376955 0.918757558 23.840866089
0.919060290 -0.002227544 -0.394110739 -6.863020897 -0.033407763 0.995944619 -0.083535552 -1.416619539 0.392698526 0.089940578 0.915258646 24.599393845
0.915195465 -0.001173154 -0.403008550 -7.208419800 -0.034724612 0.996047199 -0.081755914 -1.489956856 0.401511401 0.088816948 0.911537230 25.364099503
0.911170244 -0.001165775 -0.412028551 -7.562735558 -0.035467461 0.996062338 -0.081251882 -1.562926292 0.410500705 0.088647895 0.907541156 26.122838974
0.907281458 -0.000606697 -0.420523316 -7.936820984 -0.036580134 0.996094525 -0.080358930 -1.628549099 0.418929756 0.088290982 0.903715909 26.898693085
0.903303683 -0.000263094 -0.429001659 -8.314809799 -0.036929738 0.996240079 -0.078370012 -1.702690601 0.427409261 0.086634837 0.899897635 27.669553757
0.899485648 -0.001311863 -0.436948329 -8.703461647 -0.035566524 0.996457398 -0.076207623 -1.774008036 0.435500383 0.084088393 0.896252513 28.456365585
0.895587027 -0.001256558 -0.444884419 -9.100294113 -0.034509562 0.996786773 -0.072285809 -1.840829730 0.443545729 0.080091007 0.892665923 29.242931366
0.891893506 0.002089618 -0.452240676 -9.521263123 -0.036030259 0.997138917 -0.066450253 -1.914998651 0.450807959 0.075560905 0.889417052 30.033279419
0.887976468 0.002276973 -0.459883243 -9.945163727 -0.034711473 0.997467220 -0.062084824 -1.983341575 0.458576977 0.071093075 0.885806382 30.843044281
0.884197056 0.001096793 -0.467112809 -10.382052422 -0.033051375 0.997637749 -0.060220413 -2.046736717 0.465943307 0.068685435 0.882144570 31.654293060
0.880839407 0.000274844 -0.473415107 -10.821639061 -0.032322090 0.997701287 -0.059559483 -2.102736950 0.472310513 0.067764096 0.878823519 32.466335297
0.877888381 0.001013544 -0.478864193 -11.279180527 -0.032550007 0.997811139 -0.057561096 -2.163373232 0.477757722 0.066119261 0.875999868 33.280937195
0.874804676 -0.001222719 -0.484474301 -11.747070312 -0.029853163 0.997960508 -0.056423869 -2.219388485 0.483555138 0.063822955 0.872983992 34.116973877
0.872345328 -0.001089842 -0.488888860 -12.265537262 -0.030238451 0.997962594 -0.056180451 -2.293874741 0.487953991 0.063791998 0.870535076 34.973381042
0.870198190 -0.002877455 -0.492693365 -12.748891830 -0.028855022 0.997968972 -0.056792334 -2.348759174 0.491856039 0.063637264 0.868347704 35.819644928
0.868831515 -0.002087589 -0.495103478 -13.254145622 -0.030292723 0.997893512 -0.057366721 -2.408123732 0.494180292 0.064840049 0.866938055 36.677864075
0.868455708 -0.001699215 -0.495763779 -13.747209549 -0.030261965 0.997947693 -0.056431919 -2.469458342 0.494842291 0.064011410 0.866621971 37.524639130
0.868488908 -0.001371275 -0.495706737 -14.260464668 -0.029830059 0.998039365 -0.055023793 -2.528105021 0.494810253 0.062574521 0.866745114 38.393104553
0.868397892 -0.002254381 -0.495862901 -14.790007591 -0.028455101 0.998115301 -0.054370832 -2.595547676 0.495050937 0.061325338 0.866697013 39.282344818
0.867523253 -0.004091430 -0.497379780 -15.298864365 -0.026853332 0.998122573 -0.055047758 -2.662013054 0.496671140 0.061111514 0.865784705 40.190937042
0.866320133 -0.007180406 -0.499437511 -15.840696335 -0.023659559 0.998184323 -0.055390574 -2.725325823 0.498928457 0.059802432 0.864577413 41.112327576
0.864823461 -0.007624238 -0.502017975 -16.385978699 -0.022268306 0.998318315 -0.053523116 -2.789869070 0.501581788 0.057467148 0.863199294 42.039970398
0.862760246 -0.006810991 -0.505567312 -16.933691025 -0.021057323 0.998557806 -0.049387261 -2.855557203 0.505174518 0.053255267 0.861372471 42.961425781
0.860098958 -0.006110249 -0.510090709 -17.489093781 -0.019898867 0.998765290 -0.045516793 -2.922411442 0.509739220 0.049299169 0.858915329 43.879013062
0.856185317 -0.006619835 -0.516626477 -18.057828903 -0.018415492 0.998891592 -0.043318659 -2.985774517 0.516340554 0.046602737 0.855114400 44.798015594
0.851017714 -0.009386607 -0.525053203 -18.618068695 -0.017393939 0.998787701 -0.046048254 -3.041067600 0.524848819 0.048320610 0.849822700 45.688796997
0.844842315 -0.013280590 -0.534850538 -19.191137314 -0.015094218 0.998702288 -0.048640866 -3.107590199 0.534802437 0.049167011 0.843545496 46.594779968
0.838789523 -0.013405200 -0.544290721 -19.783756256 -0.015454611 0.998707950 -0.048413530 -3.161509991 0.544236422 0.049020581 0.837498486 47.493637085
0.832974255 -0.010222971 -0.553217113 -20.386852264 -0.016377727 0.998935699 -0.043119267 -3.225026608 0.553069115 0.044977680 0.831920326 48.382804871
0.827802122 -0.005286426 -0.560995102 -20.998043060 -0.020007320 0.999041378 -0.038936999 -3.281517506 0.560663044 0.043456137 0.826902926 49.265617371
0.823761463 -0.005627879 -0.566908479 -21.612239838 -0.021024276 0.998959601 -0.040466864 -3.335018635 0.566546559 0.045253888 0.822786272 50.146892548
0.820167065 -0.007723544 -0.572072029 -22.234081268 -0.021562718 0.998781085 -0.044398539 -3.397580147 0.571717680 0.048749644 0.819000840 51.036094666
0.817192316 -0.010098106 -0.576276541 -22.862800598 -0.023965463 0.998386502 -0.051479124 -3.456667185 0.575866520 0.055879075 0.815631807 51.908187866
0.813898027 -0.011554425 -0.580892801 -23.497360229 -0.023694953 0.998310447 -0.053056560 -3.517803192 0.580524325 0.056946874 0.812249064 52.790809631
0.810726643 -0.009741901 -0.585343838 -24.142721176 -0.023396790 0.998523533 -0.049024045 -3.583676815 0.584957182 0.053440269 0.809301674 53.660327911
0.807656884 -0.007569936 -0.589604199 -24.784183502 -0.022617118 0.998784065 -0.043804970 -3.644573212 0.589218855 0.048714537 0.806503594 54.526542664
0.804416478 -0.005869961 -0.594036818 -25.428363800 -0.022979170 0.998895288 -0.040987860 -3.703037262 0.593621194 0.046621785 0.803393006 55.398498535
0.801227629 -0.005747182 -0.598332047 -26.077507019 -0.023797853 0.998856604 -0.041462097 -3.759238720 0.597886264 0.047459602 0.800174773 56.261035919
0.797537267 -0.007206668 -0.603226483 -26.737751007 -0.023744825 0.998778760 -0.043325778 -3.814967394 0.602802038 0.048877437 0.796392262 57.135536194
0.793320656 -0.009982369 -0.608721972 -27.405158997 -0.022609109 0.998692870 -0.045842912 -3.876188755 0.608383954 0.050130803 0.792058051 58.000770569
0.789354384 -0.010842534 -0.613842070 -28.071754456 -0.022357089 0.998673141 -0.046389461 -3.932476521 0.613530576 0.050341457 0.788064659 58.838954926
0.784732401 -0.010953382 -0.619737923 -28.745754242 -0.021733463 0.998742819 -0.045171618 -3.996517658 0.619453549 0.048916686 0.783507764 59.677364349
0.779618025 -0.010677009 -0.626164258 -29.421409607 -0.022225004 0.998753130 -0.044701859 -4.053319931 0.625860870 0.048766881 0.778408527 60.511241913
0.774096310 -0.012178227 -0.632950723 -30.112953186 -0.021749174 0.998713195 -0.045814790 -4.115183830 0.632694244 0.049231220 0.772835195 61.357402802
0.768520296 -0.013642971 -0.639679968 -30.829933167 -0.020805018 0.998711109 -0.046295755 -4.184061050 0.639487088 0.048887782 0.767245889 62.211311340
0.763319433 -0.014773669 -0.645852208 -31.532947540 -0.020829767 0.998655736 -0.047462221 -4.242990494 0.645685196 0.049681786 0.761985719 63.033241272
0.757327676 -0.016167190 -0.652834833 -32.252132416 -0.020382937 0.998621225 -0.048375878 -4.308881283 0.652716875 0.049943082 0.755953848 63.861003876
0.751168966 -0.018169070 -0.659859896 -32.989017487 -0.019669928 0.998561084 -0.049886916 -4.368680000 0.659816861 0.050452888 0.749730766 64.699867249
0.745234728 -0.018967256 -0.666532338 -33.724761963 -0.018793771 0.998600781 -0.049429681 -4.440705299 0.666537166 0.049363378 0.743835568 65.510734558
0.738557994 -0.019169824 -0.673917353 -34.476009369 -0.017591825 0.998707294 -0.047687791 -4.505206108 0.673960388 0.047075629 0.737266123 66.338363647
0.732571900 -0.019375026 -0.680413902 -35.241230011 -0.017351907 0.998738587 -0.047121458 -4.567434788 0.680468500 0.046326332 0.731311500 67.138687134
0.725829065 -0.021419246 -0.687541544 -36.006301880 -0.015817007 0.998731136 -0.047811680 -4.631577015 0.687693238 0.045577962 0.724569321 67.949653625
0.719384909 -0.023482535 -0.694214582 -36.801803589 -0.015181181 0.998658061 -0.049512267 -4.693457127 0.694445729 0.046157371 0.718063116 68.759803772
0.713518262 -0.022830456 -0.700264573 -37.610771179 -0.016578177 0.998638988 -0.049450181 -4.760351658 0.700440466 0.046892710 0.712168694 69.560470581
0.708461642 -0.022099487 -0.705403268 -38.417236328 -0.017276311 0.998667181 -0.048638329 -4.824899673 0.705537975 0.046645157 0.707135439 70.344490051
0.703670740 -0.021381300 -0.710204422 -39.227226257 -0.018305143 0.998669982 -0.048202530 -4.893809319 0.710290372 0.046919096 0.702343345 71.125038147
0.698591769 -0.022607964 -0.715163231 -40.058769226 -0.018463422 0.998598337 -0.049603596 -4.956323624 0.715282261 0.047857024 0.697195113 71.933540344
0.693205655 -0.024330039 -0.720328927 -40.885681152 -0.019273426 0.998446882 -0.052271526 -5.026099205 0.720482111 0.050118141 0.691660225 72.718315125
0.688669622 -0.026719987 -0.724582791 -41.740806580 -0.018585088 0.998341858 -0.054479174 -5.097651958 0.724837065 0.050984584 0.687031150 73.503623962
0.682960749 -0.027526503 -0.729936182 -42.588493347 -0.019149913 0.998271525 -0.055563156 -5.164911270 0.730204046 0.051925678 0.681253076 74.304840088
0.678244114 -0.026926236 -0.734343171 -43.450126648 -0.019185683 0.998338878 -0.054326221 -5.236827374 0.734586179 0.050935321 0.676600873 75.093551636
0.673112094 -0.027611941 -0.739024758 -44.322349548 -0.017929390 0.998399854 -0.053633165 -5.306066990 0.739323139 0.049351409 0.671539783 75.881484985
0.667825997 -0.028260864 -0.743780851 -45.201820374 -0.018055575 0.998369753 -0.054146029 -5.379923344 0.744098425 0.049589515 0.666226923 76.667823792
0.663164079 -0.029105613 -0.747907937 -46.087570190 -0.017209940 0.998386502 -0.054113172 -5.458585739 0.748276174 0.048757356 0.661593199 77.440696716
0.658631563 -0.030420618 -0.751850426 -46.980697632 -0.015657021 0.998412073 -0.054112516 -5.527126789 0.752302706 0.047411941 0.657109439 78.221687317
0.654451489 -0.031554524 -0.755445123 -47.889411926 -0.013869591 0.998459816 -0.053720504 -5.603301048 0.755976737 0.045635190 0.653005719 79.004745483
0.650547385 -0.034426536 -0.758684933 -48.790470123 -0.011115800 0.998433590 -0.054836936 -5.681310177 0.759384215 0.044107426 0.649145663 79.772239685
0.646460474 -0.038430221 -0.761978984 -49.710319519 -0.009658351 0.998238266 -0.058540016 -5.749671936 0.762886345 0.045203265 0.644950449 80.535911560
0.642046392 -0.042705759 -0.765475392 -50.626506805 -0.005442183 0.998168290 -0.060252320 -5.827324390 0.766646504 0.042850640 0.640637934 81.295158386
0.634934962 -0.046559498 -0.771161318 -51.561374664 -0.000588573 0.998152912 -0.060748901 -5.900307655 0.772565365 0.039025486 0.633734763 82.077758789
0.626592517 -0.050274905 -0.777723730 -52.496925354 0.004433226 0.998130918 -0.060951084 -5.991822243 0.779334426 0.034743674 0.625644267 82.831596375
0.617578268 -0.051229633 -0.784839213 -53.454116821 0.007192385 0.998202503 -0.059497144 -6.074358940 0.786476433 0.031099280 0.616836727 83.575706482
0.608712375 -0.050010256 -0.791813076 -54.428447723 0.007851874 0.998342216 -0.057018254 -6.154727936 0.793352127 0.028490510 0.608096004 84.325286865
0.600002527 -0.049706392 -0.798452377 -55.404273987 0.007254134 0.998364866 -0.056700464 -6.238838196 0.799965262 0.028228337 0.599381924 85.048202515
0.590901673 -0.050938055 -0.805133820 -56.395126343 0.005901275 0.998251021 -0.058824852 -6.316507339 0.806721926 0.030008391 0.590168774 85.756225586
0.580775261 -0.053067207 -0.812332332 -57.401130676 0.006142470 0.998130202 -0.060813274 -6.400883675 0.814040780 0.030329112 0.580015302 86.474212646
0.570568621 -0.054551560 -0.819436073 -58.414619446 0.006114156 0.998045921 -0.062184736 -6.485946655 0.821227312 0.030470492 0.569787145 87.188598633
0.561262965 -0.055359889 -0.825783908 -59.449798584 0.009275174 0.998118460 -0.060608976 -6.574815750 0.827585459 0.026358292 0.560720503 87.870399475
0.550966203 -0.055715512 -0.832665622 -60.494701385 0.010361944 0.998148620 -0.059931960 -6.655403137 0.834463179 0.024392443 0.550523520 88.565681458
0.540180385 -0.056312226 -0.839663208 -61.554039001 0.010725779 0.998138309 -0.060040195 -6.744158268 0.841480792 0.023426492 0.539778769 89.255096436
0.530548930 -0.056887150 -0.845743239 -62.635520935 0.009748388 0.998089015 -0.061019033 -6.838427544 0.847598255 0.024128953 0.530089617 89.903106689
0.520281374 -0.057154514 -0.852080166 -63.706222534 0.008145357 0.998044670 -0.061971720 -6.926719666 0.853956044 0.025302239 0.519729614 90.554306030
0.510615885 -0.058431625 -0.857821226 -64.796257019 0.007198407 0.997943640 -0.063691437 -7.015865326 0.859778702 0.026346916 0.509986639 91.186920166
0.501033485 -0.058140457 -0.863472581 -65.895988464 0.006317089 0.997959852 -0.063530400 -7.109535694 0.865404844 0.026376225 0.500378549 91.817771912
0.492533773 -0.056350239 -0.868467093 -67.002548218 0.005441397 0.998081505 -0.061674260 -7.197474480 0.870276332 0.025650980 0.491895527 92.432144165
0.484455675 -0.054664571 -0.873106241 -68.115669250 0.005776616 0.998223901 -0.059292868 -7.288152218 0.874796748 0.023681168 0.483911037 93.048416138
0.476953328 -0.054675896 -0.877226353 -69.232040405 0.005742920 0.998235822 -0.059095733 -7.382626534 0.878909826 0.023148067 0.476425856 93.644714355
0.469328463 -0.057673514 -0.881138206 -70.352928162 0.007347611 0.998085320 -0.061414480 -7.471391678 0.882993102 0.022349305 0.468853623 94.237518311
0.462672502 -0.060945343 -0.884431839 -71.489547729 0.009822947 0.997925341 -0.063627392 -7.563714027 0.886474848 0.020750921 0.462311268 94.822937012
0.456629783 -0.063324332 -0.887400270 -72.618675232 0.010528479 0.997778356 -0.065783210 -7.663365364 0.889594495 0.020695599 0.456282049 95.399520874
0.451029658 -0.066919595 -0.889996648 -73.752456665 0.012391306 0.997558475 -0.068727635 -7.759766579 0.892422974 0.019969979 0.450757653 95.978378296
0.446566463 -0.068086319 -0.892156184 -74.898422241 0.014796923 0.997526169 -0.068721235 -7.859472275 0.894628108 0.017487429 0.446469128 96.545150757
0.442710280 -0.065420195 -0.894275010 -76.040580750 0.016216202 0.997755945 -0.064962469 -7.960587978 0.896517992 0.014257812 0.442777693 97.105316162
0.438451082 -0.063280351 -0.896524549 -77.171630859 0.019348014 0.997951746 -0.060977221 -8.064238548 0.898546755 0.009389558 0.438777357 97.666442871
0.435362160 -0.062655255 -0.898072541 -78.327201843 0.020864166 0.998009562 -0.059513099 -8.160868645 0.900013626 0.007172222 0.435802788 98.202636719
0.432833165 -0.062601633 -0.899297774 -79.459197998 0.021980625 0.998022199 -0.058894709 -8.251749992 0.901206195 0.005724452 0.433353066 98.747009277
0.430002928 -0.061504804 -0.900730073 -80.590339661 0.023825161 0.998102427 -0.056779720 -8.346195221 0.902513146 0.002955409 0.430652291 99.288490295
0.427705169 -0.061188303 -0.901844919 -81.715957642 0.025813207 0.998126149 -0.055478718 -8.429902077 0.903549671 0.000449022 0.428483188 99.829254150
0.425783843 -0.062012706 -0.902697325 -82.831481934 0.028148979 0.998073637 -0.055287492 -8.518448830 0.904386938 -0.001869488 0.426709265 100.351226807
0.423690796 -0.062519394 -0.903646767 -83.950912476 0.030172357 0.998035729 -0.054902896 -8.600824356 0.905304253 -0.004003299 0.424744844 100.869613647
0.421788067 -0.061388329 -0.904613912 -85.058746338 0.033250999 0.998081505 -0.052227452 -8.687817574 0.906084538 -0.008050396 0.423020095 101.391166687
0.419839680 -0.060929611 -0.905550778 -86.157341003 0.035039991 0.998088360 -0.050910402 -8.765323639 0.906921625 -0.010356281 0.421172053 101.899093628
0.417930275 -0.062533721 -0.906324387 -87.268455505 0.037571907 0.997964501 -0.051531207 -8.843931198 0.907701850 -0.012515888 0.419428974 102.411666870
0.416785657 -0.063625842 -0.906775355 -88.342651367 0.038832590 0.997882843 -0.052169777 -8.927255630 0.908174992 -0.013468824 0.418373972 102.903060913
0.416674197 -0.064756341 -0.906746447 -89.421493530 0.038886879 0.997816265 -0.053390630 -9.013980865 0.908223689 -0.013014048 0.418282390 103.387374878
0.416550905 -0.065237984 -0.906768620 -90.485488892 0.038470052 0.997793376 -0.054114480 -9.099010468 0.908298075 -0.012341998 0.418141454 103.885986328
0.419225603 -0.065524735 -0.905514479 -91.527206421 0.036463208 0.997802556 -0.055321526 -9.175659180 0.907149732 -0.009825771 0.420693547 104.358200073
0.423106074 -0.066165291 -0.903661072 -92.560707092 0.034683473 0.997781932 -0.056817472 -9.251632690 0.905416071 -0.007302285 0.424462527 104.847137451
0.426968455 -0.067183562 -0.901767254 -93.575485229 0.034016155 0.997723699 -0.058226548 -9.332014084 0.903626502 -0.005813750 0.428281903 105.347900391
0.433218837 -0.066927448 -0.898800373 -94.600715637 0.032864485 0.997749090 -0.058454879 -9.415844917 0.900689363 -0.004214854 0.434443235 105.821754456
0.439214200 -0.065649860 -0.895980597 -95.590309143 0.032112233 0.997836232 -0.057371426 -9.497966766 0.897808194 -0.003573583 0.440372080 106.326103210
0.447647423 -0.064229377 -0.891900361 -96.591003418 0.030695971 0.997933090 -0.056458823 -9.578989029 0.893683136 -0.002104103 0.448693663 106.814819336
0.456360519 -0.063972764 -0.887492299 -97.582504272 0.030286016 0.997951090 -0.056361444 -9.651320457 0.889279366 -0.001157470 0.457362890 107.324249268
0.465561092 -0.063835785 -0.882710457 -98.564117432 0.029657733 0.997960508 -0.056528255 -9.726928711 0.884518683 0.000138168 0.466504723 107.844894409
0.475190759 -0.064410798 -0.877522171 -99.538764954 0.028730951 0.997920990 -0.057689957 -9.808633804 0.879413545 0.002201690 0.476053536 108.370422363
0.485453576 -0.066066593 -0.871762753 -100.503959656 0.026835674 0.997796834 -0.060674284 -9.884095192 0.873850524 0.006060202 0.486156970 108.899658203
0.497688591 -0.066377059 -0.864812136 -101.463500977 0.024183894 0.997741759 -0.062662281 -9.965467453 0.867018580 0.010271776 0.498169959 109.431694031
0.509602666 -0.065567240 -0.857908070 -102.396308899 0.023134258 0.997775853 -0.062515020 -10.038515091 0.860098779 0.012010753 0.509986103 109.986770630
0.522451580 -0.062563390 -0.850370705 -103.329483032 0.021421000 0.997952819 -0.060260627 -10.124608994 0.852399826 0.013267467 0.522722244 110.549362183
0.534648180 -0.060079910 -0.842936397 -104.242843628 0.020885184 0.998104334 -0.057892606 -10.207639694 0.844816625 0.013347297 0.534889400 111.124198914
0.546761990 -0.059529137 -0.835169137 -105.158477783 0.021324681 0.998135805 -0.057184387 -10.287737846 0.837016463 0.013456534 0.547012150 111.706687927
0.558589637 -0.058875408 -0.827351868 -106.053268433 0.020438677 0.998151720 -0.057230484 -10.373828888 0.829192340 0.015058372 0.558760643 112.304519653
0.569413543 -0.060070172 -0.819853485 -106.920043945 0.020762958 0.998059332 -0.058706697 -10.448009491 0.821788967 0.016405802 0.569555759 112.903312683
0.580149114 -0.062255975 -0.812127590 -107.778198242 0.023601931 0.997940898 -0.059639830 -10.527035713 0.814168274 0.015432213 0.580423892 113.519882202
0.590996742 -0.061587401 -0.804319441 -108.626174927 0.023492128 0.997972429 -0.059154049 -10.606602669 0.806331813 0.016064674 0.591245174 114.140808105
0.601834416 -0.059327535 -0.796414196 -109.462005615 0.023022063 0.998111367 -0.056955282 -10.686129570 0.798289001 0.015942557 0.602063537 114.755332947
0.611561298 -0.056780525 -0.789156973 -110.273193359 0.023389770 0.998283088 -0.053701300 -10.759456635 0.790851235 0.014383438 0.611839354 115.386550903
0.621691585 -0.055056635 -0.781324744 -111.071632385 0.022333890 0.998366952 -0.052579843 -10.831942558 0.782943666 0.015238425 0.621905982 116.012977600
0.631702065 -0.054811969 -0.773270965 -111.856933594 0.020835871 0.998337328 -0.053744126 -10.900039673 0.774931192 0.017838500 0.631793797 116.647460938
0.640984416 -0.054557148 -0.765612423 -112.616744995 0.019460430 0.998305142 -0.054846086 -10.970140457 0.767307222 0.020256337 0.640959740 117.284034729
0.650693834 -0.053517621 -0.757451892 -113.386810303 0.018589346 0.998337030 -0.054568015 -11.041971207 0.759112597 0.021426536 0.650606632 117.921035767
0.659922004 -0.051301289 -0.749580622 -114.129608154 0.018174639 0.998464227 -0.052334134 -11.111551285 0.751114249 0.020913094 0.659840941 118.570518494
0.668532848 -0.049715407 -0.742019057 -114.849288940 0.018512880 0.998566329 -0.050224669 -11.179384232 0.743452072 0.019839933 0.668494821 119.218917847
0.676497936 -0.049148880 -0.734802604 -115.547866821 0.019196840 0.998608351 -0.049120478 -11.246382713 0.736194193 0.019124014 0.676500022 119.875419617
0.684018552 -0.048337512 -0.727861345 -116.242279053 0.017964629 0.998615742 -0.049435873 -11.304844856 0.729243398 0.020739296 0.683940053 120.525985718
0.691271603 -0.047044322 -0.721062064 -116.926445007 0.017487977 0.998675346 -0.048391208 -11.370790482 0.722383499 0.020841552 0.691178560 121.183151245
0.698332965 -0.044813361 -0.714368939 -117.598701477 0.017139766 0.998798966 -0.045901041 -11.425840378 0.715567887 0.019810094 0.698262334 121.845390320
0.705688000 -0.042205013 -0.707264662 -118.257682800 0.016464977 0.998931706 -0.043181561 -11.486389160 0.708331406 0.018827615 0.705628991 122.524002075
0.713077903 -0.041040633 -0.699882567 -118.912452698 0.015824992 0.998973012 -0.042455748 -11.539965630 0.700906217 0.019198615 0.712994993 123.185165405
0.720335305 -0.040278535 -0.692455709 -119.543708801 0.015208209 0.998989701 -0.042288393 -11.590991020 0.693459272 0.019930810 0.720219970 123.848403931
0.728480041 -0.037215170 -0.684055507 -120.164199829 0.012400856 0.999076128 -0.041147269 -11.640302658 0.684954762 0.021492099 0.728268623 124.498085022
0.737529695 -0.034510460 -0.674432337 -120.770606995 0.011763877 0.999198437 -0.038264174 -11.689178467 0.675212264 0.020287024 0.737344444 125.156097412
0.747021079 -0.030283501 -0.664110184 -121.354133606 0.009841333 0.999356210 -0.034500778 -11.743204117 0.664727509 0.019237073 0.746838093 125.809150696
0.757191300 -0.027923210 -0.652596056 -121.926223755 0.007773640 0.999400318 -0.033742666 -11.788287163 0.653146923 0.020476606 0.756954312 126.462272644
0.766999066 -0.027215652 -0.641070724 -122.473663330 0.006674735 0.999384344 -0.034441419 -11.832838058 0.641613483 0.022137552 0.766708612 127.117767334
0.776601791 -0.028437763 -0.629349530 -123.013221741 0.007147328 0.999314010 -0.036335349 -11.871023178 0.629951060 0.023719929 0.776272476 127.788085938
0.786701679 -0.027753012 -0.616709232 -123.542190552 0.007128826 0.999330759 -0.035877816 -11.915113449 0.617292225 0.023828726 0.786373019 128.470214844
0.796932101 -0.025891624 -0.603513777 -124.066833496 0.006659438 0.999396861 -0.034081884 -11.954483032 0.604032218 0.023141887 0.796623826 129.156234741
0.807061791 -0.023333024 -0.590005815 -124.566680908 0.006230186 0.999499738 -0.031005139 -11.995697975 0.590434134 0.021347215 0.806803465 129.838592529
0.816780984 -0.022344749 -0.576514959 -125.068901062 0.006694989 0.999549568 -0.029255696 -12.027371407 0.576909006 0.020035731 0.816562653 130.543945312
0.825919867 -0.020714801 -0.563406825 -125.562698364 0.007269700 0.999633014 -0.026096616 -12.073180199 0.563740611 0.017457914 0.825767338 131.266326904
0.834039629 -0.020159043 -0.551336110 -126.024597168 0.008319391 0.999678135 -0.023966968 -12.105376244 0.551641822 0.015402616 0.833938897 131.967330933
0.841328859 -0.020272152 -0.540143311 -126.488143921 0.009811135 0.999704480 -0.022238122 -12.140670776 0.540434539 0.013410161 0.841279209 132.693450928
0.847821236 -0.020061018 -0.529902339 -126.925804138 0.009905307 0.999708951 -0.021998869 -12.170616150 0.530189574 0.013402261 0.847773314 133.405197144
0.854452014 -0.019037198 -0.519181371 -127.360931396 0.008883065 0.999717593 -0.022037914 -12.199448586 0.519454420 0.014218413 0.854379773 134.126968384
0.861137629 -0.017186234 -0.508081377 -127.800704956 0.007419017 0.999746740 -0.021242840 -12.225946426 0.508317769 0.014523544 0.861047089 134.861480713
0.867366195 -0.016571306 -0.497394562 -128.225097656 0.007122591 0.999756455 -0.020887597 -12.253303528 0.497619480 0.014574457 0.867272973 135.611068726
0.873194695 -0.017025914 -0.487074167 -128.637130737 0.007768597 0.999748826 -0.021019686 -12.281686783 0.487309635 0.014570395 0.873107672 136.362533569
0.878241539 -0.018103817 -0.477874547 -129.049743652 0.008894572 0.999728680 -0.021527244 -12.313731194 0.478134632 0.014655634 0.878164291 137.118789673
0.882665277 -0.018443227 -0.469639987 -129.455810547 0.009124552 0.999713898 -0.022110606 -12.340442657 0.469913363 0.015231010 0.882581115 137.881561279
0.886020064 -0.017818294 -0.463304400 -129.854263306 0.008858298 0.999729574 -0.021508196 -12.365301132 0.463562280 0.014952607 0.885938168 138.662200928
0.889092028 -0.016163383 -0.457442999 -130.260650635 0.008798447 0.999795198 -0.018226190 -12.388703346 0.457643896 0.012179973 0.889052153 139.459259033
0.892431140 -0.012298993 -0.451015979 -130.674224854 0.006575560 0.999876797 -0.014255020 -12.406387329 0.451135725 0.009755942 0.892402053 140.268142700
0.895924568 -0.009579914 -0.444102943 -131.083038330 0.005133574 0.999923944 -0.011213369 -12.431817055 0.444176584 0.007766497 0.895905614 141.073333740
0.899163544 -0.006779256 -0.437559992 -131.488342285 0.003049973 0.999952793 -0.009225045 -12.443733215 0.437601954 0.006960282 0.899141788 141.899139404
0.902577996 -0.005292797 -0.430493832 -131.893569946 0.002614599 0.999973297 -0.006812586 -12.461585999 0.430518419 0.005023321 0.902567804 142.730499268
0.905839384 -0.003606739 -0.423606277 -132.295791626 0.002081173 0.999989510 -0.004063901 -12.472480774 0.423616529 0.002799643 0.905837297 143.570526123
0.909235656 -0.003805515 -0.416264415 -132.691345215 0.003305130 0.999992609 -0.001922684 -12.487786293 0.416268706 0.000372364 0.909241557 144.437332153
0.912774980 -0.003960555 -0.408443689 -133.085418701 0.003937437 0.999991775 -0.000897382 -12.498924255 0.408443779 -0.000789113 0.912783086 145.316436768
0.916384399 -0.004550573 -0.400273651 -133.475311279 0.004564403 0.999989092 -0.000918815 -12.508998871 0.400273442 -0.000985022 0.916395366 146.214782715
