1.000000000 0.000000000 0.000000000 0.000000000 0.000000000 1.000000000 0.000000000 0.000000000 0.000000000 0.000000000 1.000000000 0.000000000
0.999929972 -0.002538878 0.011558748 0.011782417 0.002529372 0.999996451 0.000837002 -0.001724106 -0.011560832 -0.000807707 0.999932845 0.295643539
0.999826369 -0.004605602 0.018056056 0.024530896 0.004590309 0.999989070 0.000888308 -0.004738447 -0.018059950 -0.000805270 0.999836582 0.587660476
0.999778330 -0.007135887 0.019808331 0.036143247 0.007153635 0.999974072 -0.000825269 -0.003820696 -0.019801928 0.000966788 0.999803455 0.889074657
0.999810287 -0.008215863 0.017660421 0.038024347 0.008253206 0.999963855 -0.002042688 -0.010585961 -0.017643000 0.002188056 0.999841956 1.195486364
0.999884211 -0.010754474 0.010765975 0.039019760 0.010796284 0.999934372 -0.003833005 -0.008650318 -0.010724046 0.003948794 0.999934699 1.513393909
0.999923916 -0.012182277 -0.001937543 0.036754820 0.012171550 0.999911044 -0.005455113 -0.014576044 0.002003827 0.005431115 0.999983244 1.833046008
0.999762948 -0.011140057 -0.018706894 0.017798636 0.011028264 0.999920772 -0.006068603 -0.014945782 0.018773017 0.005860860 0.999806593 2.172232456
0.999238975 -0.006346509 -0.038486272 -0.014087527 0.006114798 0.999962483 -0.006135342 -0.017944873 0.038523766 0.005895338 0.999240294 2.509348901
0.998276911 -0.002792400 -0.058612382 -0.052991100 0.002368926 0.999970598 -0.007293242 -0.026885647 0.058631025 0.007141826 0.998254175 2.854449990
0.996881928 -0.002814776 -0.078857456 -0.096413891 0.002224155 0.999968824 -0.007576564 -0.031186363 0.078876324 0.007377548 0.996857110 3.215048591
0.994969657 -0.004183093 -0.100089375 -0.147806584 0.003503770 0.999969627 -0.006961990 -0.035155165 0.100115458 0.006576278 0.994954093 3.586578380
0.992867224 -0.005327061 -0.119106243 -0.223162976 0.004585020 0.999968342 -0.006503235 -0.035532823 0.119137115 0.005910745 0.992860217 3.961715283
0.990536599 -0.004522684 -0.137174314 -0.291354801 0.003807016 0.999977743 -0.005479122 -0.044342043 0.137196041 0.004905046 0.990531770 4.357598995
0.988243507 -0.003773468 -0.152841524 -0.366158770 0.003090336 0.999984148 -0.004706860 -0.050411874 0.152856862 0.004179192 0.988239502 4.766034832
0.986053013 -0.003209143 -0.166400594 -0.451724056 0.002371468 0.999983498 -0.005232536 -0.055871375 0.166414640 0.004764944 0.986044351 5.183828727
0.983883388 -0.004920498 -0.178743581 -0.540271783 0.003878110 0.999973379 -0.006180693 -0.061768946 0.178769235 0.005387894 0.983876278 5.617091543
0.982063928 -0.008342968 -0.188363573 -0.632752889 0.006811114 0.999938274 -0.008778257 -0.067682688 0.188425183 0.007337843 0.982060134 6.065536799
0.980418975 -0.007283874 -0.196788156 -0.724904160 0.005252869 0.999927440 -0.010840755 -0.072595197 0.196852839 0.009594780 0.980386097 6.533686209
0.978937571 -0.006385885 -0.204059926 -0.833703271 0.003911262 0.999913873 -0.012527951 -0.077932400 0.204122353 0.011465950 0.978878234 7.002954305
0.977243449 -0.006586182 -0.212018543 -0.949637288 0.003407223 0.999876290 -0.015355639 -0.085227883 0.212093449 0.014283803 0.977144995 7.484157800
0.975551539 -0.010077839 -0.219539592 -1.072865885 0.006480950 0.999832817 -0.017097843 -0.099126455 0.219675198 0.015257002 0.975453757 7.979354459
0.973554985 -0.016376956 -0.227865062 -1.182704583 0.012551101 0.999755056 -0.018229022 -0.115918704 0.228107783 0.014886997 0.973522068 8.497239764
0.971551864 -0.016169853 -0.236274230 -1.330322180 0.011504193 0.999710923 -0.021112156 -0.128844760 0.236547309 0.017793410 0.971457032 9.033422829
0.969506019 -0.010897571 -0.244825085 -1.503578919 0.004737970 0.999657596 -0.025734080 -0.147452361 0.245021695 0.023789371 0.969225688 9.584386801
0.967237275 -0.007987858 -0.253748396 -1.665148905 0.000691258 0.999584049 -0.028831417 -0.158897801 0.253873151 0.027711416 0.966840473 10.137008544
0.965021528 -0.010811515 -0.261947630 -1.822143460 0.002879157 0.999526120 -0.030647129 -0.175573655 0.262154840 0.028820951 0.964595352 10.695027973
0.962689598 -0.014687750 -0.270209193 -1.985529723 0.006044502 0.999443931 -0.032791643 -0.196214852 0.270540573 0.029934893 0.962243057 11.259311838
0.960314015 -0.014458367 -0.278546134 -2.150039766 0.005019278 0.999389660 -0.034570430 -0.229211427 0.278875958 0.031800368 0.959800467 11.822475279
0.958070560 -0.013253292 -0.286225700 -2.343159390 0.002379810 0.999263310 -0.038303699 -0.253046659 0.286522491 0.036016484 0.957396300 12.391378032
0.955796046 -0.014500777 -0.293672685 -2.534611636 0.001910649 0.999068380 -0.043112887 -0.289029738 0.294024264 0.040646021 0.954933313 12.974587254
0.954014737 -0.016039708 -0.299330268 -2.733304175 0.000901125 0.998716337 -0.050644501 -0.321163523 0.299758352 0.048045866 0.952804558 13.585397423
0.952628546 -0.017936866 -0.303606856 -2.949165148 0.000152317 0.998287388 -0.058500144 -0.354012009 0.304136204 0.055682663 0.950999795 14.219985920
0.951555038 -0.017436118 -0.306983699 -3.184985755 -0.003531558 0.997705264 -0.067614598 -0.391022704 0.307458189 0.065423142 0.949309894 14.849229977
0.950289263 -0.017380782 -0.310882975 -3.451855089 -0.006959593 0.997005715 -0.077014078 -0.422818362 0.311290668 0.075349270 0.947322864 15.526689083
0.949105845 -0.017015263 -0.314497338 -3.693194403 -0.009993838 0.996409843 -0.084068711 -0.479698933 0.314798694 0.082933140 0.945528358 16.182029390
0.947530602 -0.015547905 -0.319286739 -3.924952450 -0.014213332 0.995779525 -0.090670387 -0.540415125 0.319348932 0.090451094 0.943310585 16.839588762
0.945820338 -0.014703100 -0.324357376 -4.163778563 -0.017549098 0.995199073 -0.096285171 -0.609724221 0.324215851 0.096760652 0.941021497 17.518688558
0.944211376 -0.013383640 -0.329068011 -4.418136152 -0.021340848 0.994587658 -0.101685590 -0.684411038 0.328647905 0.103035281 0.938815363 18.206100870
0.942654686 -0.010042914 -0.333618469 -4.685265407 -0.026624608 0.994099428 -0.105154449 -0.754360983 0.332705986 0.108006795 0.936825095 18.876879856
0.940928358 -0.008605668 -0.338496333 -4.951028034 -0.029389978 0.993828580 -0.106962527 -0.830453654 0.337327815 0.110592475 0.934868574 19.575517349
0.938756803 -0.007755593 -0.344493128 -5.217220327 -0.030780252 0.993862686 -0.106252237 -0.913246854 0.343202914 0.110348596 0.932756639 20.259755479
0.936479324 -0.007132925 -0.350650249 -5.491231090 -0.031628677 0.994001776 -0.104690478 -1.003204694 0.349293719 0.109131072 0.930636506 20.977008471
0.934023864 -0.007294509 -0.357136125 -5.778063818 -0.031650741 0.994169104 -0.103082606 -1.079657736 0.355805639 0.107585237 0.928346791 21.688173804
0.930754624 -0.007273612 -0.365572050 -6.068159158 -0.031453929 0.994503253 -0.099869561 -1.166890095 0.364289006 0.104452733 0.925409718 22.419143782
0.927417275 -0.006032468 -0.373979689 -6.404275058 -0.031869880 0.994959157 -0.095081999 -1.231324721 0.372668096 0.100099376 0.922550056 23.204542436
0.924082634 -0.001635967 -0.382189231 -6.740782253 -0.035361041 0.995335596 -0.089758834 -1.318722246 0.380553388 0.096459189 0.919714490 23.963824104
0.920511296 0.001272507 -0.390713879 -7.102805958 -0.037749248 0.995606144 -0.085693637 -1.392912016 0.388888093 0.093631116 0.916514738 24.749766566
0.916650084 0.001524877 -0.399687752 -7.448409227 -0.038106235 0.995771004 -0.083594393 -1.469056239 0.397870003 0.091857403 0.912831681 25.525011942
0.912788050 0.002399398 -0.408426515 -7.819188887 -0.039781162 0.995750491 -0.083056722 -1.549587914 0.406491617 0.092060865 0.909004600 26.310855471
0.908984707 0.002917413 -0.416819255 -8.186766716 -0.040890424 0.995776423 -0.082202726 -1.620164311 0.414818968 0.091764937 0.905264834 27.090109142
0.904903283 0.003522865 -0.425602676 -8.561278373 -0.041637762 0.995901871 -0.080285489 -1.691923574 0.423575666 0.090371745 0.901341557 27.871790150
0.901067372 0.002182663 -0.433673641 -8.943810869 -0.039948587 0.996153456 -0.077989755 -1.762051837 0.431835271 0.087598673 0.897688571 28.650137151
0.897157034 0.001536685 -0.441709062 -9.327457828 -0.037810787 0.996590676 -0.073330548 -1.836740753 0.440090447 0.082490384 0.894156438 29.429815864
0.893476084 0.003614657 -0.449096228 -9.735669285 -0.038096917 0.996973389 -0.067769368 -1.899134648 0.447492025 0.077659492 0.890909586 30.214267345
0.889798362 0.003773129 -0.456338295 -10.181466912 -0.036890020 0.997288013 -0.063684733 -1.967305248 0.454860421 0.073500900 0.887524431 31.028169354
0.885914002 0.001802022 -0.463846023 -10.606017329 -0.034429083 0.997489478 -0.061881977 -2.022039202 0.462570015 0.070791903 0.883751938 31.840143534
0.882576862 0.000799536 -0.470167464 -11.049613555 -0.033345945 0.997586765 -0.060899052 -2.081084382 0.468984148 0.069426273 0.880473657 32.660809657
0.879487587 0.000677837 -0.475921343 -11.554615513 -0.032790614 0.997708922 -0.059175017 -2.130941057 0.474790859 0.067649446 0.877494839 33.517941034
0.876360708 -0.002115861 -0.481650737 -12.030294692 -0.029499973 0.997877220 -0.058058640 -2.186985346 0.480751143 0.065088995 0.874437969 34.371678266
0.873759003 -0.003706188 -0.486345010 -12.517339593 -0.028042119 0.997923554 -0.057984653 -2.246731529 0.485550043 0.064302758 0.871840760 35.227534343
0.871506734 -0.005541672 -0.490352224 -13.000343140 -0.026676416 0.997919757 -0.058690098 -2.307030783 0.489657413 0.064229655 0.869545956 36.093727498
0.870164289 -0.004971903 -0.492736635 -13.503095469 -0.027929524 0.997843961 -0.059391681 -2.365111153 0.491969565 0.065442420 0.868149317 36.956689891
0.869706225 -0.005591434 -0.493538061 -14.026012267 -0.026876710 0.997915714 -0.058667455 -2.418933487 0.492837422 0.064288130 0.867743229 37.837062274
0.869686099 -0.004206157 -0.493587274 -14.537782012 -0.027806729 0.997958250 -0.057498839 -2.473825003 0.492821341 0.063730989 0.867793458 38.719077278
0.869421868 -0.005433880 -0.494040573 -15.052200453 -0.026170271 0.998029286 -0.057032111 -2.538980789 0.493376866 0.062514140 0.867566280 39.608086186
0.868554161 -0.007793484 -0.495532976 -15.563921979 -0.024124256 0.998026184 -0.057980650 -2.599585922 0.495006756 0.062313699 0.866651784 40.517206570
0.867521265 -0.010154827 -0.497296425 -16.094620408 -0.021762098 0.998059318 -0.058343879 -2.662091144 0.496923803 0.061436769 0.865616692 41.455309956
0.866175822 -0.011106687 -0.499615939 -16.647753446 -0.020017900 0.998179482 -0.056894679 -2.715406000 0.499338291 0.059282057 0.864376601 42.359596932
0.864203914 -0.010528784 -0.503031549 -17.188275280 -0.018923767 0.998393453 -0.053407908 -2.782509189 0.502785725 0.055674575 0.862616286 43.270053348
0.861147527 -0.009971520 -0.508257322 -17.734906931 -0.017779970 0.998605097 -0.049716525 -2.852432400 0.508044101 0.051850063 0.859769017 44.216885314
0.857512696 -0.009832852 -0.514368828 -18.311372626 -0.017232927 0.998707257 -0.047820928 -2.922785391 0.514174098 0.049871133 0.856234703 45.125022911
0.851751336 -0.014377326 -0.523748942 -18.821898925 -0.013858503 0.998655496 -0.049951402 -2.986637871 0.523762927 0.049804550 0.850406905 46.016976308
0.845702661 -0.018088427 -0.533347745 -19.374048368 -0.011938101 0.998534020 -0.052794811 -3.053325369 0.533520843 0.051015872 0.844246937 46.903441145
0.839738032 -0.019198225 -0.542652251 -19.974417703 -0.011250154 0.998545100 -0.052736308 -3.105243437 0.542875189 0.050389605 0.838300314 47.788441320
0.834092063 -0.015676894 -0.551402454 -20.580831707 -0.012762493 0.998780087 -0.047701753 -3.164806689 0.551477606 0.046824923 0.832874466 48.678676852
0.829016743 -0.011034438 -0.559114909 -21.195034552 -0.016039906 0.998924780 -0.043497184 -3.224953710 0.558993704 0.045028044 0.827948376 49.576745322
0.824942553 -0.011535629 -0.565098853 -21.794125216 -0.017047409 0.998829062 -0.045275715 -3.282454506 0.564959441 0.046983336 0.823779944 50.466929828
0.821403275 -0.014137298 -0.570172602 -22.407125763 -0.017153364 0.998628187 -0.049472272 -3.346870944 0.570089836 0.050417065 0.820033962 51.343774487
0.818308160 -0.016366455 -0.574546686 -23.021456491 -0.019863374 0.998192220 -0.056725118 -3.405878073 0.574436421 0.057831063 0.816503746 52.205513884
0.814953282 -0.018027764 -0.579246189 -23.663189771 -0.019595987 0.998087239 -0.058633265 -3.462614067 0.579195256 0.059134272 0.813041200 53.089229307
0.811806525 -0.015847974 -0.583711408 -24.293384996 -0.019942144 0.998296047 -0.054838971 -3.534879642 0.583585878 0.056159091 0.810107202 53.946564750
0.808410596 -0.014489708 -0.588440614 -24.952602879 -0.018548567 0.998573398 -0.050071145 -3.588882194 0.588326660 0.051392774 0.806988553 54.837179065
0.805441623 -0.011909800 -0.592555439 -25.590993345 -0.020151301 0.998669694 -0.047463326 -3.650086454 0.592332437 0.050169701 0.804130142 55.702240655
0.802268860 -0.012342233 -0.596835274 -26.251109485 -0.020248157 0.998648363 -0.047869183 -3.716401744 0.596619383 0.050488770 0.800934577 56.568701288
0.798724678 -0.013204242 -0.601551774 -26.913393559 -0.021083674 0.998531036 -0.049912405 -3.776601320 0.601327171 0.052549192 0.797272987 57.426372720
0.794806739 -0.015640951 -0.606661033 -27.559057958 -0.020233330 0.998429047 -0.052249880 -3.843874917 0.606525235 0.053803330 0.793241666 58.257103669
0.790494316 -0.017076816 -0.612231263 -28.227762665 -0.019221674 0.998427103 -0.052667321 -3.910204616 0.612167677 0.053401328 0.788922705 59.118567828
0.785676377 -0.017692970 -0.618384661 -28.882352042 -0.018317296 0.998487350 -0.051840990 -3.977268762 0.618366483 0.052057376 0.784163837 59.952196974
0.780778659 -0.016908388 -0.624578892 -29.564891993 -0.019054207 0.998524460 -0.050851152 -4.046176156 0.624517112 0.051604350 0.779304413 60.792097571
0.775362945 -0.018421115 -0.631247151 -30.241939083 -0.018529976 0.998480455 -0.051898182 -4.116546682 0.631243965 0.051936922 0.773843404 61.616582892
0.770134995 -0.019547525 -0.637581354 -30.923435118 -0.018371332 0.998436016 -0.052801668 -4.187667448 0.637616329 0.052377631 0.768571402 62.433600344
0.764059647 -0.021069794 -0.644801457 -31.619647955 -0.017902694 0.998389204 -0.053837627 -4.253413247 0.644897162 0.052678842 0.762451697 63.283577179
0.758540168 -0.023093435 -0.651216943 -32.344770341 -0.016974423 0.998332420 -0.055174711 -4.317132157 0.651405160 0.052906266 0.756883244 64.113996477
0.752071216 -0.026300237 -0.658556894 -33.072821826 -0.014194801 0.998325383 -0.056079734 -4.389749937 0.658928974 0.051524038 0.750438459 64.966360963
0.745555026 -0.027165032 -0.665890204 -33.797747548 -0.013878634 0.998319375 -0.056265527 -4.467735080 0.666299547 0.051190693 0.743925014 65.790466458
0.739187118 -0.025787855 -0.673006234 -34.546754243 -0.014422270 0.998431482 -0.054097810 -4.550109158 0.673345679 0.049694682 0.737655771 66.614739247
0.732702611 -0.026907089 -0.680016832 -35.351014543 -0.013492118 0.998447384 -0.054044284 -4.610036522 0.680415201 0.048773255 0.731201972 67.458422247
0.726264403 -0.029406428 -0.686786196 -36.157219702 -0.011808620 0.998403469 -0.055236492 -4.674295862 0.687314028 0.048226296 0.724757650 68.277119862
0.720004004 -0.030908066 -0.693281274 -36.940993055 -0.012168377 0.998291814 -0.057143545 -4.743936109 0.693863217 0.049579689 0.718398002 69.069555845
0.714387785 -0.030122522 -0.699101371 -37.746874320 -0.014291210 0.998236570 -0.057615205 -4.809168545 0.699604070 0.051150603 0.712697525 69.849213741
0.709272028 -0.029929075 -0.704299255 -38.683680191 -0.013649571 0.998327928 -0.056169719 -4.908077630 0.704802723 0.049452993 0.707677555 70.692246481
0.704794998 -0.029247236 -0.708807880 -39.451868238 -0.014671763 0.998335136 -0.055782575 -4.988860167 0.709259297 0.049714741 0.703192501 71.450405252
0.699947839 -0.029990465 -0.713564008 -40.277854562 -0.015314811 0.998257938 -0.056978474 -5.062529803 0.714029746 0.050810058 0.698269188 72.247882046
0.695094508 -0.032322727 -0.718191386 -41.139297099 -0.015002813 0.998119049 -0.059441402 -5.139968810 0.718761811 0.052092283 0.693302137 73.039010758
0.690366007 -0.035735819 -0.722577143 -42.073579709 -0.013610602 0.997960969 -0.062359085 -5.211786206 0.723332239 0.052885302 0.688471943 73.860895659
0.685905393 -0.035603497 -0.726819223 -42.915250832 -0.015043423 0.997895162 -0.063078852 -5.293280684 0.727535214 0.054199974 0.683926074 74.623078831
0.681179380 -0.034853918 -0.731286439 -43.763985346 -0.015239228 0.997974706 -0.061759625 -5.374047110 0.731957934 0.053213624 0.679268645 75.398759294
0.676162122 -0.034905529 -0.735925532 -44.635088657 -0.014967318 0.998020113 -0.061088727 -5.456248080 0.736600818 0.052320715 0.674300955 76.184740556
0.671099221 -0.035640384 -0.740510364 -45.511749368 -0.015084709 0.997980554 -0.061703048 -5.542662456 0.741214063 0.052579251 0.669206347 76.976392866
0.666510137 -0.037847719 -0.744534611 -46.423982058 -0.012871807 0.997977324 -0.062254131 -5.604768132 0.745384836 0.051076515 0.664674834 77.759839299
0.661543287 -0.038987832 -0.748892802 -47.301681613 -0.011293611 0.998016368 -0.061933707 -5.689553964 0.749821935 0.049429532 0.659790715 78.548997882
0.657230435 -0.040476289 -0.752602036 -48.210153752 -0.009713660 0.998019053 -0.062157977 -5.766577886 0.753627096 0.048162635 0.655535324 79.342887414
0.653170218 -0.042530518 -0.756015754 -49.035188978 -0.007811895 0.997989750 -0.062892233 -5.876018202 0.757170813 0.046985249 0.651524939 80.080066786
0.648939065 -0.047496323 -0.759356431 -49.953664979 -0.004863982 0.997770210 -0.066565374 -5.952036432 0.760824836 0.046890368 0.647261046 80.854158148
0.644111866 -0.051336900 -0.763206674 -50.859486060 -0.001521823 0.997657398 -0.068391518 -6.038330288 0.764929793 0.045213254 0.642524842 81.614398094
0.637258526 -0.054577122 -0.768715103 -51.763059351 0.002461629 0.997628209 -0.068788791 -6.124531875 0.770646165 0.041943953 0.635881430 82.371974143
0.628839132 -0.058406057 -0.775338686 -52.690032037 0.007039546 0.997561528 -0.069436614 -6.214115743 0.777503563 0.038206428 0.627716878 83.124416279
0.620204117 -0.059476379 -0.782182468 -53.636371202 0.009683116 0.997626003 -0.068180606 -6.308264963 0.784380705 0.034711929 0.619307671 83.860213656
0.611643338 -0.058109361 -0.788996660 -54.616761328 0.009578869 0.997769691 -0.066059732 -6.398184226 0.791075643 0.032847299 0.610835806 84.608851216
0.602750373 -0.058298408 -0.795797263 -55.593295713 0.009448037 0.997778922 -0.065939049 -6.485413533 0.797873876 0.032226064 0.601962423 85.335771268
0.592770667 -0.060046621 -0.803129715 -56.589948897 0.008970417 0.997647104 -0.067969017 -6.578152730 0.805321344 0.033085631 0.591914583 86.083922817
0.582037608 -0.062099757 -0.810787175 -57.597104619 0.009038347 0.997512142 -0.069913049 -6.683147333 0.813111635 0.033363848 0.581150860 86.834018276
0.572226046 -0.064213309 -0.817578133 -58.628557501 0.009583180 0.997385362 -0.071628223 -6.771899324 0.820039947 0.033152536 0.571345250 87.551976859
0.561885797 -0.065013402 -0.824656054 -59.702674397 0.012722813 0.997468058 -0.069968593 -6.880471364 0.827116969 0.028822414 0.561290288 88.277818481
0.551730932 -0.065432371 -0.831451492 -60.694812889 0.014432339 0.997517497 -0.068924246 -6.980295267 0.833897287 0.026027849 0.551305601 88.940855122
0.541859059 -0.066328091 -0.837848044 -61.822644633 0.014235163 0.997462394 -0.069757666 -7.077450227 0.840348809 0.025871919 0.541428225 89.617300726
0.531308343 -0.067520806 -0.844483502 -62.877899698 0.013302056 0.997360841 -0.071375124 -7.174276734 0.847074082 0.026688832 0.530804301 90.284805825
0.521506659 -0.068026092 -0.850531161 -63.951217725 0.011313710 0.997280477 -0.072826160 -7.274329141 0.853172201 0.028356665 0.520858037 90.934798070
0.511830581 -0.069226700 -0.856292660 -65.038770760 0.010539694 0.997178990 -0.074316733 -7.381223077 0.859021752 0.029012514 0.511116330 91.566955805
0.502178334 -0.069154668 -0.861994520 -66.119191666 0.009413955 0.997175429 -0.074515382 -7.488542436 0.864712841 0.029305233 0.501410915 92.198405415
0.493193677 -0.067515231 -0.867295619 -67.224974198 0.009023916 0.997327144 -0.072506113 -7.592836155 0.869872730 0.027933154 0.492484693 92.829316413
0.485061459 -0.066079258 -0.871979881 -68.361955389 0.009131365 0.997469321 -0.070509378 -7.696221065 0.874432387 0.026239015 0.484437318 93.454298400
0.477651549 -0.065972572 -0.876068843 -69.475378354 0.008473830 0.997476135 -0.070495063 -7.804950899 0.878508504 0.026248418 0.477005061 94.054862451
0.470021077 -0.069068513 -0.879948708 -70.583557060 0.009878683 0.997282898 -0.073001593 -7.905020331 0.882599909 0.025619553 0.469426287 94.643696079
0.462724058 -0.072923048 -0.883497977 -71.703021783 0.013268977 0.997069043 -0.075347585 -8.014152789 0.886403058 0.023142026 0.462335448 95.236752787
0.456573355 -0.074836378 -0.886532734 -72.825069863 0.011970573 0.996882542 -0.077986555 -8.129798606 0.889605236 0.024994278 0.456045841 95.821473253
0.450268195 -0.078796637 -0.889409716 -73.954437706 0.015484693 0.996637777 -0.080457228 -8.248126294 0.892759081 0.022455094 0.449974435 96.408930393
0.445685341 -0.080256152 -0.891584840 -75.097753181 0.018352015 0.996582920 -0.080533768 -8.359472906 0.895001554 0.019530342 0.445635260 96.971177854
0.441426266 -0.077028934 -0.893985120 -76.232386488 0.019611983 0.996898707 -0.076212455 -8.477851719 0.897083174 0.016109359 0.441567964 97.528785292
0.437286350 -0.075442508 -0.896152373 -77.385824302 0.021628652 0.997069180 -0.073384268 -8.577374820 0.899062206 0.012707371 0.437636462 98.101857587
0.434280810 -0.075194308 -0.897633552 -78.535732839 0.022713363 0.997106966 -0.072538276 -8.681463899 0.900491133 0.011113705 0.434732337 98.640202031
0.431244873 -0.074832968 -0.899126179 -79.653559673 0.024351677 0.997156741 -0.071312197 -8.798011890 0.901906234 0.008857789 0.431841041 99.176926319
0.428136352 -0.073886062 -0.900688689 -80.773498053 0.026041384 0.997246981 -0.069428417 -8.907270461 0.903338868 0.006269649 0.428881780 99.726041180
0.425878074 -0.072775494 -0.901848986 -81.898752647 0.027434187 0.997340261 -0.067526063 -9.011961122 0.904364545 0.004016376 0.426741886 100.258798451
0.423284296 -0.073437592 -0.903015684 -83.000173103 0.028804082 0.997296413 -0.067603180 -9.121092672 0.905538917 0.002604827 0.424255212 100.799880739
0.420638205 -0.074168677 -0.904191632 -84.135133085 0.030845662 0.997245594 -0.067451987 -9.212695563 0.906703946 0.000482494 0.421767379 101.332037017
0.418231531 -0.073446591 -0.905366216 -85.298182871 0.033653530 0.997294228 -0.065357965 -9.311148324 0.907716821 -0.003134007 0.419571629 101.869689195
0.415750599 -0.072968125 -0.906546795 -86.368774910 0.034783872 0.997322765 -0.064322500 -9.398739465 0.908813249 -0.004791090 0.417175651 102.369633053
0.412777114 -0.074821459 -0.907753713 -87.371418798 0.038984964 0.997158295 -0.064463232 -9.496991399 0.909997377 -0.008779799 0.414521035 102.877618103
0.411028224 -0.076810570 -0.908380942 -88.447459600 0.041110495 0.996992099 -0.065701464 -9.588619344 0.910695188 -0.010338834 0.412949612 103.367564934
0.410527875 -0.079103161 -0.908410454 -89.482156763 0.042492873 0.996807383 -0.067597314 -9.674293761 0.910857409 -0.010850389 0.412578537 103.834316266
0.411011980 -0.079688343 -0.908140364 -90.543767129 0.041327855 0.996776726 -0.068761663 -9.772214113 0.910692682 -0.009269626 0.412980524 104.314024431
0.413665833 -0.078636721 -0.907026375 -91.583976130 0.037347796 0.996889936 -0.069394507 -9.872444114 0.909662421 -0.005169300 0.415316214 104.771245506
0.418514319 -0.079542083 -0.904720300 -92.634039989 0.036733861 0.996824764 -0.070647107 -9.962446926 0.907467018 -0.003667044 0.420107325 105.242192451
0.422665926 -0.080839978 -0.902672927 -93.670606829 0.036748335 0.996723392 -0.072055809 -10.055524006 0.905540212 -0.002716192 0.424251750 105.736628721
0.428387203 -0.081025478 -0.899955152 -94.665033019 0.036909132 0.996709375 -0.072167433 -10.155166828 0.902841138 -0.002300959 0.429968122 106.216083742
0.434888133 -0.079935298 -0.896929573 -95.680844793 0.034979426 0.996800047 -0.071875623 -10.238285360 0.899804841 -0.000116227 0.436292603 106.708053048
0.442544678 -0.079521790 -0.893213576 -96.667532253 0.035647996 0.996833054 -0.071085034 -10.331559482 0.896037627 -0.000382970 0.443977955 107.198837830
0.450456394 -0.077464770 -0.889431417 -97.582448216 0.032987289 0.996992554 -0.070126220 -10.435770290 0.892188812 0.002248873 0.451657024 107.693357794
0.460480522 -0.076860169 -0.884336024 -98.605766675 0.031740872 0.997032940 -0.070127266 -10.524528670 0.887102140 0.004222643 0.461553857 108.199599263
0.470015545 -0.076303784 -0.879353808 -99.559551601 0.030539231 0.997065725 -0.070194697 -10.638762043 0.882129663 0.006137810 0.470966649 108.713652185
0.479880125 -0.077956944 -0.873863708 -100.519561722 0.029020865 0.996909833 -0.072997090 -10.731844590 0.876853953 0.009669572 0.480659593 109.241868532
0.491610061 -0.079516796 -0.867177391 -101.512921984 0.028202130 0.996753685 -0.075410417 -10.819127438 0.870358654 0.012616270 0.492256683 109.792033709
0.503150707 -0.078458596 -0.860629778 -102.433720352 0.026958850 0.996810585 -0.075112431 -10.904407618 0.863778088 0.014591284 0.503661105 110.344318691
0.516725021 -0.075900013 -0.852780418 -103.364252494 0.025585456 0.996986703 -0.073231816 -10.999666994 0.855769032 0.016021936 0.517109912 110.882310330
0.528705641 -0.074508609 -0.845528718 -104.277508768 0.025898099 0.997092085 -0.071670509 -11.086980666 0.848410062 0.015995015 0.529097841 111.458173416
0.540978628 -0.073977611 -0.837776484 -105.194290870 0.025861710 0.997116162 -0.071347955 -11.173793532 0.840638624 0.016931386 0.541331721 112.031565725
0.552625878 -0.073755185 -0.830159510 -106.097918562 0.025289801 0.997101836 -0.071752032 -11.268188448 0.833045656 0.018657461 0.552889531 112.626453657
0.563796754 -0.074010104 -0.822590861 -106.964675450 0.024779616 0.997044352 -0.072722287 -11.359353937 0.825541756 0.020617103 0.563964311 113.217677999
0.574217969 -0.076577904 -0.815113212 -107.812832358 0.028049686 0.996871577 -0.073893665 -11.444955283 0.818221816 0.019567400 0.574569558 113.820673182
0.584361398 -0.077127155 -0.807820004 -108.647540225 0.029347570 0.996830510 -0.073943594 -11.535057083 0.810962685 0.019502227 0.584772765 114.442251910
0.594690648 -0.074464187 -0.800498668 -109.460027013 0.028314923 0.997023526 -0.071710209 -11.629077306 0.803455847 0.019979333 0.595029015 115.044828080
0.604512551 -0.071869172 -0.793346959 -110.263904108 0.028665017 0.997239384 -0.068497655 -11.712238840 0.796079702 0.018666388 0.604903855 115.660801701
0.613996604 -0.069946539 -0.786203315 -111.054100397 0.027634208 0.997360042 -0.067151297 -11.801569181 0.788824772 0.019504562 0.614308596 116.286913569
0.623143109 -0.069042428 -0.779054432 -111.826531103 0.026208789 0.997379882 -0.067427512 -11.909541359 0.781668577 0.021598916 0.623319919 116.927921175
0.633006179 -0.068278159 -0.771129866 -112.588848203 0.024070555 0.997357265 -0.068549942 -11.987503612 0.773772438 0.024831013 0.632976804 117.540064663
0.641740219 -0.068465246 -0.763859935 -113.314614307 0.024819829 0.997339560 -0.068540335 -12.068187355 0.766520363 0.025026217 0.641732204 118.158140308
0.650551342 -0.066556137 -0.756540304 -114.041900446 0.024800704 0.997483041 -0.066426714 -12.150928220 0.759057229 0.024451256 0.650564570 118.796269928
0.659098836 -0.064867607 -0.749253574 -114.812096233 0.025267482 0.997620773 -0.064143176 -12.234825633 0.751631744 0.023344941 0.659169731 119.463849100
0.666889838 -0.064389443 -0.742369142 -115.523436473 0.025885570 0.997660151 -0.063278436 -12.311223582 0.744706574 0.022983098 0.666996174 120.114814095
0.674464157 -0.062821952 -0.735630004 -116.228812773 0.024217343 0.997719637 -0.063000374 -12.392201796 0.737910307 0.024676490 0.674447515 120.769179490
0.681237798 -0.062110214 -0.729422637 -116.928619168 0.024203618 0.997760550 -0.062354388 -12.464823752 0.731661976 0.024823499 0.681215492 121.456249127
0.688196987 -0.059676480 -0.723065436 -117.625404495 0.023598773 0.997925355 -0.059900620 -12.539381687 0.725139990 0.024159969 0.688177514 122.128842943
0.695253183 -0.056797682 -0.716517296 -118.302449521 0.022495079 0.998104041 -0.057291319 -12.604099311 0.718412822 0.023713858 0.695212680 122.786676403
0.702418490 -0.055331068 -0.709610271 -118.947441147 0.021825076 0.998179380 -0.056228039 -12.667631196 0.711429498 0.024008316 0.702347258 123.439640967
0.710666844 -0.054309591 -0.701429330 -119.645817759 0.020976997 0.998208414 -0.056035061 -12.736079834 0.703215900 0.025108379 0.710532875 124.094506844
0.718511508 -0.051645904 -0.693594920 -120.266163125 0.018552608 0.998307577 -0.055116083 -12.792134774 0.695267584 0.026733545 0.718253649 124.735048053
0.727598506 -0.049004747 -0.684250647 -120.881593942 0.018386290 0.998479990 -0.051958186 -12.854387815 0.685756778 0.025223868 0.727393565 125.387086591
0.737334351 -0.044894290 -0.674034538 -121.474419077 0.016529483 0.998689495 -0.048436242 -12.916331236 0.675325722 0.024572263 0.737110149 126.024614882
0.747741208 -0.042606869 -0.662621869 -122.070722035 0.014976252 0.998767453 -0.047321096 -12.981801249 0.663821360 0.025460342 0.747457673 126.681734034
0.757870744 -0.041487550 -0.651084264 -122.634565990 0.013671548 0.998766790 -0.047728262 -13.045160791 0.652261469 0.027270523 0.757503329 127.335436303
0.767634127 -0.042536364 -0.639475179 -123.192942419 0.013995420 0.998669668 -0.049628844 -13.101629112 0.640735495 0.029147071 0.767208234 128.030184822
0.777950588 -0.041473590 -0.626955201 -123.743285668 0.013875319 0.998709822 -0.048848417 -13.155328839 0.628172236 0.029302452 0.777522352 128.714071787
0.788049087 -0.040314587 -0.614290949 -124.252314335 0.014198156 0.998778234 -0.047333415 -13.203984834 0.615448656 0.028579256 0.787658668 129.373685059
0.798486369 -0.037833780 -0.600822872 -124.778831747 0.014021442 0.998921304 -0.044267688 -13.255275631 0.601849581 0.026922742 0.798155529 130.049751947
0.808281291 -0.036637280 -0.587655566 -125.286202842 0.014818642 0.999011862 -0.041901153 -13.302563535 0.588610026 0.025159661 0.808025513 130.754676820
0.817477042 -0.035235694 -0.574882363 -125.779744640 0.015659012 0.999117640 -0.038970965 -13.347697381 0.575748279 0.022855780 0.817307489 131.469293086
0.825823303 -0.034746395 -0.562857496 -126.268641585 0.016801698 0.999172911 -0.037029662 -13.390411214 0.563678610 0.021122997 0.825724072 132.177582799
0.833106646 -0.035495709 -0.551972256 -126.734633717 0.019035872 0.999187530 -0.035523449 -13.432506733 0.552784725 0.019087548 0.833105464 132.903150452
0.839975222 -0.035423204 -0.541467288 -127.185987310 0.019522649 0.999193712 -0.035082639 -13.473319543 0.542273449 0.018897671 0.839989515 133.599989494
0.846975145 -0.034435236 -0.530516086 -127.639864883 0.018665897 0.999210970 -0.035057401 -13.514022469 0.531304703 0.019790189 0.846949621 134.317957999
0.853907247 -0.032421442 -0.519414347 -128.083079990 0.017277608 0.999273504 -0.033969823 -13.555567973 0.520138345 0.020032840 0.853847051 135.032067350
0.860408938 -0.031210342 -0.508647593 -128.524334652 0.016603394 0.999309761 -0.033231438 -13.598103816 0.509333669 0.020147350 0.860333248 135.774840702
0.866205182 -0.031633309 -0.498686190 -128.942713463 0.017494817 0.999302190 -0.033000981 -13.640586293 0.499382132 0.019861197 0.866154154 136.531202181
0.871333158 -0.032517598 -0.489613248 -129.352474080 0.018301961 0.999261196 -0.033794977 -13.685221776 0.490350452 0.020485802 0.871284550 137.281421198
0.875757246 -0.033395942 -0.481595221 -129.763664146 0.019350951 0.999230990 -0.034102342 -13.719699359 0.482363750 0.020546047 0.875730023 138.032803706
0.879352659 -0.032682613 -0.475048153 -130.174148960 0.019082981 0.999259083 -0.033423408 -13.756159855 0.475788546 0.020325628 0.879324814 138.801019046
0.882607487 -0.031086936 -0.469081685 -130.596816376 0.019086784 0.999358101 -0.030316347 -13.783271600 0.469723024 0.017804174 0.882634291 139.593262871
0.885853906 -0.026979182 -0.463179210 -131.014034686 0.016750027 0.999516790 -0.026184396 -13.816360316 0.463661831 0.015437285 0.885877755 140.391373748
0.889207791 -0.024372279 -0.456853911 -131.439861822 0.015486036 0.999611226 -0.023185750 -13.854926414 0.457241388 0.013542093 0.889239521 141.213826865
0.892334445 -0.021432051 -0.450865729 -131.853496146 0.013232725 0.999684898 -0.021330700 -13.877493935 0.451180822 0.013067936 0.892336873 142.062336640
0.895811256 -0.019723653 -0.443996814 -132.293319235 0.012686078 0.999742478 -0.018815996 -13.913874838 0.444253595 0.011223003 0.895830781 142.921513462
0.899171806 -0.017728732 -0.437236498 -132.729895785 0.012042839 0.999803067 -0.015773292 -13.949169614 0.437430032 0.008917331 0.899208234 143.811730047
0.902549944 -0.018151422 -0.430202422 -133.168476013 0.013478578 0.999812441 -0.013907238 -13.964811843 0.430374170 0.006753459 0.902625318 144.716164439
0.906201847 -0.018385721 -0.422445473 -133.582222117 0.014224082 0.999814301 -0.013001484 -13.987772262 0.422606067 0.005773069 0.906295087 145.602230082
0.909858773 -0.019145012 -0.414476152 -134.002385364 0.015124832 0.999801365 -0.012979632 -14.005842942 0.414642318 0.005540750 0.909967608 146.529484560
