1.000000000 0.000000000 0.000000000 0.000000000 0.000000000 1.000000000 0.000000000 0.000000000 0.000000000 0.000000000 1.000000000 0.000000000
0.999871969 0.001110070 0.015962142 0.006228845 -0.001102629 0.999999285 -0.000474979 -0.008328114 -0.015962658 0.000457318 0.999872506 0.125792921
0.999300718 0.004134124 0.037161034 0.027992353 -0.004125792 0.999991417 -0.000300903 -0.003763022 -0.037161961 0.000147374 0.999309242 0.291037470
0.997901022 0.005730879 0.064503662 0.054351225 -0.005805632 0.999982655 0.000971498 -0.001887602 -0.064496979 -0.001343943 0.997916996 0.443865895
0.995124221 0.005191473 0.098492943 0.100831866 -0.005535571 0.999979496 0.003220677 -0.002848091 -0.098474205 -0.003750189 0.995132565 0.627254367
0.990671873 0.002812169 0.136239558 0.166231424 -0.003593067 0.999978483 0.005486235 -0.009432435 -0.136221215 -0.005924577 0.990660727 0.802347124
0.984414220 -0.000377977 0.175864697 0.240205154 -0.000642340 0.999983251 0.005744754 -0.009054407 -0.175863922 -0.005768182 0.984397590 0.995227814
0.975574672 -0.000404358 0.219667763 0.322961599 -0.001118495 0.999976158 0.006808115 -0.005313401 -0.219665289 -0.006887521 0.975551009 1.202456236
0.963473320 -0.000367575 0.267804176 0.419268250 -0.002262302 0.999952137 0.009511520 0.003206898 -0.267794877 -0.009769949 0.963426411 1.428000331
0.949003875 -0.004125042 0.315237254 0.529034615 -0.001227181 0.999858499 0.016778022 -0.008681253 -0.315261811 -0.016309261 0.948864579 1.625635386
0.932079911 -0.013491519 0.362001508 0.675457776 0.004843405 0.999680996 0.024786569 -0.013576876 -0.362220466 -0.021349739 0.931847930 1.837166071
0.910629630 -0.018074639 0.412828207 0.826320291 0.006703213 0.999557614 0.028976943 -0.010736704 -0.413169324 -0.023619987 0.910347879 2.057443619
0.885104895 -0.019072419 0.465000629 0.989458799 0.004363525 0.999456048 0.032687847 -0.001914196 -0.465371132 -0.026903132 0.884706736 2.288904428
0.857133687 -0.021751624 0.514634550 1.169700146 0.003030987 0.999303699 0.037188552 0.000295743 -0.515085101 -0.030315712 0.856602728 2.483620167
0.824625790 -0.026717961 0.565047264 1.383203030 0.004017964 0.999135435 0.041379794 0.009372681 -0.565664351 -0.031852506 0.824020088 2.708545446
0.788533866 -0.032459047 0.614134312 1.608633637 0.006233022 0.998976767 0.044796202 0.007307157 -0.614959836 -0.031495403 0.787929118 2.917367220
0.750417769 -0.035953667 0.659985244 1.839427710 0.006207454 0.998858750 0.047356274 0.013263911 -0.660934687 -0.031440172 0.749784589 3.122585058
0.709665895 -0.037907835 0.703517973 2.103532314 0.005903320 0.998836339 0.047865640 0.036431894 -0.704513729 -0.029815519 0.709063828 3.343879700
0.667732239 -0.040204473 0.743315101 2.408338308 0.006008307 0.998799026 0.048625749 0.053791657 -0.744377315 -0.028002912 0.667171896 3.558897734
0.624603271 -0.040348835 0.779899180 2.734862804 0.000643593 0.998690665 0.051152777 0.062969714 -0.780941963 -0.031448252 0.623811305 3.784956694
0.583069980 -0.040830936 0.811395228 3.080760479 -0.002498598 0.998641372 0.052049018 0.079442933 -0.812418103 -0.032375567 0.582175791 3.990797758
0.542826772 -0.041907780 0.838798463 3.469349861 -0.004274695 0.998603582 0.052658271 0.102331519 -0.839833796 -0.032169923 0.541889548 4.200115204
0.503947079 -0.043850183 0.862620652 3.877052784 -0.005961109 0.998510122 0.054240447 0.123894483 -0.863713980 -0.032476492 0.502934813 4.410207272
0.466493368 -0.043214947 0.883468390 4.308393955 -0.009260274 0.998512387 0.053731997 0.144694120 -0.884476185 -0.033246767 0.465399295 4.610518456
0.429909915 -0.042623650 0.901865065 4.775501251 -0.009894547 0.998602629 0.051912259 0.165166169 -0.902817488 -0.031241139 0.428887367 4.804437160
0.396373212 -0.041618936 0.917145610 5.268301010 -0.008627917 0.998758972 0.049051270 0.182745874 -0.918048918 -0.027355663 0.395522207 4.989962578
0.366786271 -0.039734662 0.929456294 5.783518791 -0.006324597 0.998957813 0.045201730 0.205935776 -0.930283725 -0.022457812 0.366152734 5.166529655
0.341535568 -0.037704632 0.939112246 6.343497276 -0.005580942 0.999096155 0.042142596 0.233250916 -0.939852238 -0.019634333 0.341016382 5.349626541
0.321515411 -0.037534144 0.946160138 6.918033600 -0.003933642 0.999152482 0.040973045 0.253542721 -0.946896195 -0.016895324 0.321095288 5.526977539
0.306534171 -0.037564371 0.951118112 7.518447399 -0.002930689 0.999178946 0.040407062 0.286519468 -0.951855063 -0.015173580 0.306172460 5.721020699
0.295549065 -0.039405521 0.954514503 8.151284218 -0.002161722 0.999118805 0.041916281 0.302493125 -0.955325127 -0.014451710 0.295203418 5.896899223
0.284450591 -0.040893029 0.957818151 8.798480988 -0.003244315 0.999043167 0.043616571 0.331649125 -0.958685219 -0.015514225 0.284045726 6.090757847
0.274022222 -0.042544123 0.960781872 9.476815224 -0.004640616 0.998950899 0.045557816 0.358279884 -0.961712182 -0.016942473 0.273537308 6.279885292
0.264229536 -0.044338256 0.963440120 10.182121277 -0.005367814 0.998859644 0.047440447 0.387907177 -0.964444876 -0.017706739 0.263690174 6.468865395
0.253821492 -0.046286441 0.966142952 10.901034355 -0.006742564 0.998745441 0.049619764 0.415418267 -0.967227578 -0.019108841 0.253190964 6.659300804
0.243416607 -0.047918107 0.968737423 11.635362625 -0.006589470 0.998674035 0.051054664 0.442927778 -0.969899416 -0.018811021 0.242778108 6.839490891
0.232719138 -0.049093284 0.971304059 12.395050049 -0.006235724 0.998629212 0.051968444 0.483108163 -0.972523928 -0.018150836 0.232093975 7.029330730
0.222179383 -0.051656339 0.973636329 13.180387497 -0.007727934 0.998470902 0.054737404 0.519838691 -0.974975169 -0.019685725 0.221440420 7.209912777
0.210800037 -0.055210035 0.975968957 13.964952469 -0.009218289 0.998247206 0.058461368 0.554833889 -0.977485716 -0.021320418 0.209921613 7.382188797
0.198511645 -0.059188124 0.978309691 14.763622284 -0.010447598 0.997990370 0.062498759 0.586221993 -0.980042815 -0.022627717 0.197494298 7.544938087
0.185301542 -0.061580256 0.980750263 15.561274529 -0.011077318 0.997840226 0.064746238 0.624791980 -0.982619286 -0.022861661 0.184219182 7.696662426
0.171777189 -0.062034082 0.983180761 16.368961334 -0.011277328 0.997826219 0.064928479 0.663631439 -0.985071301 -0.022240886 0.170704231 7.830193996
0.157278314 -0.060962945 0.985670865 17.181976318 -0.012913463 0.997880638 0.063778631 0.702578425 -0.987469912 -0.022759421 0.156157702 7.959205627
0.141062126 -0.059686258 0.988199890 17.996568680 -0.013639629 0.997969031 0.062223308 0.739315033 -0.989906788 -0.022256028 0.139961496 8.070322037
0.120644458 -0.058084223 0.990994990 18.818965912 -0.016245291 0.998037517 0.060474709 0.776839733 -0.992562830 -0.023394942 0.119464092 8.168962479
0.094924733 -0.056909036 0.993856430 19.650245667 -0.020974804 0.998028755 0.059151269 0.809206486 -0.995263457 -0.026460866 0.093543947 8.250030518
0.064410128 -0.056422967 0.996327102 20.488216400 -0.025037143 0.997994602 0.058135990 0.842281759 -0.997609377 -0.028689735 0.062868297 8.304392815
0.031177226 -0.056472402 0.997917235 21.334819794 -0.027774123 0.997968078 0.057343014 0.875426769 -0.999127924 -0.029504072 0.029545411 8.323512077
-0.003581633 -0.055802960 0.998435378 22.179061890 -0.029835286 0.998003185 0.055671789 0.907304883 -0.999548435 -0.029589210 -0.005239379 8.319643021
-0.037900500 -0.054150239 0.997813284 23.027057648 -0.031069044 0.998111904 0.052986320 0.942047477 -0.998798430 -0.028992899 -0.039511334 8.284571648
-0.070214264 -0.052608665 0.996143699 23.871015549 -0.032938339 0.998186052 0.050394826 0.963865280 -0.996988118 -0.029272880 -0.071819730 8.213820457
-0.103132576 -0.049809307 0.993419707 24.719614029 -0.035392772 0.998296678 0.046379507 0.989669919 -0.994037747 -0.030376641 -0.104719810 8.129465103
-0.135489628 -0.045508742 0.989732981 25.559812546 -0.032846697 0.998601735 0.041419972 1.008193135 -0.990234137 -0.026897483 -0.136794999 8.004019737
-0.166402906 -0.039341040 0.985272825 26.392301559 -0.027303515 0.999004424 0.035278041 1.024789810 -0.985679746 -0.021031039 -0.167311415 7.840039730
-0.196851820 -0.033052951 0.979875922 27.217679977 -0.020864259 0.999346495 0.029518208 1.035243750 -0.980211198 -0.014633670 -0.197412819 7.657510281
-0.225971729 -0.027253931 0.973752558 28.041736603 -0.014956659 0.999587715 0.024506141 1.043770313 -0.974019051 -0.009026391 -0.226286203 7.452388287
-0.253489047 -0.021240823 0.967105031 28.856630325 -0.006495676 0.999773741 0.020255746 1.046632528 -0.967316449 -0.001147392 -0.253569663 7.214853764
-0.279423058 -0.010828676 0.960107028 29.658063889 0.000041061 0.999936223 0.011289843 1.037693739 -0.960168064 0.003194066 -0.279404849 6.959556580
-0.304888874 0.004502017 0.952377439 30.440940857 0.004290467 0.999985158 -0.003353539 1.022315860 -0.952378273 0.003063687 -0.304903686 6.699277878
-0.329579711 0.021726338 0.943877697 31.220329285 0.005406362 0.999762237 -0.021124924 1.001119614 -0.944112182 -0.001859401 -0.329618841 6.418901443
-0.354765743 0.036601059 0.934238553 31.993093491 0.005454666 0.999297440 -0.037078552 0.970402002 -0.934939265 -0.008058243 -0.354716182 6.120729446
-0.379121184 0.046820939 0.924161851 32.757026672 0.009096493 0.998859406 -0.046873681 0.927321076 -0.925302327 -0.009364175 -0.379114717 5.799577713
-0.402492672 0.051189270 0.913990915 33.515186310 0.011834758 0.998642862 -0.050718661 0.881975770 -0.915346742 -0.009597026 -0.402552128 5.455987930
-0.424979597 0.050743941 0.903779566 34.269863129 0.015720364 0.998690665 -0.048680753 0.823322773 -0.905066490 -0.006480582 -0.425220817 5.090966225
-0.445394635 0.046001725 0.894151688 35.005744934 0.019350108 0.998940527 -0.041754160 0.765951514 -0.895125210 -0.001295142 -0.445812881 4.714173317
-0.463219762 0.045285355 0.885085702 35.725025177 0.027008846 0.998951077 -0.036975883 0.720268488 -0.885831773 0.006777186 -0.463956982 4.320316315
-0.476920187 0.045110963 0.877788186 36.435161591 0.029068325 0.998945296 -0.035544001 0.669591784 -0.878465772 0.008564176 -0.477728486 3.923398972
-0.487921387 0.049194343 0.871500134 37.133342743 0.032368321 0.998743653 -0.038255099 0.624610662 -0.872287214 0.009543516 -0.488900632 3.521957397
-0.497666985 0.051612854 0.865831256 37.819244385 0.032921139 0.998632729 -0.040606666 0.580970645 -0.866743207 0.008295554 -0.498685628 3.118364334
-0.508467972 0.051031675 0.859567344 38.513057709 0.027440667 0.998695552 -0.043059334 0.525708079 -0.860643566 0.001692805 -0.509204984 2.714578629
-0.519641697 0.049394861 0.852955222 39.199008942 0.026513621 0.998778880 -0.041686773 0.477287769 -0.853972852 0.000952745 -0.520316720 2.306745529
-0.528353930 0.050878428 0.847498298 39.879898071 0.029219396 0.998701274 -0.041739494 0.428614259 -0.848521292 0.002710162 -0.529154301 1.878404617
-0.535558462 0.053808499 0.842782199 40.562347412 0.032235168 0.998543262 -0.043268949 0.380508542 -0.843882740 0.003994172 -0.536512792 1.437910080
-0.539072633 0.056696977 0.840348780 41.257339478 0.033101913 0.998386979 -0.046125129 0.338442802 -0.841608703 0.002952355 -0.540079832 0.990272522
-0.538847864 0.058859959 0.840344310 41.957366943 0.032836042 0.998265445 -0.048865970 0.290561199 -0.841762900 0.001262261 -0.539845884 0.547578812
-0.535241902 0.059225164 0.842620015 42.677989960 0.035362873 0.998235524 -0.047699992 0.239180326 -0.843958139 0.004266435 -0.536391914 0.082761765
-0.529534578 0.057952799 0.846306443 43.417366028 0.033489387 0.998314023 -0.047407534 0.185855389 -0.847627044 0.003238354 -0.530582607 -0.369239807
-0.522565663 0.056782939 0.850706100 44.177032471 0.031595930 0.998384118 -0.047231633 0.138351321 -0.852013588 0.002197221 -0.523515284 -0.829956055
-0.515482724 0.056101978 0.855061471 44.947921753 0.029501574 0.998424828 -0.047722958 0.086575270 -0.856391966 0.000625301 -0.516325891 -1.288209915
-0.508737326 0.054687701 0.859183073 45.736557007 0.026809514 0.998502731 -0.047681119 0.032248259 -0.860504270 -0.001222885 -0.509441793 -1.753019333
-0.504574060 0.052351378 0.861779749 46.551307678 0.022292169 0.998617053 -0.047611851 -0.019137502 -0.863080561 -0.004812766 -0.505043328 -2.217748642
-0.503186524 0.049654964 0.862750053 47.377384186 0.018013248 0.998733759 -0.046975423 -0.072812915 -0.863990009 -0.008096470 -0.503443778 -2.690328598
-0.503768504 0.046989940 0.862559736 48.217899323 0.014771262 0.998841941 -0.045787238 -0.126383662 -0.863712430 -0.010325070 -0.503879249 -3.167221069
-0.505029559 0.045900796 0.861880600 49.068435669 0.013350355 0.998880863 -0.045374148 -0.180942655 -0.862998784 -0.011408875 -0.505077064 -3.653636932
-0.505586326 0.045041613 0.861599505 49.929565430 0.013266222 0.998924136 -0.044435874 -0.234680653 -0.862673998 -0.011036001 -0.505639911 -4.151651382
-0.505808711 0.044348620 0.861504912 50.796005249 0.012987312 0.998955965 -0.043799188 -0.290739417 -0.862547874 -0.010965379 -0.505856633 -4.655702591
-0.505601406 0.043569654 0.861666322 51.681781769 0.012748145 0.998992324 -0.043033205 -0.346464634 -0.862672865 -0.010773003 -0.505647421 -5.175767899
-0.505922794 0.043308791 0.861490846 52.567676544 0.012782258 0.999005497 -0.042715363 -0.403128147 -0.862484097 -0.010598878 -0.505973220 -5.683128357
-0.506001651 0.042673524 0.861476243 53.465179443 0.011536081 0.999020815 -0.042710952 -0.457476377 -0.862455428 -0.011673754 -0.505998433 -6.206434250
-0.506287932 0.041362777 0.861371994 54.353702545 0.010880980 0.999076068 -0.041579764 -0.523592234 -0.862295866 -0.011678761 -0.506270170 -6.720800400
-0.505649865 0.040349647 0.861794710 55.246101379 0.009446174 0.999104738 -0.041236121 -0.583650351 -0.862687051 -0.012710378 -0.505578339 -7.239608765
-0.504486740 0.038742594 0.862549782 56.126743317 0.009387330 0.999179959 -0.039389059 -0.643703938 -0.863368392 -0.011774220 -0.504436672 -7.747018814
-0.502449393 0.036626570 0.863830507 57.016395569 0.009849963 0.999279976 -0.036640406 -0.701766372 -0.864550591 -0.009901243 -0.502448380 -8.264808655
-0.500118315 0.035077877 0.865246356 57.900047302 0.009577223 0.999342144 -0.034978542 -0.760360599 -0.865904272 -0.009206751 -0.500125229 -8.763143539
-0.497627437 0.034953292 0.866686285 58.785728455 0.010174238 0.999354243 -0.034461997 -0.813807845 -0.867331147 -0.008331360 -0.497661710 -9.264747620
-0.495478481 0.035197172 0.867906749 59.667388916 0.010347717 0.999346972 -0.034620203 -0.867376328 -0.868558526 -0.008172713 -0.495519191 -9.767587662
-0.494629145 0.035740167 0.868369102 60.543827057 0.010079689 0.999322772 -0.035388481 -0.921208024 -0.869045675 -0.008751284 -0.494654477 -10.260572433
-0.495696008 0.037057944 0.867705047 61.423782349 0.009393742 0.999259591 -0.037309982 -0.977938175 -0.868445277 -0.010343413 -0.495677084 -10.752708435
-0.498684078 0.038894180 0.865910709 62.294570923 0.007924287 0.999155581 -0.040315483 -1.033217192 -0.866747499 -0.013242966 -0.498571187 -11.248989105
-0.502949893 0.039699394 0.863403380 63.159980774 0.006982740 0.999098539 -0.041871097 -1.089175940 -0.864287376 -0.015030143 -0.502773762 -11.748670578
-0.508828700 0.037994161 0.860028982 64.023490906 0.008223017 0.999194443 -0.039277107 -1.148207188 -0.860828519 -0.012913285 -0.508731246 -12.249073029
-0.513989747 0.035798602 0.857048929 64.880020142 0.009591688 0.999306202 -0.035988297 -1.204608083 -0.857742727 -0.010277072 -0.513976634 -12.766254425
-0.519676685 0.033531435 0.853704751 65.739379883 0.006498401 0.999355733 -0.035296474 -1.256339788 -0.854338288 -0.012795042 -0.519559801 -13.272193909
-0.524841189 0.036468375 0.850418687 66.587127686 0.008546570 0.999257147 -0.037576433 -1.315994501 -0.851157248 -0.012453493 -0.524762928 -13.791038513
-0.529611647 0.038164027 0.847381294 67.416015625 0.008728893 0.999179661 -0.039545126 -1.367669225 -0.848195314 -0.013546860 -0.529510319 -14.311491013
-0.534260333 0.039234359 0.844408870 68.236564636 0.007657008 0.999105930 -0.041577525 -1.421750665 -0.845285237 -0.015747586 -0.534083128 -14.824666977
-0.538123608 0.039209105 0.841953456 69.061614990 0.005815213 0.999066293 -0.042809002 -1.477643251 -0.842845857 -0.018140394 -0.537849188 -15.342901230
-0.541395068 0.038236242 0.839898407 69.877990723 0.006974061 0.999135196 -0.040990021 -1.539384604 -0.840739250 -0.016334290 -0.541193604 -15.864969254
-0.543653250 0.031434599 0.838720977 70.698799133 0.007521549 0.999440849 -0.032582834 -1.587690234 -0.839276254 -0.011405283 -0.543585777 -16.398801804
-0.545947552 0.022381375 0.837520301 71.516151428 0.006909267 0.999729335 -0.022212258 -1.640754342 -0.837790906 -0.006340076 -0.545954406 -16.927331924
-0.547491729 0.021128707 0.836544156 72.325088501 0.008263307 0.999768972 -0.019843221 -1.684273601 -0.836770296 -0.003951378 -0.547539771 -17.453212738
-0.548574388 0.025596160 0.835709751 73.122779846 0.008060004 0.999646723 -0.025326505 -1.720220804 -0.836062908 -0.007157648 -0.548587024 -17.975305557
-0.550010800 0.032091435 0.834540725 73.918594360 0.010128768 0.999444306 -0.031757187 -1.764792442 -0.835096121 -0.009013926 -0.550030231 -18.496164322
-0.550022125 0.035903681 0.834377944 74.707534790 0.015596753 0.999342859 -0.032720808 -1.807156563 -0.835004330 -0.004983589 -0.550220728 -19.028888702
-0.549988747 0.037198547 0.834343195 75.500869751 0.019269785 0.999306977 -0.031850915 -1.859615326 -0.834949732 -0.001440034 -0.550324380 -19.559427261
-0.549604774 0.033631250 0.834747493 76.288223267 0.016976204 0.999432683 -0.029088989 -1.897639751 -0.835252345 -0.001816602 -0.549863815 -20.071384430
-0.549118459 0.029250523 0.835232615 77.081153870 0.015920881 0.999572098 -0.024538746 -1.932842493 -0.835592866 -0.000177039 -0.549349070 -20.586196899
-0.548217773 0.022095412 0.836043835 77.871101379 0.012478233 0.999755740 -0.018239746 -1.975244999 -0.836242676 0.000432995 -0.548359394 -21.100051880
-0.547920585 0.016699888 0.836363614 78.670799255 0.003936927 0.999841034 -0.017384915 -2.005274296 -0.836521089 -0.006232850 -0.547899187 -21.596895218
-0.545826852 0.011794334 0.837814927 79.464790344 -0.002576004 0.999872565 -0.015753934 -2.038281441 -0.837894022 -0.010757136 -0.545726895 -22.107028961
-0.543616712 0.012486023 0.839240670 80.257362366 0.000532019 0.999894261 -0.014531574 -2.071198463 -0.839333296 -0.007453115 -0.543565929 -22.626214981
-0.540245116 0.015585858 0.841363370 81.044242859 0.004035655 0.999864936 -0.015930707 -2.105215788 -0.841498017 -0.005211032 -0.540235043 -23.140623093
-0.535090864 0.019135943 0.844577789 81.837181091 0.006830593 0.999808669 -0.018325482 -2.137953758 -0.844766915 -0.004036829 -0.535119236 -23.637434006
-0.526842356 0.021355053 0.849694610 82.634445190 0.011738148 0.999771774 -0.017848797 -2.168833256 -0.849881947 0.000570340 -0.526972771 -24.142711639
-0.518469334 0.024649650 0.854740858 83.432884216 0.019274056 0.999667346 -0.017137880 -2.206881046 -0.854878962 0.007588860 -0.518771946 -24.642919540
-0.509361446 0.023503473 0.860231638 84.236557007 0.015511622 0.999715328 -0.018129721 -2.232095242 -0.860412836 0.004109007 -0.509581029 -25.102796555
-0.498334378 0.021429911 0.866719961 85.050262451 0.013947690 0.999763250 -0.016699998 -2.263360023 -0.866872728 0.003766558 -0.498515338 -25.565389633
-0.486861676 0.017945198 0.873294652 85.862258911 0.014004423 0.999820888 -0.012737698 -2.293815613 -0.873366833 0.006028492 -0.487025648 -26.009973526
-0.475826561 0.017165039 0.879371583 86.675376892 0.013079274 0.999837041 -0.012439312 -2.320914507 -0.879441857 0.005582587 -0.475973636 -26.443981171
-0.464337021 0.016522961 0.885504365 87.498336792 0.013583124 0.999841154 -0.011533756 -2.342900991 -0.885554433 0.006672364 -0.464487702 -26.864158630
-0.452594936 0.017745523 0.891539633 88.319496155 0.014754156 0.999814093 -0.012410629 -2.367768526 -0.891594052 0.007536926 -0.452772677 -27.272951126
-0.440637022 0.021277398 0.897433162 89.141258240 0.014803837 0.999755263 -0.016434729 -2.408313036 -0.897563279 0.006043702 -0.440844208 -27.670299530
-0.428819299 0.030713087 0.902868032 89.964637756 0.016963972 0.999519467 -0.025943829 -2.432990551 -0.903230965 0.004191014 -0.429134250 -28.064201355
-0.415878922 0.035146940 0.908740580 90.796478271 0.016490145 0.999380052 -0.031105954 -2.467884302 -0.909270465 0.002048951 -0.416200668 -28.443809509
-0.404997110 0.031293083 0.913782299 91.638702393 0.013761528 0.999509573 -0.028129630 -2.507175922 -0.914214373 0.001182621 -0.405229121 -28.804862976
-0.393142134 0.027644340 0.919062018 92.481269836 0.012718389 0.999615788 -0.024626831 -2.550909281 -0.919389725 0.002007143 -0.393342704 -29.158689499
-0.383474231 0.028499782 0.923111737 93.317619324 0.010243734 0.999593496 -0.026605651 -2.592569828 -0.923494756 -0.000746469 -0.383610308 -29.493177414
-0.376597375 0.032955151 0.925790668 94.153045654 0.005773005 0.999431133 -0.033228144 -2.637589216 -0.926359057 -0.007169037 -0.376573384 -29.818561554
-0.372042537 0.037854135 0.927443504 94.991195679 -0.000864409 0.999153495 -0.041127779 -2.679932833 -0.928215265 -0.016102975 -0.371694893 -30.138597488
-0.368478656 0.039941609 0.928777695 95.836021423 -0.002521465 0.999030113 -0.043963108 -2.733811378 -0.929632723 -0.018541355 -0.368020505 -30.465318680
-0.365029991 0.039480738 0.930158257 96.678604126 -0.004572889 0.999012291 -0.044197839 -2.786381245 -0.930984497 -0.020387050 -0.364488930 -30.785823822
-0.360424787 0.039187085 0.931964755 97.521118164 -0.006421575 0.998989224 -0.044488784 -2.837363720 -0.932766140 -0.022019539 -0.359808892 -31.103343964
-0.354498714 0.035047784 0.934399426 98.366592407 -0.009540413 0.999109626 -0.041094474 -2.887486935 -0.935007811 -0.023482494 -0.353848755 -31.420333862
-0.348769933 0.031061048 0.936693430 99.216491699 -0.009364861 0.999285281 -0.036623541 -2.942862272 -0.937161565 -0.021545192 -0.348229796 -31.732118607
-0.343046904 0.028029714 0.938900113 100.055274963 -0.010560527 0.999376416 -0.033693675 -2.998196840 -0.939258933 -0.021473786 -0.342537016 -32.029445648
-0.337562650 0.026318736 0.940935075 100.904830933 -0.019711679 0.999192178 -0.035019848 -3.039716005 -0.941096604 -0.030368807 -0.336771160 -32.310928345
-0.331345886 0.026311342 0.943142414 101.754287720 -0.026903315 0.998941183 -0.037319683 -3.085947752 -0.943125725 -0.037739374 -0.330287129 -32.590503693
-0.324361265 0.030432647 0.945443630 102.602401733 -0.025029486 0.998856187 -0.040739011 -3.136162519 -0.945602119 -0.036878120 -0.323228508 -32.879261017
-0.317573220 0.033724744 0.947633862 103.440940857 -0.023208819 0.998791456 -0.043323155 -3.185181141 -0.947949708 -0.035751734 -0.316406697 -33.156238556
-0.311015308 0.031820152 0.949872077 104.306945801 -0.024442190 0.998841107 -0.041463658 -3.233975410 -0.950090587 -0.036112789 -0.309877008 -33.432888031
-0.303911090 0.026827892 0.952322602 105.173927307 -0.024800383 0.999041915 -0.036058474 -3.286770344 -0.952377558 -0.034576535 -0.302954555 -33.705268860
-0.296701252 0.024534026 0.954655051 106.033760071 -0.026136778 0.999086857 -0.033799049 -3.333001375 -0.954612553 -0.034979835 -0.295789093 -33.964229584
-0.290761501 0.027510377 0.956399977 106.886634827 -0.029246198 0.998863935 -0.037623152 -3.374613285 -0.956348479 -0.038910430 -0.289626598 -34.210758209
-0.284382939 0.030188490 0.958235264 107.742691040 -0.028340453 0.998802602 -0.039877351 -3.421113014 -0.958291769 -0.038497262 -0.283186913 -34.457027435
-0.277889729 0.030561278 0.960126698 108.593948364 -0.030445375 0.998711407 -0.040601261 -3.472173691 -0.960130394 -0.040514085 -0.276601195 -34.688941956
-0.271009356 0.030122787 0.962105274 109.448326111 -0.030112036 0.998755693 -0.039752357 -3.520795107 -0.962105632 -0.039744206 -0.269765079 -34.918552399
-0.262453377 0.029669799 0.964488447 110.306427002 -0.026636386 0.998923540 -0.037977293 -3.574468136 -0.964576960 -0.035657749 -0.261380553 -35.156692505
-0.254678428 0.031404439 0.966515839 111.169357300 -0.022878395 0.998997152 -0.038488332 -3.620544910 -0.966755092 -0.031914480 -0.253704548 -35.384437561
-0.247993976 0.032349098 0.968221307 112.021385193 -0.021305064 0.999018490 -0.038835008 -3.660997391 -0.968527257 -0.030258868 -0.247061357 -35.604457855
-0.241661400 0.031349242 0.969854116 112.884140015 -0.026806185 0.998880804 -0.038966868 -3.708603382 -0.969990313 -0.035414882 -0.240550593 -35.801635742
-0.235665157 0.029213578 0.971395254 113.756767273 -0.033088006 0.998727381 -0.038062874 -3.752926350 -0.971270859 -0.041111615 -0.234398603 -36.001308441
-0.231118023 0.029165851 0.972488582 114.627014160 -0.030771233 0.998831391 -0.037268881 -3.802928209 -0.972438931 -0.038538173 -0.229950488 -36.202415466
-0.226646528 0.029732034 0.973523080 115.500907898 -0.028632250 0.998898566 -0.037172910 -3.847401619 -0.973556161 -0.036299270 -0.225545585 -36.401958466
-0.222203150 0.031026887 0.974506617 116.369102478 -0.027795419 0.998885751 -0.038140886 -3.894311428 -0.974604130 -0.035561845 -0.221093148 -36.589458466
-0.216179818 0.029965851 0.975893617 117.236648560 -0.022040002 0.999124467 -0.035561480 -3.937955856 -0.976104736 -0.029196370 -0.215330079 -36.781665802
-0.210482672 0.028780110 0.977173984 118.113548279 -0.014478211 0.999365091 -0.032552302 -3.986724854 -0.977490366 -0.020999426 -0.209932387 -36.985858917
-0.205776870 0.028050246 0.978196859 118.980735779 -0.013830644 0.999405921 -0.031567890 -4.026636124 -0.978501201 -0.020025034 -0.205266669 -37.163703918
-0.201703146 0.029810818 0.978992939 119.851264954 -0.015136041 0.999322474 -0.033548359 -4.070010662 -0.979329765 -0.021584887 -0.201115265 -37.332099915
-0.198199481 0.031486653 0.979655862 120.726089478 -0.016925866 0.999224901 -0.035539977 -4.114082813 -0.980015576 -0.023625528 -0.197512925 -37.503162384
-0.196069896 0.030861100 0.980104148 121.603958130 -0.019703673 0.999178827 -0.035403434 -4.159233570 -0.980391920 -0.026253199 -0.195300788 -37.674839020
-0.195476189 0.029974518 0.980250239 122.480262756 -0.020548353 0.999188125 -0.034651253 -4.198301792 -0.980493128 -0.026916021 -0.194701523 -37.836463928
-0.194758713 0.025216511 0.980526924 123.350219727 -0.019478681 0.999372900 -0.029570155 -4.240024567 -0.980657756 -0.024858419 -0.194145381 -38.002799988
-0.193549395 0.020260647 0.980881333 124.221282959 -0.020152962 0.999493659 -0.024621716 -4.283720016 -0.980883539 -0.024533182 -0.193043098 -38.172142029
-0.192515835 0.018306809 0.981123209 125.084762573 -0.019830547 0.999549150 -0.022541773 -4.320476532 -0.981093466 -0.023795860 -0.192066059 -38.342643738
-0.191212296 0.023066897 0.981277585 125.934753418 -0.019621074 0.999434233 -0.027317075 -4.359117985 -0.981352687 -0.024477083 -0.190651476 -38.506687164
-0.191081464 0.027080681 0.981200457 126.782569885 -0.020035319 0.999303520 -0.031482041 -4.392352581 -0.981369615 -0.025674304 -0.190405831 -38.668136597
-0.191427603 0.026381165 0.981152058 127.644241333 -0.023634396 0.999224961 -0.031478290 -4.426457405 -0.981222153 -0.029214755 -0.190655723 -38.824741364
-0.190924540 0.024903484 0.981288791 128.490982056 -0.025882469 0.999202847 -0.030393936 -4.473808289 -0.981263399 -0.031201122 -0.190127805 -38.979831696
-0.190145522 0.025766604 0.981417716 129.336425781 -0.021712538 0.999300599 -0.030442821 -4.516291618 -0.981515765 -0.027097633 -0.189453050 -39.147842407
-0.189422593 0.028209714 0.981490314 130.170166016 -0.023896145 0.999158680 -0.033329368 -4.552607059 -0.981604815 -0.029767171 -0.188589156 -39.302333832
-0.189685166 0.029089406 0.981414080 131.010131836 -0.032233559 0.998837709 -0.035835877 -4.597755432 -0.981315732 -0.038431998 -0.188527077 -39.448848724
-0.189515233 0.030401139 0.981406987 131.842391968 -0.038626309 0.998516023 -0.038390078 -4.643205643 -0.981117725 -0.045183629 -0.188059688 -39.591442108
-0.189148232 0.033797685 0.981366754 132.673080444 -0.035518330 0.998517990 -0.041234151 -4.689903259 -0.981305957 -0.042655867 -0.187667444 -39.748588562
-0.188537613 0.034845296 0.981447697 133.499725342 -0.033660267 0.998553872 -0.041918829 -4.741326332 -0.981488943 -0.040939055 -0.187092066 -39.904373169
-0.186955735 0.036323022 0.981696606 134.320877075 -0.034586821 0.998453259 -0.043529786 -4.788226128 -0.981759369 -0.042091906 -0.185410261 -40.053718567
-0.184406653 0.035800017 0.982197821 135.132354736 -0.025318988 0.998831689 -0.041159924 -4.834581852 -0.982523859 -0.032458413 -0.183284789 -40.217521667
-0.180458620 0.033377599 0.983016074 135.958023071 -0.018728456 0.999126256 -0.037362721 -4.876441002 -0.983404279 -0.025152802 -0.179675862 -40.382301331
-0.178783357 0.028167786 0.983485162 136.764129639 -0.015359282 0.999388337 -0.031415366 -4.922705173 -0.983768582 -0.020722175 -0.178241402 -40.529136658
-0.175119892 0.028405905 0.984137237 137.582214355 -0.011766372 0.999451935 -0.030941678 -4.960799217 -0.984476745 -0.016998226 -0.174689665 -40.674636841
-0.170568973 0.033150341 0.984787941 138.390472412 -0.011347530 0.999301553 -0.035604339 -5.011972427 -0.985280335 -0.017247906 -0.170073643 -40.807819366
-0.163694173 0.036337070 0.985841691 139.187271118 -0.010425848 0.999202013 -0.038560674 -5.053738594 -0.986456037 -0.016590394 -0.163184717 -40.938072205
-0.155613601 0.037459504 0.987107456 139.991989136 -0.010354024 0.999163985 -0.039549306 -5.088785648 -0.987763762 -0.016374946 -0.155095667 -41.056991577
-0.145760104 0.033151153 0.988764465 140.804779053 -0.007583480 0.999371529 -0.034624729 -5.133086205 -0.989290833 -0.012545179 -0.145417139 -41.179298401
-0.133641675 0.031889942 0.990516484 141.604949951 -0.004009679 0.999456584 -0.032718763 -5.176738262 -0.991021633 -0.008344243 -0.133441210 -41.289436340
-0.119686797 0.034646746 0.992206991 142.387588501 -0.000094547 0.999390483 -0.034908991 -5.215220928 -0.992811620 -0.004271954 -0.119610578 -41.383361816
-0.105665453 0.035565101 0.993765473 143.172088623 -0.000556029 0.999357939 -0.035824362 -5.254998207 -0.994401693 -0.004337961 -0.105577812 -41.462638855
-0.091790766 0.035481684 0.995145977 143.955795288 0.000562633 0.999366581 -0.035580285 -5.295439243 -0.995778084 -0.002706040 -0.091752596 -41.528011322
-0.078183413 0.037582539 0.996230364 144.741958618 0.000432791 0.999290347 -0.037664007 -5.335833549 -0.996938884 -0.002513541 -0.078144193 -41.588439941
-0.064884543 0.043631356 0.996938407 145.508895874 -0.003042877 0.999030292 -0.043920949 -5.386009693 -0.997888148 -0.005883353 -0.064688869 -41.624080658
-0.052044209 0.052551687 0.997261107 146.278121948 -0.010524794 0.998530149 -0.053167824 -5.433096886 -0.998589337 -0.013263047 -0.051414613 -41.649368286
-0.038548008 0.060777638 0.997406721 147.042495728 -0.015221271 0.997997046 -0.061401896 -5.479909897 -0.999140799 -0.017548718 -0.037545677 -41.663711548
-0.025237909 0.061587602 0.997782528 147.806274414 -0.014971716 0.997965157 -0.061977580 -5.530864716 -0.999569356 -0.016502699 -0.024264483 -41.675773621
-0.013598019 0.057824235 0.998234093 148.573272705 -0.019125806 0.998128772 -0.058078658 -5.587677479 -0.999724627 -0.019881785 -0.012466636 -41.673240662
-0.002824968 0.055481993 0.998455703 149.337966919 -0.021797638 0.998219013 -0.055530515 -5.648180008 -0.999758422 -0.021920852 -0.001610560 -41.661090851
0.006063984 0.062158376 0.998047888 150.086395264 -0.025465675 0.997752130 -0.061985232 -5.707812786 -0.999657333 -0.025040084 0.007633258 -41.643016815
0.012927155 0.070049174 0.997459769 150.834487915 -0.028362731 0.997167349 -0.069661036 -5.765635014 -0.999514043 -0.027390167 0.014877327 -41.624637604
0.016218217 0.072828665 0.997212529 151.584716797 -0.030907439 0.996903598 -0.072303444 -5.822168350 -0.999390602 -0.029648658 0.018418947 -41.603847504
0.015952675 0.068415642 0.997529328 152.343078613 -0.032502688 0.997164547 -0.067870833 -5.884202957 -0.999344289 -0.031339660 0.018131141 -41.584148407
0.014221347 0.063547917 0.997877598 153.098587036 -0.035159543 0.997393012 -0.063015990 -5.952922344 -0.999280512 -0.034188736 0.016418589 -41.565128326
0.011254440 0.060950875 0.998077333 153.853881836 -0.033113558 0.997615814 -0.060549300 -6.007662773 -0.999388218 -0.032368444 0.013245909 -41.556289673
0.008605690 0.061204880 0.998088121 154.599853516 -0.031466160 0.997647345 -0.060906544 -6.062111855 -0.999467790 -0.030881857 0.010511328 -41.551189423
0.004957036 0.060696818 0.998143911 155.342498779 -0.029704183 0.997724593 -0.060523808 -6.122472286 -0.999546409 -0.029349031 0.006748707 -41.545318604
0.000508002 0.059449986 0.998231173 156.080047607 -0.030440319 0.997769713 -0.059406999 -6.179616928 -0.999536455 -0.030356301 0.002316545 -41.541988373
-0.004997274 0.060121324 0.998178542 156.820785522 -0.031032542 0.997700870 -0.060247920 -6.227617264 -0.999505877 -0.031277090 -0.003120067 -41.541610718
-0.010617987 0.058095992 0.998254478 157.565292358 -0.032205567 0.997773051 -0.058410522 -6.281343460 -0.999424875 -0.032769553 -0.008723326 -41.548660278
-0.016354224 0.055746276 0.998311043 158.305648804 -0.029946124 0.997969329 -0.056217786 -6.338096619 -0.999417663 -0.030814938 -0.014651631 -41.563602448
-0.021595696 0.055537559 0.998223126 159.039978027 -0.031053290 0.997936845 -0.056193449 -6.392515659 -0.999284387 -0.032211654 -0.019826518 -41.576690674
-0.027422816 0.056822699 0.998007596 159.763671875 -0.032886975 0.997791350 -0.057714041 -6.442413330 -0.999082804 -0.034404133 -0.025493521 -41.584678650
-0.031439152 0.058998559 0.997762799 160.486267090 -0.033510961 0.997632861 -0.060046785 -6.498642921 -0.998943746 -0.035323810 -0.029387631 -41.603572845
-0.033846114 0.061105486 0.997557282 161.205383301 -0.032978088 0.997517347 -0.062221959 -6.555255890 -0.998882830 -0.035003506 -0.031746950 -41.626861572
-0.035035916 0.062444534 0.997433305 161.921707153 -0.030315256 0.997520328 -0.063514829 -6.607526302 -0.998926163 -0.032462738 -0.033056017 -41.655647278
-0.034320872 0.060684752 0.997566760 162.636413574 -0.026833382 0.997739017 -0.061618421 -6.662769318 -0.999050558 -0.028882891 -0.032614913 -41.682212830
-0.029782865 0.056931086 0.997933805 163.351089478 -0.023975540 0.998048723 -0.057653181 -6.719035149 -0.999268830 -0.025643082 -0.028359802 -41.708526611
-0.022504358 0.056978159 0.998121858 164.051956177 -0.023622591 0.998065650 -0.057507563 -6.773025513 -0.999467611 -0.024872396 -0.021114858 -41.718833923
-0.011926269 0.058466833 0.998218119 164.741058350 -0.021081686 0.998052537 -0.058709018 -6.820652008 -0.999706745 -0.021744294 -0.010670464 -41.716667175
0.003145123 0.058130309 0.998304069 165.433975220 -0.017938489 0.998151541 -0.058064923 -6.875473976 -0.999834120 -0.017725442 0.004182078 -41.717376709
0.018535949 0.055479106 0.998287797 166.121871948 -0.018539893 0.998306692 -0.055135913 -6.925408363 -0.999656260 -0.017486151 0.019533141 -41.695228577
0.034384541 0.050984416 0.998107374 166.805725098 -0.023758009 0.998457491 -0.050183836 -6.972032070 -0.999126256 -0.021987498 0.035542794 -41.653404236
0.050806448 0.044276848 0.997726560 167.486618042 -0.024969200 0.998760819 -0.043051261 -7.018156052 -0.998396337 -0.022725148 0.051849045 -41.608135223
0.067600198 0.037042428 0.997024596 168.160858154 -0.025304297 0.999052763 -0.035402108 -7.055939674 -0.997391522 -0.022835815 0.068473481 -41.550529480
0.085426889 0.029758740 0.995899916 168.827911377 -0.025620282 0.999288917 -0.027662335 -7.089035511 -0.996015012 -0.023152130 0.086128578 -41.483879089
0.102235802 0.023909697 0.994472802 169.489120483 -0.027747853 0.999390662 -0.021175344 -7.122001648 -0.994373083 -0.025429608 0.102836952 -41.401615143
0.120418429 0.021864180 0.992482424 170.140960693 -0.029044485 0.999407053 -0.018492743 -7.150454521 -0.992298186 -0.026599275 0.120982066 -41.309951782
0.138274163 0.020728370 0.990177035 170.782638550 -0.028078584 0.999461055 -0.017001664 -7.173864365 -0.989995897 -0.025451880 0.138781711 -41.211097717
0.155373052 0.019994279 0.987653494 171.420318604 -0.029362366 0.999446809 -0.015613877 -7.194591522 -0.987419426 -0.026573870 0.155874163 -41.095939636
0.171302781 0.019419933 0.985027015 172.042175293 -0.034652479 0.999305725 -0.013675145 -7.211197853 -0.984608829 -0.031791035 0.171856821 -40.971084595
0.185843527 0.015663074 0.982454479 172.668594360 -0.036749575 0.999284148 -0.008979746 -7.233087540 -0.981891870 -0.034435950 0.186286137 -40.837215424
0.198055506 0.011814706 0.980119586 173.292098999 -0.033676267 0.999418974 -0.005242292 -7.249480247 -0.979612112 -0.031968500 0.198338330 -40.708835602
0.209094808 0.010543250 0.977838516 173.914077759 -0.031439893 0.999497414 -0.004053873 -7.267367840 -0.977389812 -0.029895496 0.209321171 -40.572345734
0.219101459 0.014256137 0.975597918 174.519165039 -0.035564248 0.999345481 -0.006616075 -7.285638809 -0.975053728 -0.033246815 0.219465032 -40.426116943
0.228285551 0.021457037 0.973357856 175.110321045 -0.040327497 0.999107480 -0.012566500 -7.306729317 -0.972758591 -0.036384333 0.228947088 -40.273296356
0.237349778 0.030965280 0.970930517 175.693664551 -0.039925717 0.998958170 -0.022099072 -7.325981140 -0.970603406 -0.033519879 0.238338843 -40.125831604
0.245392889 0.036934637 0.968719780 176.291778564 -0.034857132 0.998963952 -0.029257869 -7.342770576 -0.968796849 -0.026587123 0.246426076 -39.975433350
0.251911402 0.034995135 0.967117369 176.890518188 -0.034309875 0.999040663 -0.027213357 -7.361843109 -0.967141926 -0.026326319 0.252870411 -39.815689087
0.257464170 0.027691009 0.965891004 177.494766235 -0.037263758 0.999130249 -0.018711055 -7.377438545 -0.965569019 -0.031175306 0.258272141 -39.639526367
0.261693120 0.017027831 0.965000868 178.107666016 -0.041593865 0.999114513 -0.006350174 -7.401402950 -0.964254439 -0.038476326 0.262169540 -39.457904816
0.264083475 0.008759586 0.964460075 178.712158203 -0.042241506 0.999104321 0.002492114 -7.424663067 -0.963574409 -0.041398373 0.264216900 -39.290264130
0.265091270 0.008361935 0.964187086 179.315093994 -0.039007019 0.999236822 0.002058594 -7.436616898 -0.963433921 -0.038155783 0.265215099 -39.129604340
0.266132653 0.009846676 0.963886082 179.915374756 -0.035258438 0.999378145 -0.000474258 -7.448696613 -0.963291466 -0.033858899 0.266314328 -38.961051941
0.267731696 0.009881683 0.963442862 180.522094727 -0.032264967 0.999478638 -0.001285161 -7.450511456 -0.962953269 -0.030741375 0.267910808 -38.794002533
0.269803762 0.007883523 0.962882996 181.128890991 -0.034329835 0.999409497 0.001436778 -7.453922272 -0.962303162 -0.033443265 0.269915074 -38.620216370
0.272554010 0.004274815 0.962130964 181.751312256 -0.034624707 0.999386072 0.005368200 -7.460887432 -0.961517215 -0.034776628 0.272534639 -38.442348480
0.275721580 -0.001310132 0.961236656 182.369567871 -0.033571590 0.999375820 0.010991805 -7.473025799 -0.960651100 -0.035300918 0.275505483 -38.262569427
0.280522466 -0.003815431 0.959839880 182.994567871 -0.032300025 0.999388218 0.013412635 -7.471775055 -0.959303856 -0.034765407 0.280227631 -38.081939697
0.286546201 -0.005966304 0.958047867 183.602081299 -0.030384371 0.999421000 0.015311733 -7.469688416 -0.957584500 -0.033497199 0.286198944 -37.893592834
0.294445127 -0.009256764 0.955623567 184.222869873 -0.028782614 0.999413550 0.018549392 -7.470444679 -0.955234826 -0.032967120 0.294006050 -37.700309753
0.303920299 -0.010553698 0.952638924 184.840652466 -0.026714982 0.999450982 0.019595180 -7.466799736 -0.952322781 -0.031405106 0.303471506 -37.493255615
0.315230280 -0.008891989 0.948973536 185.452697754 -0.027811393 0.999440014 0.018603260 -7.471789360 -0.948607624 -0.032256585 0.314806461 -37.283039093
0.326464295 -0.004834714 0.945197165 186.062255859 -0.029403770 0.999450982 0.015268074 -7.469807625 -0.944752097 -0.032776840 0.326142907 -37.056819916
0.338633329 -0.001654258 0.940916955 186.683471680 -0.030483499 0.999454319 0.012728101 -7.467114449 -0.940424502 -0.032992605 0.338398159 -36.828762054
0.350601941 -0.001708606 0.936523020 187.306945801 -0.028708816 0.999508739 0.012571108 -7.464302540 -0.936084449 -0.031293921 0.350380659 -36.594196320
0.361682832 -0.004184492 0.932291806 187.924957275 -0.028358126 0.999477863 0.015487594 -7.460723877 -0.931869745 -0.032039646 0.361375421 -36.344936371
