1.000000000 0.000000000 0.000000000 0.000000000 0.000000000 1.000000000 0.000000000 0.000000000 0.000000000 0.000000000 1.000000000 0.000000000
0.999873042 0.001396341 0.015871637 0.009062919 -0.001383200 0.999998689 -0.000838900 -0.004123170 -0.015872786 0.000816840 0.999873698 0.125956014
0.999296427 0.004277584 0.037260313 0.028016530 -0.004265578 0.999990821 -0.000401730 -0.004361023 -0.037261680 0.000242511 0.999305487 0.274100810
0.997907400 0.005974728 0.064382561 0.058228031 -0.006058229 0.999981046 0.001101782 -0.006281654 -0.064374767 -0.001489521 0.997924626 0.435125232
0.995145440 0.005691302 0.098250031 0.106117532 -0.006033304 0.999976754 0.003184188 -0.004259659 -0.098229639 -0.003761503 0.995156586 0.606683910
0.990631580 0.002619158 0.136537060 0.166192979 -0.003354670 0.999981165 0.005157085 -0.003937938 -0.136520982 -0.005566807 0.990621567 0.791793525
0.984417915 -0.000633889 0.175843701 0.244425759 -0.000331289 0.999985039 0.005459431 -0.003385001 -0.175844535 -0.005432616 0.984402955 0.985526919
0.975607514 -0.000648552 0.219521224 0.328612626 -0.000838392 0.999977350 0.006680349 -0.001165269 -0.219520599 -0.006701443 0.975584865 1.194771886
0.963481426 -0.000425024 0.267774791 0.422119319 -0.002176165 0.999953330 0.009417238 0.004486132 -0.267766327 -0.009656056 0.963435471 1.409689665
0.949046612 -0.004190713 0.315107942 0.530092180 -0.001200840 0.999856174 0.016914094 -0.006424943 -0.315133482 -0.016430654 0.948905230 1.611494422
0.932064235 -0.013771975 0.362031311 0.678914905 0.005079985 0.999675870 0.024949886 -0.010971982 -0.362257481 -0.021415781 0.931832016 1.831188917
0.910707593 -0.018360594 0.412643403 0.828305066 0.007056911 0.999557316 0.028900702 -0.003484026 -0.412991434 -0.023408106 0.910433888 2.053162336
0.885167480 -0.019327845 0.464870900 0.992521822 0.004617072 0.999452531 0.032762602 0.001960613 -0.465249598 -0.026854048 0.884772003 2.279381990
0.856749833 -0.021434976 0.515286565 1.162232876 0.002625703 0.999304235 0.037203547 0.005875550 -0.515725493 -0.030521145 0.856210053 2.485865355
0.824325681 -0.026400102 0.565499961 1.374069214 0.003616185 0.999137223 0.041372955 0.011137530 -0.566104352 -0.032059830 0.823709905 2.709384680
0.787912428 -0.032341737 0.614937425 1.602814436 0.005857272 0.998968244 0.045034416 0.007725909 -0.615759552 -0.031881321 0.787288904 2.925978422
0.749865055 -0.035723355 0.660625637 1.837739229 0.005954518 0.998865128 0.047254790 0.018021911 -0.661563993 -0.031501010 0.749226749 3.128113508
0.709620595 -0.038751025 0.703517497 2.105700016 0.006776616 0.998815536 0.048181172 0.031997234 -0.704551399 -0.029422885 0.709042728 3.334669113
0.667128980 -0.040313218 0.743850470 2.400469542 0.005721632 0.998782516 0.048997834 0.049025878 -0.744920194 -0.028431844 0.666547477 3.553449154
0.624449432 -0.040188342 0.780030668 2.717188835 0.000467608 0.998694420 0.051079888 0.064026698 -0.781065106 -0.031532053 0.623652995 3.765105009
0.583039761 -0.040790576 0.811419070 3.071861982 -0.002273488 0.998652995 0.051836558 0.082440048 -0.812440395 -0.032067530 0.582161725 3.970040798
0.542457521 -0.041879460 0.839038670 3.446885347 -0.004393392 0.998601556 0.052684247 0.101414204 -0.840071738 -0.032265194 0.541514933 4.179783821
0.503796041 -0.044123106 0.862695038 3.854155779 -0.006022528 0.998490930 0.054585505 0.117741168 -0.863801658 -0.032695565 0.502770007 4.383629799
0.466237932 -0.043440882 0.883592129 4.288916111 -0.009167575 0.998502612 0.053927716 0.141738012 -0.884611845 -0.033243541 0.465141624 4.587531090
0.429672450 -0.042583056 0.901980102 4.751649857 -0.010117555 0.998597622 0.051964082 0.162499964 -0.902928114 -0.031453367 0.428639054 4.778671265
0.396140367 -0.041274529 0.917261779 5.242050648 -0.008950667 0.998768091 0.048807666 0.184688032 -0.918146253 -0.027544789 0.395283014 4.966214657
0.366237134 -0.039477423 0.929683745 5.753144741 -0.006994229 0.998954654 0.045174178 0.204962343 -0.930495262 -0.023046879 0.365578175 5.147343636
0.340921104 -0.037636861 0.939338207 6.309763908 -0.005831795 0.999094486 0.042147718 0.230014309 -0.940073848 -0.019847078 0.340392858 5.328674793
0.320587069 -0.037171036 0.946489394 6.874346733 -0.004495219 0.999158859 0.040762085 0.253383487 -0.947208464 -0.017322473 0.320150256 5.504523754
0.305673003 -0.037296362 0.951405823 7.481792450 -0.003535217 0.999181271 0.040305037 0.285771459 -0.952129960 -0.015683591 0.305290878 5.702562332
0.294465125 -0.038891524 0.954870522 8.112096786 -0.002696932 0.999133766 0.041526038 0.303425759 -0.955658376 -0.014803190 0.294105142 5.882547855
0.283537507 -0.040619366 0.958100498 8.759963036 -0.003990217 0.999043882 0.043536048 0.330036730 -0.958952785 -0.016167134 0.283104390 6.072796822
0.272911459 -0.042607129 0.961095214 9.436484337 -0.005153220 0.998939633 0.045748156 0.352573186 -0.962025344 -0.017437927 0.272402525 6.264403343
0.262707502 -0.044053517 0.963869333 10.136933327 -0.006022456 0.998862803 0.047294348 0.384099245 -0.964856684 -0.018229442 0.262143433 6.456349373
0.252926439 -0.046095427 0.966386795 10.863102913 -0.007607734 0.998738706 0.049629699 0.409963757 -0.967455626 -0.019904677 0.252256751 6.638731956
0.242368206 -0.047306523 0.969030321 11.605649948 -0.007252250 0.998694241 0.050568562 0.445609123 -0.970157206 -0.019283861 0.241708651 6.826390266
0.231332943 -0.048689224 0.971655548 12.362884521 -0.007385474 0.998630226 0.051799249 0.477829784 -0.972846627 -0.019159008 0.230656475 7.016172409
0.221209988 -0.051721562 0.973853648 13.152036667 -0.008755865 0.998447061 0.055016603 0.509989977 -0.975186884 -0.020697158 0.220413566 7.191919804
0.209664866 -0.055002525 0.976225078 13.944105148 -0.010428904 0.998234093 0.058482364 0.549071193 -0.977717698 -0.022442658 0.208720967 7.366896152
0.197417095 -0.058668349 0.978562474 14.740829468 -0.011499958 0.998000324 0.062153742 0.588092506 -0.980252087 -0.023523640 0.196347639 7.527143478
0.184549063 -0.061303977 0.980909646 15.547757149 -0.012193912 0.997833073 0.064655833 0.620211303 -0.982747674 -0.023893293 0.183401674 7.676147461
0.170708820 -0.061871454 0.983377099 16.345588684 -0.012364032 0.997813463 0.064926080 0.655888319 -0.985243976 -0.023241960 0.169570610 7.808459282
0.156034082 -0.060510613 0.985896468 17.164258957 -0.014095960 0.997883856 0.063477255 0.698694050 -0.987651050 -0.023801778 0.154850930 7.942346573
0.139702067 -0.059856825 0.988382757 17.982154846 -0.014776187 0.997934103 0.062523782 0.730493665 -0.990083337 -0.023339229 0.138529003 8.051959038
0.119578294 -0.058030613 0.991127372 18.806167603 -0.017409094 0.998014271 0.060534235 0.768966913 -0.992672145 -0.024493210 0.118330590 8.145103455
0.093836792 -0.056535430 0.993981123 19.639591217 -0.021956310 0.998026013 0.058838289 0.806916416 -0.995345533 -0.027345352 0.092410259 8.224202156
0.063949801 -0.056260176 0.996366024 20.476907730 -0.025406299 0.997994244 0.057982773 0.838555753 -0.997629583 -0.029021962 0.062392175 8.272159576
0.030873124 -0.056171600 0.997943759 21.324550629 -0.028325265 0.997969389 0.057049345 0.872079849 -0.999121845 -0.030028308 0.029219367 8.288690567
-0.004601081 -0.056012254 0.998419404 22.167192459 -0.030023528 0.997987688 0.055849664 0.899730802 -0.999538720 -0.029719103 -0.006273506 8.294878006
-0.038569842 -0.054699820 0.997757614 23.010354996 -0.030924413 0.998087704 0.053522483 0.929131985 -0.998777270 -0.028790714 -0.040187642 8.253300667
-0.070944414 -0.052985538 0.996071994 23.860977173 -0.033001836 0.998166084 0.050746411 0.956316948 -0.996934175 -0.029272029 -0.072562933 8.186164856
-0.103277110 -0.049937192 0.993398190 24.712261200 -0.035380982 0.998291254 0.046504825 0.986800671 -0.994023085 -0.030344529 -0.104867458 8.092869759
-0.136047453 -0.045260038 0.989667952 25.543689728 -0.033042718 0.998607516 0.041126553 1.004000306 -0.990151107 -0.027106157 -0.137353510 7.972962379
-0.167434692 -0.039432731 0.985094309 26.380304337 -0.027294150 0.999002159 0.035350338 1.020614147 -0.985505223 -0.020968435 -0.168343931 7.810862064
-0.197287694 -0.032866426 0.979794562 27.219026566 -0.020268073 0.999360979 0.029441658 1.032513857 -0.980136096 -0.014050069 -0.197827742 7.620978832
-0.225900218 -0.027144682 0.973772228 28.047101974 -0.014271882 0.999596596 0.024553703 1.039734960 -0.974045932 -0.008350875 -0.226196513 7.407698154
-0.254021943 -0.021145541 0.966967285 28.860004425 -0.006193122 0.999776065 0.020236071 1.039918423 -0.967178583 -0.000848140 -0.254096031 7.177462578
-0.280025035 -0.010822040 0.959931672 29.662670135 0.000627656 0.999934196 0.011456113 1.029952884 -0.959992468 0.003810506 -0.279999822 6.921701908
-0.305721164 0.004686052 0.952109516 30.449934006 0.004821838 0.999982715 -0.003373386 1.016701221 -0.952108860 0.003559603 -0.305738598 6.659737587
-0.330298096 0.021828683 0.943624198 31.231966019 0.005945215 0.999760807 -0.021046268 0.992706418 -0.943857908 -0.001341494 -0.330348849 6.375203133
-0.355401009 0.036702320 0.933993101 32.006347656 0.006141595 0.999298930 -0.036931593 0.962224960 -0.934693754 -0.007389320 -0.355377257 6.072977066
-0.379745930 0.047290102 0.923881292 32.771587372 0.010023207 0.998844206 -0.047007322 0.920846581 -0.925036550 -0.008590583 -0.379780978 5.748167992
-0.403097093 0.051421627 0.913711429 33.533195496 0.013018792 0.998641312 -0.050457872 0.870282054 -0.915064633 -0.008444003 -0.403218865 5.399577141
-0.425710559 0.051024664 0.903419554 34.286888123 0.016986772 0.998683572 -0.048400588 0.811668515 -0.904699922 -0.005258460 -0.426016778 5.034892082
-0.445726573 0.046437301 0.893963873 35.020938873 0.020184865 0.998920977 -0.041825257 0.759111404 -0.894941449 -0.000598093 -0.446183026 4.653262138
-0.463831156 0.045393966 0.884759903 35.746791840 0.027437922 0.998943388 -0.036868129 0.712061048 -0.885498643 0.007175384 -0.464586586 4.261322975
-0.477523565 0.045562677 0.877436757 36.456970215 0.029807435 0.998919725 -0.035648946 0.662613750 -0.878113151 0.009130928 -0.478365868 3.865586281
-0.488435984 0.049472496 0.871196330 37.156490326 0.032887269 0.998725832 -0.038276277 0.618919134 -0.871979773 0.009955757 -0.489440680 3.459836006
-0.498190880 0.051998783 0.865506768 37.846542358 0.033948049 0.998604536 -0.040454462 0.572557449 -0.866402566 0.009228222 -0.499260902 3.054294586
-0.509103596 0.051286936 0.859175801 38.532577515 0.027933201 0.998681724 -0.043062706 0.522046089 -0.860251844 0.002076153 -0.509865046 2.658248901
-0.520360172 0.049733482 0.852497399 39.218357086 0.027192330 0.998761356 -0.041668255 0.475755453 -0.853513837 0.001498892 -0.521068037 2.248760223
-0.528969288 0.051188670 0.847095668 39.890632629 0.029482273 0.998685062 -0.041938759 0.430341721 -0.848128676 0.002789994 -0.529782832 1.823766708
-0.536161959 0.054015689 0.842385054 40.572837830 0.032338053 0.998532295 -0.043445654 0.381706238 -0.843495488 0.003947183 -0.537121713 1.383152008
-0.539614677 0.056909282 0.839986503 41.260871887 0.033108521 0.998375475 -0.046370968 0.343144655 -0.841260850 0.002788255 -0.540622234 0.938817978
-0.539481282 0.059069630 0.839923024 41.966690063 0.032857571 0.998253226 -0.049100213 0.293967366 -0.841356218 0.001109174 -0.540479839 0.495487213
-0.535926104 0.059339412 0.842176855 42.693424225 0.035188388 0.998230100 -0.047942426 0.244306684 -0.843531132 0.003941247 -0.537065685 0.026422501
-0.530167222 0.058015764 0.845905960 43.431175232 0.032987598 0.998312354 -0.047793631 0.191508412 -0.847251058 0.002565792 -0.531186342 -0.426151276
-0.523688674 0.056494948 0.850034416 44.199623108 0.030869385 0.998401880 -0.047337744 0.140868306 -0.851350129 0.001449798 -0.524595678 -0.881816864
-0.516506732 0.056404196 0.854423404 44.979625702 0.029659247 0.998407841 -0.047979955 0.087327003 -0.855769336 0.000559585 -0.517357290 -1.354196548
-0.510015011 0.054863282 0.858414054 45.767219543 0.026490645 0.998492241 -0.048076954 0.034130096 -0.859757483 -0.001780028 -0.510699451 -1.812305450
-0.506137252 0.052196462 0.860871851 46.574359894 0.021802362 0.998622298 -0.047730163 -0.021329522 -0.862177253 -0.005388971 -0.506577909 -2.268253326
-0.504978955 0.049541593 0.861708641 47.393424988 0.017196400 0.998730719 -0.047341853 -0.070633054 -0.862960339 -0.009088354 -0.505189836 -2.735261917
-0.505523026 0.046823703 0.861541629 48.234748840 0.013939097 0.998839259 -0.046106674 -0.124294639 -0.862700522 -0.011298877 -0.505588949 -3.214761734
-0.506667972 0.045822985 0.860922694 49.080310822 0.012512770 0.998872221 -0.045801420 -0.179344416 -0.862050474 -0.012433587 -0.506669879 -3.701578140
-0.507151544 0.044817071 0.860690832 49.936470032 0.012307823 0.998921931 -0.044762667 -0.234613657 -0.861769021 -0.012108227 -0.507156372 -4.200218201
-0.507253170 0.044396672 0.860652566 50.805755615 0.012477938 0.998945832 -0.044176228 -0.290956497 -0.861706793 -0.011669363 -0.507272482 -4.709627151
-0.507197320 0.043592606 0.860726774 51.683486938 0.012667704 0.998989165 -0.043130435 -0.347121477 -0.861736894 -0.010972207 -0.507236779 -5.223939896
-0.507362127 0.043401305 0.860639215 52.565711975 0.012251596 0.998993218 -0.043155834 -0.404632807 -0.861645699 -0.011351436 -0.507383049 -5.738262177
-0.507612407 0.041855309 0.860568345 53.465888977 0.009878752 0.999036431 -0.042762894 -0.459679246 -0.861528873 -0.013205639 -0.507536530 -6.264925003
-0.507693529 0.041082330 0.860557675 54.353176117 0.009395977 0.999067068 -0.042151406 -0.519688845 -0.861486495 -0.013314220 -0.507605851 -6.783111572
-0.507349372 0.040261842 0.860799491 55.240924835 0.008516482 0.999093354 -0.041710656 -0.581839323 -0.861698329 -0.013830892 -0.507232249 -7.294521332
-0.505860984 0.038749713 0.861744225 56.129108429 0.007842785 0.999155819 -0.040324777 -0.638578892 -0.862579346 -0.013640258 -0.505737901 -7.813184738
-0.503915370 0.036685400 0.862973630 57.011585236 0.007938180 0.999252081 -0.037843324 -0.696779609 -0.863716543 -0.012219395 -0.503829718 -8.322397232
-0.501396716 0.035181966 0.864501834 57.892776489 0.008480959 0.999324799 -0.035749931 -0.755260825 -0.865175903 -0.010593093 -0.501356483 -8.830110550
-0.498767495 0.035114743 0.866024196 58.780906677 0.008978390 0.999334693 -0.035349175 -0.810747504 -0.866689324 -0.009855517 -0.498750955 -9.339893341
-0.496645868 0.035289705 0.867235541 59.661415100 0.009329432 0.999332428 -0.035322256 -0.866480589 -0.867903113 -0.009451840 -0.496643573 -9.844875336
-0.495645911 0.035718206 0.867789924 60.537429810 0.009083168 0.999312520 -0.035943735 -0.921929598 -0.868477106 -0.009933083 -0.495629579 -10.342065811
-0.496492237 0.037062347 0.867249608 61.415035248 0.008579308 0.999248743 -0.037791826 -0.980201006 -0.867998719 -0.011322947 -0.496437162 -10.838401794
-0.499398261 0.038986020 0.865494847 62.285346985 0.007364738 0.999142110 -0.040756602 -1.036535025 -0.866341233 -0.013979632 -0.499256909 -11.335863113
-0.503857076 0.039505038 0.862883210 63.152881622 0.006021673 0.999089956 -0.042224761 -1.095109105 -0.863766015 -0.016079245 -0.503636479 -11.839105606
-0.509521067 0.037913296 0.859622538 64.017341614 0.007181814 0.999181390 -0.039811641 -1.153666019 -0.860428214 -0.014111212 -0.509376228 -12.342514038
-0.515035987 0.035402548 0.856437027 64.874740601 0.008390443 0.999307096 -0.036262590 -1.214127064 -0.857127488 -0.011490659 -0.514976263 -12.856243134
-0.520646095 0.033179596 0.853127599 65.731803894 0.005666088 0.999356866 -0.035408802 -1.267831087 -0.853753805 -0.013601558 -0.520499229 -13.364686966
-0.525582850 0.036625404 0.849953592 66.578811646 0.007736212 0.999237299 -0.038274366 -1.319766283 -0.850707173 -0.013540937 -0.525465369 -13.886081696
-0.530517399 0.038270645 0.846809685 67.416229248 0.007972153 0.999161363 -0.040161550 -1.374415517 -0.847636580 -0.014555504 -0.530377626 -14.410047531
-0.535147429 0.039620820 0.843829036 68.237998962 0.007103786 0.999075234 -0.042405054 -1.427235007 -0.844728827 -0.016698571 -0.534933984 -14.926847458
-0.539069891 0.039119065 0.841352105 69.060882568 0.005555210 0.999064267 -0.042892639 -1.491474748 -0.842242718 -0.018448239 -0.538782716 -15.442993164
-0.542119086 0.038633760 0.839413106 69.876197815 0.007045967 0.999116540 -0.041433558 -1.550753474 -0.840272129 -0.016547449 -0.541912258 -15.970830917
-0.544049025 0.031633936 0.838456929 70.692077637 0.007571455 0.999433517 -0.032794494 -1.602672577 -0.839019299 -0.011493472 -0.543980241 -16.504308701
-0.546648264 0.022749586 0.837053180 71.519165039 0.006618349 0.999716997 -0.022848295 -1.652124047 -0.837336063 -0.006950072 -0.546644092 -17.036502838
-0.546858788 0.022027174 0.836935043 72.322525024 0.008318705 0.999747455 -0.020876713 -1.691769719 -0.837183475 -0.004454399 -0.546903968 -17.576007843
-0.549472213 0.025732689 0.835115612 73.127372742 0.007565242 0.999637842 -0.025824541 -1.735228300 -0.835477710 -0.007872016 -0.549467921 -18.083986282
-0.551091850 0.032363910 0.833816767 73.926376343 0.009463812 0.999425650 -0.032537002 -1.776117682 -0.834390879 -0.010039793 -0.551081836 -18.603496552
-0.551121771 0.035726052 0.833659589 74.704437256 0.014556712 0.999342620 -0.033203047 -1.820716143 -0.834297836 -0.006163583 -0.551279485 -19.129610062
-0.551048100 0.037230033 0.833642542 75.495780945 0.018358720 0.999303281 -0.032493021 -1.870549917 -0.834271431 -0.002600604 -0.551347733 -19.660446167
-0.550925016 0.033547208 0.833880186 76.277206421 0.015960164 0.999432504 -0.029662915 -1.907592773 -0.834402084 -0.003033175 -0.551147819 -20.162607193
-0.550093114 0.029017029 0.834599137 77.069282532 0.014801054 0.999577940 -0.024997426 -1.944728136 -0.834972203 -0.001397962 -0.550290406 -20.683790207
-0.549744248 0.022001581 0.835043252 77.861724854 0.011344830 0.999757528 -0.018872663 -1.986821771 -0.835256100 -0.000901715 -0.549860537 -21.187597275
-0.549131989 0.016819440 0.835566342 78.661926270 0.002762794 0.999828577 -0.018310234 -2.013182640 -0.835731030 -0.007746240 -0.549084306 -21.692628860
-0.547780931 0.010971517 0.836549878 79.455924988 -0.004690137 0.999857903 -0.016184485 -2.052099228 -0.836608648 -0.012789085 -0.547651708 -22.189109802
-0.545729220 0.011785528 0.837878704 80.248535156 -0.001287813 0.999888122 -0.014903120 -2.084905863 -0.837960541 -0.009212099 -0.545653045 -22.706449509
-0.542545915 0.015249478 0.839887738 81.038414001 0.002856274 0.999863029 -0.016308999 -2.119949579 -0.840021312 -0.006449431 -0.542515099 -23.224943161
-0.536626518 0.018941198 0.843607306 81.831001282 0.005038486 0.999802172 -0.019243149 -2.143877506 -0.843804836 -0.006075881 -0.536615789 -23.737277985
-0.529762983 0.021183936 0.847881138 82.624221802 0.009993467 0.999774516 -0.018734928 -2.175989151 -0.848086834 -0.001451801 -0.529855251 -24.219438553
-0.521021247 0.024607634 0.853188932 83.413909912 0.017956380 0.999679089 -0.017867181 -2.216091633 -0.853354812 0.006011000 -0.521295965 -24.718563080
-0.511986732 0.023485785 0.858672202 84.221778870 0.014568137 0.999719799 -0.018657306 -2.243826151 -0.858869791 0.002956959 -0.512185454 -25.187364578
-0.501540601 0.021021638 0.864878654 85.032363892 0.012512773 0.999776423 -0.017044326 -2.275131464 -0.865043640 0.002273609 -0.501691520 -25.642562866
-0.489972174 0.017734617 0.871557653 85.845573425 0.012547438 0.999832869 -0.013290871 -2.305145502 -0.871647775 0.004423659 -0.490112871 -26.092798233
-0.479507089 0.016781371 0.877377570 86.657409668 0.011936200 0.999849260 -0.012600449 -2.335741520 -0.877456844 0.004430550 -0.479635209 -26.522571564
-0.467566788 0.016098518 0.883811116 87.480400085 0.012512601 0.999854505 -0.011592633 -2.359604836 -0.883869112 0.005638444 -0.467700213 -26.950735092
-0.455771416 0.016937535 0.889935672 88.297874451 0.013463029 0.999835730 -0.012134236 -2.387926102 -0.889995039 0.006450791 -0.455924571 -27.363533020
-0.443742931 0.021118350 0.895905256 89.120498657 0.013640734 0.999765635 -0.016810279 -2.422137260 -0.896050334 0.004761361 -0.443926990 -27.767017365
-0.432170302 0.030347981 0.901281178 89.940223694 0.016174510 0.999533594 -0.025900559 -2.451489449 -0.901646912 0.003384329 -0.432459682 -28.157207489
-0.419085532 0.034853842 0.907277405 90.769691467 0.015652834 0.999391735 -0.031162202 -2.485528469 -0.907811761 0.001141833 -0.419376224 -28.540935516
-0.408065915 0.031066347 0.912423730 91.611000061 0.013375401 0.999517143 -0.028049795 -2.526001215 -0.912854493 0.000757870 -0.408284307 -28.907806396
-0.396752805 0.027641976 0.917509139 92.451828003 0.012150596 0.999617100 -0.024861448 -2.567359209 -0.917845070 0.001284436 -0.396936774 -29.261760712
-0.386483639 0.028023861 0.921870530 93.298294067 0.008705648 0.999604583 -0.026737155 -2.610369205 -0.922255158 -0.002307993 -0.386574775 -29.609912872
-0.379764795 0.032249369 0.924520791 94.135665894 0.003671448 0.999436855 -0.033354491 -2.654379845 -0.925075769 -0.009272531 -0.379669309 -29.940099716
-0.375052750 0.036859032 0.926270366 94.974533081 -0.002963666 0.999156415 -0.040959388 -2.697932959 -0.926998734 -0.018107088 -0.374627203 -30.263935089
-0.371834099 0.038872130 0.927484989 95.812820435 -0.005018181 0.999024093 -0.043882247 -2.749786377 -0.928285658 -0.020971203 -0.371276170 -30.585121155
-0.368354350 0.038543526 0.928886175 96.648918152 -0.007171433 0.998992682 -0.044296417 -2.801559925 -0.929657817 -0.022978224 -0.367706835 -30.905685425
-0.363697231 0.038428463 0.930724144 97.486175537 -0.008644320 0.998966455 -0.044624019 -2.851454735 -0.931477129 -0.024275111 -0.362989098 -31.222389221
-0.357255191 0.034414496 0.933372557 98.337127686 -0.010262110 0.999116123 -0.040766422 -2.905745983 -0.933950424 -0.024142396 -0.356586188 -31.548971176
-0.352417916 0.030573390 0.935343266 99.178199768 -0.010633362 0.999270856 -0.036669418 -2.957235575 -0.935782254 -0.022868806 -0.351835936 -31.851203918
-0.346822381 0.027477505 0.937528193 100.023262024 -0.012138578 0.999355555 -0.033780020 -3.009004593 -0.937852263 -0.023095928 -0.346265316 -32.152626038
-0.341520548 0.025609938 0.939525306 100.875991821 -0.021720698 0.999146581 -0.035130665 -3.051645756 -0.939623296 -0.032404989 -0.340672851 -32.439567566
-0.335031122 0.025538588 0.941860855 101.725135803 -0.028112931 0.998916566 -0.037085764 -3.100165844 -0.941787541 -0.038903363 -0.333950251 -32.724727631
-0.327981472 0.029580628 0.944220901 102.570373535 -0.026911534 0.998811424 -0.040638745 -3.149353981 -0.944300771 -0.038739190 -0.326795608 -33.016571045
-0.321256876 0.033114016 0.946412921 103.407554626 -0.024849856 0.998749554 -0.043380432 -3.197711468 -0.946665943 -0.037454490 -0.320032299 -33.296325684
-0.314567178 0.031227246 0.948721409 104.264350891 -0.026215572 0.998791695 -0.041567605 -3.245625496 -0.948873162 -0.037947085 -0.313368380 -33.574924469
-0.307778239 0.026254077 0.951095819 105.124015808 -0.026683003 0.998987854 -0.036210816 -3.296572685 -0.951083839 -0.036522992 -0.306766212 -33.843132019
-0.300464630 0.023793770 0.953496039 105.986190796 -0.027875645 0.999042690 -0.033714484 -3.344616175 -0.953385532 -0.036709324 -0.299513757 -34.108676910
-0.294397742 0.026821084 0.955306530 106.839950562 -0.030294962 0.998841822 -0.037379403 -3.389532328 -0.955202699 -0.039945386 -0.293244243 -34.359451294
-0.288310647 0.029409917 0.957085192 107.693000793 -0.029606538 0.998776495 -0.039609663 -3.437808037 -0.957079113 -0.039755866 -0.287087113 -34.603538513
-0.281755924 0.029889636 0.959020436 108.553489685 -0.032278676 0.998653650 -0.040608209 -3.485262394 -0.958942950 -0.042397518 -0.280411869 -34.840961456
-0.274894476 0.029343013 0.961026549 109.415512085 -0.032557156 0.998676896 -0.039805319 -3.533179760 -0.960923016 -0.042230546 -0.273575425 -35.079181671
-0.266684651 0.029221298 0.963340759 110.272369385 -0.028605936 0.998859882 -0.038217779 -3.583761692 -0.963359237 -0.037749361 -0.265544623 -35.318164825
-0.259216100 0.030468225 0.965338647 111.130340576 -0.025941115 0.998922050 -0.038493991 -3.629789114 -0.965470910 -0.035020225 -0.258146316 -35.546714783
-0.252567828 0.031129051 0.967078328 111.990043640 -0.024689786 0.998949468 -0.038603079 -3.677402020 -0.967264116 -0.033626847 -0.251533955 -35.764530182
-0.246042833 0.029902881 0.968797565 112.861434937 -0.031134434 0.998764277 -0.038734961 -3.724988461 -0.968758762 -0.039693419 -0.244807765 -35.968811035
-0.240026683 0.027744863 0.970369756 113.722724915 -0.035706379 0.998662770 -0.037386004 -3.776423216 -0.970109403 -0.043622028 -0.238715038 -36.170036316
-0.235665470 0.027964041 0.971431851 114.592338562 -0.033482250 0.998758793 -0.036873352 -3.819972515 -0.971257210 -0.041215498 -0.234436676 -36.373382568
-0.230712414 0.028300405 0.972610354 115.462394714 -0.031301085 0.998843670 -0.036488645 -3.869195938 -0.972518265 -0.038862135 -0.229559824 -36.578796387
-0.226347432 0.030078193 0.973582149 116.324913025 -0.030651547 0.998808086 -0.037983693 -3.908431768 -0.973564208 -0.038439307 -0.225155711 -36.773849487
-0.220693141 0.029144861 0.974907696 117.196945190 -0.024844140 0.999061048 -0.035490975 -3.952614307 -0.975026786 -0.032053370 -0.219761848 -36.969890594
-0.214762539 0.027759148 0.976271689 118.063186646 -0.017220831 0.999332905 -0.032203145 -4.002462387 -0.976514459 -0.023728238 -0.214141235 -37.176372528
-0.210728243 0.027154896 0.977167487 118.928619385 -0.016039968 0.999383450 -0.031231316 -4.041020393 -0.977413118 -0.022255052 -0.210162744 -37.346054077
-0.205710024 0.028457878 0.978199065 119.800827026 -0.017252550 0.999316275 -0.032700345 -4.091930389 -0.978460848 -0.023603218 -0.205078438 -37.536010742
-0.202443063 0.030057244 0.978832662 120.670295715 -0.019074624 0.999218225 -0.034628261 -4.134311199 -0.979108334 -0.025681114 -0.201711446 -37.705883026
-0.200363085 0.030130297 0.979258299 121.545471191 -0.021726381 0.999144554 -0.035187542 -4.169922829 -0.979480743 -0.028326022 -0.199537069 -37.881263733
-0.200003952 0.028389882 0.979383767 122.418945312 -0.022035478 0.999196947 -0.033464178 -4.217260838 -0.979547203 -0.028274151 -0.199217796 -38.043891907
-0.198641598 0.024156550 0.979774475 123.288742065 -0.021553498 0.999346673 -0.029008906 -4.255800724 -0.979835153 -0.026879940 -0.197991148 -38.224105835
-0.197468638 0.019219799 0.980120778 124.160545349 -0.023075076 0.999439538 -0.024247661 -4.294923306 -0.980037570 -0.027404511 -0.196914494 -38.395011902
-0.196960598 0.017249985 0.980259657 125.026313782 -0.022049293 0.999514341 -0.022019116 -4.332692623 -0.980163455 -0.025950929 -0.196484610 -38.563289642
-0.195767194 0.022209521 0.980399013 125.877967834 -0.022186046 0.999387324 -0.027069818 -4.367124557 -0.980399370 -0.027050557 -0.195154563 -38.728675842
-0.195637137 0.025931042 0.980333507 126.729324341 -0.022242814 0.999275863 -0.030870907 -4.401982307 -0.980424047 -0.027844872 -0.194918692 -38.895515442
-0.195800245 0.024883883 0.980328023 127.580802917 -0.026084671 0.999192059 -0.030572589 -4.441596985 -0.980296791 -0.031557657 -0.194992974 -39.055213928
-0.195185572 0.023376070 0.980487704 128.429016113 -0.027941601 0.999177575 -0.029383995 -4.489202023 -0.980368197 -0.033131730 -0.194371879 -39.215538025
-0.194424227 0.024751049 0.980605245 129.278182983 -0.023774298 0.999269187 -0.029935850 -4.527426720 -0.980629385 -0.029133454 -0.193693668 -39.389266968
-0.193591565 0.027134491 0.980706871 130.112258911 -0.025934471 0.999126554 -0.032763600 -4.563969612 -0.980739295 -0.031776872 -0.192718804 -39.548805237
-0.193955928 0.027879898 0.980614007 130.949996948 -0.034026667 0.998803437 -0.035127185 -4.609136105 -0.980419934 -0.040180143 -0.192775220 -39.696201324
-0.193618804 0.028896961 0.980651200 131.784896851 -0.040118378 0.998496890 -0.037343748 -4.656490326 -0.980256200 -0.046572581 -0.192168459 -39.845237732
-0.193066165 0.033033885 0.980629504 132.603790283 -0.036397111 0.998504102 -0.040801868 -4.699248314 -0.980510414 -0.043569550 -0.191575035 -40.004489899
-0.192416221 0.033964779 0.980725467 133.429367065 -0.034952879 0.998529494 -0.041439049 -4.750025749 -0.980690837 -0.042252712 -0.190946072 -40.163566589
-0.190754548 0.035524212 0.980994761 134.250396729 -0.036106277 0.998414814 -0.043175906 -4.794488907 -0.980973542 -0.043656070 -0.189169511 -40.318420410
-0.188835502 0.034984078 0.981385410 135.065216064 -0.027330885 0.998790801 -0.040863477 -4.841466427 -0.981628239 -0.034538604 -0.187651023 -40.480239868
-0.184809297 0.031560726 0.982267618 135.884750366 -0.020772904 0.999135494 -0.036011036 -4.893609524 -0.982554793 -0.027059721 -0.183993950 -40.647876740
-0.182990298 0.026734052 0.982751131 136.700164795 -0.017480502 0.999383688 -0.030441418 -4.938469410 -0.982959211 -0.022749465 -0.182410240 -40.800518036
-0.179354444 0.026694298 0.983422279 137.517196655 -0.014843700 0.999444664 -0.029836370 -4.977199078 -0.983672559 -0.019948917 -0.178858578 -40.947219849
-0.174274996 0.031677898 0.984187365 138.316970825 -0.013743551 0.999306738 -0.034598190 -5.024287224 -0.984601140 -0.019555829 -0.173718780 -41.088844299
-0.167702451 0.034643658 0.985228777 139.114395142 -0.013006117 0.999217629 -0.037349410 -5.064792156 -0.985751867 -0.019077592 -0.167120636 -41.219707489
-0.159511536 0.035838448 0.986545324 139.914535522 -0.012932255 0.999179184 -0.038388379 -5.099416733 -0.987111449 -0.018881643 -0.158917099 -41.343940735
-0.149947718 0.031036580 0.988206685 140.711120605 -0.011819365 0.999379456 -0.033180922 -5.142791748 -0.988623261 -0.016655378 -0.149487838 -41.460350037
-0.137844533 0.029777853 0.990006149 141.506332397 -0.008108153 0.999480546 -0.031191774 -5.185215473 -0.990420699 -0.012326737 -0.137531459 -41.570808411
-0.123978704 0.032474786 0.991753459 142.290847778 -0.004478093 0.999435842 -0.033286151 -5.222676277 -0.992274761 -0.008567937 -0.123763345 -41.669483185
-0.109950200 0.033485748 0.993372858 143.074798584 -0.004210716 0.999407649 -0.034155235 -5.261182785 -0.993928134 -0.007938187 -0.109744079 -41.749763489
-0.096123308 0.033812817 0.994794965 143.857788086 -0.002623496 0.999410748 -0.034223199 -5.299342155 -0.995365918 -0.005899489 -0.095977969 -41.818916321
-0.082731187 0.035456389 0.995940983 144.640396118 -0.001973427 0.999359071 -0.035742011 -5.341714382 -0.996570051 -0.004922395 -0.082608186 -41.880691528
-0.068893388 0.041479595 0.996761322 145.411880493 -0.005003149 0.999108315 -0.041923068 -5.390384197 -0.997611463 -0.007875167 -0.068624444 -41.925594330
-0.056292530 0.050779004 0.997122169 146.176223755 -0.012510708 0.998591542 -0.051560123 -5.433237076 -0.998335958 -0.015377154 -0.055577960 -41.951084137
-0.042656709 0.058936473 0.997349918 146.939346313 -0.016754841 0.998076081 -0.059695974 -5.479537010 -0.998949289 -0.019256875 -0.041587163 -41.969215393
-0.029629419 0.059447125 0.997791648 147.701263428 -0.017604087 0.998044014 -0.059984919 -5.531057835 -0.999405861 -0.019342527 -0.028524954 -41.983161926
-0.017879918 0.055656966 0.998289943 148.467987061 -0.020534422 0.998218536 -0.056020766 -5.586952209 -0.999629200 -0.021500953 -0.016705183 -41.984115601
-0.007176393 0.053305738 0.998552382 149.233779907 -0.024092549 0.998279095 -0.053464297 -5.645304680 -0.999683976 -0.024441350 -0.005879770 -41.975627899
0.001834815 0.059860773 0.998205185 149.987152100 -0.027614255 0.997829080 -0.059787471 -5.703596592 -0.999616981 -0.027454985 0.003483843 -41.962871552
0.008719733 0.067636870 0.997671843 150.735870361 -0.031160805 0.997243583 -0.067335486 -5.759473801 -0.999476373 -0.030501110 0.010803318 -41.948314667
0.011894328 0.070397682 0.997448087 151.487045288 -0.033708856 0.996979892 -0.069962665 -5.812960148 -0.999360919 -0.032790676 0.014231431 -41.931278229
0.011931616 0.065841690 0.997758865 152.242202759 -0.035789829 0.997218549 -0.065378062 -5.873453140 -0.999288082 -0.034929555 0.014254891 -41.915031433
0.010024846 0.061216991 0.998074114 152.992660522 -0.037587054 0.997441947 -0.060800686 -5.938904285 -0.999243200 -0.036905147 0.012300171 -41.899551392
0.007288679 0.058485091 0.998261690 153.744247437 -0.035956658 0.997658074 -0.058187187 -5.992858410 -0.999326766 -0.035470042 0.009374537 -41.894927979
0.004360653 0.058940589 0.998251975 154.490417480 -0.034301579 0.997682929 -0.058757138 -6.043169975 -0.999401987 -0.033985399 0.006372303 -41.891212463
0.000761089 0.058330830 0.998297036 155.233978271 -0.032627638 0.997767210 -0.058274992 -6.103550911 -0.999467432 -0.032527726 0.002662586 -41.889095306
-0.003855229 0.057281371 0.998350620 155.973251343 -0.033745576 0.997781992 -0.057379056 -6.157473087 -0.999423027 -0.033911124 -0.001913685 -41.888519287
-0.009107799 0.057658326 0.998294950 156.713195801 -0.034023087 0.997740328 -0.057936713 -6.206548691 -0.999379575 -0.034492742 -0.007125505 -41.892364502
-0.015000371 0.055837702 0.998327196 157.454483032 -0.035531644 0.997779012 -0.056340940 -6.257711411 -0.999256015 -0.036317341 -0.012983052 -41.900085449
-0.020889323 0.052973449 0.998377383 158.193771362 -0.032773495 0.998022377 -0.053640340 -6.317419052 -0.999244511 -0.033840828 -0.019111883 -41.915481567
-0.025846746 0.053335484 0.998242080 158.925582886 -0.033814911 0.997957587 -0.054195832 -6.365670204 -0.999093831 -0.035156257 -0.023990419 -41.934326172
-0.031434499 0.054665841 0.998009741 159.651367188 -0.035647590 0.997806668 -0.055777509 -6.412856102 -0.998869896 -0.037329976 -0.029416848 -41.949428558
-0.035221126 0.056424756 0.997785449 160.374771118 -0.035014771 0.997722268 -0.057657175 -6.473256111 -0.998765945 -0.036967982 -0.033165205 -41.972412109
-0.038201168 0.059358072 0.997505546 161.090713501 -0.037493933 0.997446060 -0.060790431 -6.517399788 -0.998566389 -0.039722666 -0.035878047 -41.993644714
-0.039888371 0.060777634 0.997354031 161.804275513 -0.034615964 0.997465074 -0.062168851 -6.568297386 -0.998604238 -0.037004184 -0.037683386 -42.021675110
-0.039062917 0.059466902 0.997465611 162.525238037 -0.031382084 0.997662127 -0.060707595 -6.622660637 -0.998743832 -0.033673968 -0.037105396 -42.051464081
-0.034247231 0.055523880 0.997869790 163.236618042 -0.028200401 0.998004377 -0.056499198 -6.679542542 -0.999015391 -0.030075273 -0.032613087 -42.082679749
-0.027508788 0.055454701 0.998082101 163.941802979 -0.028143946 0.998021245 -0.056227006 -6.735166550 -0.999225438 -0.029636709 -0.025893643 -42.090393066
-0.016315652 0.056149401 0.998289168 164.633163452 -0.025285816 0.998079479 -0.056550875 -6.786579132 -0.999547243 -0.026165213 -0.014864534 -42.096317291
-0.001075060 0.055868909 0.998437524 165.327529907 -0.021786101 0.998199880 -0.055879068 -6.838775635 -0.999762118 -0.021812135 0.000144042 -42.098461151
0.013272969 0.053390019 0.998485506 166.007095337 -0.023019182 0.998325169 -0.053075455 -6.885927677 -0.999646902 -0.022279849 0.014479733 -42.073875427
0.029468495 0.048526142 0.998387039 166.690338135 -0.027716367 0.998476624 -0.047712404 -6.932217121 -0.999181390 -0.026265651 0.030768562 -42.037197113
0.045944281 0.041940503 0.998063147 167.371185303 -0.028899601 0.998755932 -0.040639263 -6.974132538 -0.998525858 -0.026976487 0.047099181 -41.995639801
0.062717751 0.034833867 0.997423232 168.049087524 -0.029892184 0.999007940 -0.033009589 -7.011489868 -0.997583568 -0.027744871 0.063696772 -41.941001892
0.080661729 0.027597414 0.996359348 168.721694946 -0.030015286 0.999230564 -0.025247006 -7.043287277 -0.996289492 -0.027869545 0.081428014 -41.879272461
0.097250141 0.021735534 0.995022535 169.382766724 -0.032188810 0.999307156 -0.018683096 -7.074176788 -0.994739294 -0.030211659 0.097882397 -41.796859741
0.115574166 0.019531259 0.993106961 170.037109375 -0.033369917 0.999318659 -0.015769958 -7.101282120 -0.992738187 -0.031317294 0.116147190 -41.710861206
0.133400336 0.018121192 0.990896523 170.678802490 -0.031776741 0.999397099 -0.013998673 -7.123602867 -0.990552783 -0.029620038 0.133895710 -41.614921570
0.150835454 0.017409064 0.988405585 171.316040039 -0.032528494 0.999390900 -0.012638547 -7.142144203 -0.988023520 -0.030245004 0.151309878 -41.504039764
0.166365311 0.016611047 0.985924244 171.938079834 -0.038005315 0.999223173 -0.010422075 -7.157769203 -0.985331535 -0.035736490 0.166867390 -41.376968384
0.181117252 0.013029537 0.983375192 172.567123413 -0.039946072 0.999184549 -0.005881773 -7.175681591 -0.982649922 -0.038216684 0.181490034 -41.247169495
0.193361551 0.009163946 0.981084764 173.193786621 -0.036538355 0.999329925 -0.002133039 -7.190516472 -0.980446994 -0.035434786 0.193566799 -41.119083405
0.204428539 0.008094670 0.978848040 173.811508179 -0.034010287 0.999420762 -0.001161883 -7.203162193 -0.978290439 -0.033053387 0.204585448 -40.989128113
0.214319065 0.011969330 0.976690292 174.414184570 -0.038447734 0.999253333 -0.003809101 -7.219460964 -0.976006746 -0.036735170 0.214619190 -40.843318939
0.223447725 0.019049361 0.974529743 175.004196167 -0.042621206 0.999043643 -0.009756022 -7.238031387 -0.973783612 -0.039355673 0.224045917 -40.693283081
0.232788265 0.028557273 0.972108066 175.590209961 -0.042597856 0.998908877 -0.019143792 -7.256929398 -0.971594095 -0.036953270 0.233750775 -40.549255371
0.240858570 0.034363270 0.969951630 176.186447144 -0.037060346 0.998969793 -0.026188482 -7.270444870 -0.969852328 -0.029639030 0.241883919 -40.400489807
0.247072548 0.032461699 0.968453228 176.786010742 -0.036683161 0.999035537 -0.024128167 -7.288588047 -0.968302369 -0.029564513 0.248025104 -40.240955353
0.252980322 0.025150497 0.967144370 177.392623901 -0.039414480 0.999100149 -0.015671669 -7.302553177 -0.966668189 -0.034154873 0.253743976 -40.071826935
0.257293731 0.014314597 0.966227233 178.000900269 -0.043623846 0.999042928 -0.003184296 -7.325086594 -0.965348065 -0.041331246 0.257671922 -39.895675659
0.259818494 0.006298156 0.965636969 178.611404419 -0.044214353 0.999007583 0.005380695 -7.343368053 -0.964644730 -0.044093013 0.259839058 -39.729236603
0.260655791 0.005956088 0.965413451 179.213928223 -0.041156147 0.999140501 0.004947745 -7.354607105 -0.964554191 -0.041022353 0.260676891 -39.568794250
0.261730969 0.007711618 0.965110064 179.812942505 -0.037323847 0.999300957 0.002137140 -7.362079144 -0.964418888 -0.036580972 0.261835754 -39.403087616
0.263640940 0.007341511 0.964592874 180.418518066 -0.034038376 0.999419153 0.001696738 -7.365353584 -0.964020133 -0.033280503 0.263737649 -39.242286682
0.265338421 0.005109055 0.964141786 181.027328491 -0.036253244 0.999331653 0.004681611 -7.368752956 -0.963473499 -0.036195479 0.265346318 -39.067214966
0.267994821 0.001781270 0.963418722 181.646301270 -0.037230957 0.999270439 0.008509000 -7.373041153 -0.962700725 -0.038149361 0.267865628 -38.888782501
0.271179080 -0.003613041 0.962522089 182.261199951 -0.036378637 0.999239981 0.014000111 -7.382151604 -0.961841226 -0.038811781 0.270841539 -38.711338043
0.275900722 -0.006396526 0.961164832 182.884521484 -0.034504209 0.999267399 0.016554467 -7.382072449 -0.960566640 -0.037731614 0.275477916 -38.533622742
0.282250941 -0.008304810 0.959304631 183.506408691 -0.032902453 0.999290466 0.018331690 -7.370697975 -0.958776116 -0.036737617 0.281777501 -38.345375061
0.290122002 -0.011358709 0.956922174 184.124740601 -0.031579014 0.999271512 0.021435594 -7.368901730 -0.956468523 -0.036437605 0.289551884 -38.152927399
0.299980849 -0.012966277 0.953857064 184.736450195 -0.029001324 0.999321461 0.022704994 -7.366353989 -0.953504264 -0.034474183 0.299401343 -37.956871033
0.311381578 -0.010958998 0.950221777 185.357452393 -0.030366583 0.999308109 0.021476055 -7.365689278 -0.949799657 -0.035542235 0.310833335 -37.748069763
0.322547913 -0.007353438 0.946524560 185.970581055 -0.031782772 0.999321818 0.018594256 -7.365925789 -0.946019411 -0.036080714 0.322095454 -37.521038055
0.334426820 -0.004551829 0.942410648 186.591339111 -0.032214921 0.999348700 0.016258724 -7.361680031 -0.941870987 -0.035797041 0.334062338 -37.293659210
0.346290410 -0.004293100 0.938117445 187.212173462 -0.030717663 0.999401450 0.015912464 -7.357419014 -0.937624335 -0.034327105 0.345951289 -37.059951782
0.357270032 -0.007352142 0.933972239 187.838363647 -0.029846089 0.999368608 0.019283885 -7.351672173 -0.933524191 -0.034764983 0.356824905 -36.810119629
