1.000000000 0.000000000 0.000000000 0.000000000 0.000000000 1.000000000 0.000000000 0.000000000 0.000000000 0.000000000 1.000000000 0.000000000
0.999873897 0.001088013 0.015843177 0.011168884 -0.001074223 0.999999037 -0.000878862 -0.002454217 -0.015844118 0.000861732 0.999874103 0.130408674
0.999298029 0.004008303 0.037247592 0.030245208 -0.003993395 0.999991914 -0.000474648 -0.002762902 -0.037249193 0.000325570 0.999305955 0.282474658
0.997900844 0.005681095 0.064510702 0.060451854 -0.005741264 0.999983240 0.000747353 -0.001338731 -0.064505375 -0.001116157 0.997916735 0.444462032
0.995096257 0.005311837 0.098768539 0.104717310 -0.005654098 0.999978941 0.003185697 -0.001941770 -0.098749537 -0.003728522 0.995105335 0.616287772
0.990562986 0.002452813 0.137036324 0.168278364 -0.003156380 0.999982930 0.004917103 0.001453354 -0.137021924 -0.005303239 0.990553819 0.808259880
0.984241021 -0.000307820 0.176831891 0.244868204 -0.000573950 0.999987657 0.004935317 0.004590419 -0.176831228 -0.004959034 0.984228695 1.015247213
0.975322712 -0.000066432 0.220784065 0.323365111 -0.001336994 0.999979842 0.006207111 0.004274348 -0.220780027 -0.006349123 0.975302962 1.213424137
0.963108982 -0.000258078 0.269111543 0.419132858 -0.002192334 0.999958832 0.008804988 0.007555086 -0.269102737 -0.009070146 0.963068767 1.427052493
0.948526611 -0.003913246 0.316673262 0.537119745 -0.001249842 0.999869615 0.016099383 0.000387185 -0.316694974 -0.015666485 0.948398047 1.645775515
0.931407232 -0.013129740 0.363741912 0.673206900 0.004833701 0.999707230 0.023708437 0.001353134 -0.363946705 -0.020323990 0.931198009 1.854796667
0.909718818 -0.017400352 0.414860097 0.825969216 0.006445615 0.999592961 0.027791471 0.008573800 -0.415174815 -0.022608395 0.909460683 2.085220052
0.883913280 -0.018356192 0.467290449 0.973879898 0.003978862 0.999488373 0.031735790 0.009372114 -0.467633919 -0.026192402 0.883534083 2.311333185
0.854951017 -0.020431520 0.518306195 1.159213304 0.001984596 0.999345476 0.036120375 0.014731015 -0.518704946 -0.029852523 0.854431979 2.548883168
0.821840034 -0.025315680 0.569155580 1.341642231 0.003001156 0.999190771 0.040109812 0.019223196 -0.569710410 -0.031255725 0.821250953 2.767131241
0.785211390 -0.030591697 0.618471682 1.564431462 0.004973651 0.999058286 0.043102250 0.023465598 -0.619207830 -0.030768316 0.784624098 2.974032731
0.746393897 -0.034198710 0.664625157 1.805350644 0.005334773 0.998954157 0.045410712 0.027505383 -0.665483051 -0.030348654 0.745795728 3.186718750
0.705347003 -0.037196866 0.707885583 2.085057624 0.006216839 0.998908488 0.046294538 0.050342066 -0.708834929 -0.028252903 0.704808355 3.416303866
0.662423552 -0.038827124 0.748122645 2.379491925 0.005253340 0.998872149 0.047189317 0.065491752 -0.749111100 -0.027329172 0.661880410 3.638977275
0.619104505 -0.038542374 0.784362224 2.705156345 0.000140097 0.998800291 0.048968957 0.083165967 -0.785308597 -0.030207016 0.618367159 3.854394515
0.577006317 -0.039118614 0.815802332 3.053485121 -0.002437718 0.998765390 0.049616059 0.100990200 -0.816736046 -0.030617476 0.576198579 4.053090135
0.536313093 -0.039537316 0.843092561 3.429575001 -0.004036751 0.998770630 0.049405812 0.137568998 -0.844009461 -0.029900338 0.535494164 4.259661856
0.497435223 -0.041050585 0.866529312 3.845299002 -0.005009319 0.998727181 0.050188893 0.170479802 -0.867486660 -0.029306445 0.496596443 4.465211543
0.460138484 -0.040010599 0.886945166 4.262853169 -0.008186108 0.998750415 0.049301071 0.197695849 -0.887809418 -0.029945949 0.459235971 4.641272475
0.423653683 -0.039096079 0.904980140 4.721215191 -0.008829986 0.998842426 0.047284660 0.218111084 -0.905781203 -0.028023283 0.422818055 4.825617838
0.389879474 -0.036645194 0.920136471 5.218236758 -0.008361957 0.999025813 0.043330149 0.248683648 -0.920827928 -0.024587678 0.389193233 5.004576987
0.360352413 -0.034967172 0.932160628 5.742541667 -0.006198397 0.999185348 0.039877562 0.265236345 -0.932795647 -0.020147877 0.359842110 5.178781060
0.334523163 -0.032996531 0.941809685 6.282373864 -0.004708202 0.999315840 0.036683588 0.285058205 -0.942375767 -0.016705740 0.334138941 5.358431164
0.314477130 -0.032695981 0.948701801 6.856695767 -0.003292500 0.999363067 0.035533369 0.303172375 -0.949259340 -0.014298033 0.314169177 5.531230510
0.300322490 -0.033111050 0.953262850 7.453750706 -0.001705442 0.999377067 0.035250095 0.321310220 -0.953836199 -0.012212131 0.300078940 5.698107685
0.288892210 -0.034335748 0.956745707 8.085430365 -0.000357864 0.999352702 0.035972888 0.342306087 -0.957361563 -0.010734672 0.288692923 5.879123326
0.277875033 -0.035567129 0.959958564 8.744283847 -0.002621015 0.999282538 0.037782803 0.372150771 -0.960613656 -0.013014963 0.277582446 6.072198145
0.267730500 -0.037116833 0.962778645 9.407175663 -0.004065251 0.999205296 0.039651614 0.389991384 -0.963485264 -0.014529884 0.267366844 6.243931537
0.257966125 -0.038858972 0.965372187 10.103114010 -0.005360391 0.999117894 0.041649733 0.413776417 -0.966139092 -0.015918993 0.257530272 6.422740693
0.248311246 -0.040141270 0.967848234 10.823725101 -0.006420351 0.999050884 0.043082598 0.445418433 -0.968659024 -0.016911819 0.247817849 6.593682420
0.238141453 -0.040838022 0.970371529 11.542264613 -0.005985407 0.999034922 0.043513214 0.488497179 -0.971212038 -0.016170369 0.237667196 6.760875552
0.227683167 -0.042241583 0.972818598 12.314217866 -0.006432555 0.998971554 0.044882699 0.511280393 -0.973714022 -0.016476745 0.227177286 6.942478377
0.217233810 -0.044857362 0.975088349 13.100729057 -0.007120479 0.998844120 0.047536534 0.546665667 -0.976093628 -0.017269639 0.216663307 7.118577521
0.205316149 -0.048590430 0.977488746 13.887018796 -0.008911396 0.998632550 0.051513267 0.569887541 -0.978655131 -0.019287294 0.204602381 7.295337876
0.192928714 -0.051750044 0.979847154 14.696590032 -0.010178358 0.998448951 0.054736573 0.614347066 -0.981159983 -0.020533491 0.192102741 7.458971792
0.180209536 -0.053858076 0.982152651 15.489610581 -0.011003586 0.998326985 0.056764008 0.645968509 -0.983566695 -0.021036617 0.179315411 7.600967390
0.165943353 -0.053893035 0.984661538 16.301957800 -0.010698470 0.998348380 0.056445146 0.683309293 -0.986077252 -0.019901068 0.165092705 7.740915054
0.151171574 -0.052471339 0.987113932 17.124037923 -0.011825818 0.998422730 0.054883538 0.717077491 -0.988436799 -0.019970261 0.150312619 7.873228903
0.134920638 -0.051117471 0.989536975 17.954197740 -0.012154631 0.998507869 0.053238139 0.750984771 -0.990781856 -0.019210381 0.134098005 7.977839634
0.114638452 -0.049403028 0.992178092 18.769758025 -0.014282352 0.998577460 0.051371884 0.780644628 -0.993304606 -0.020059830 0.113769783 8.069951640
0.089250204 -0.047362207 0.994882517 19.621593460 -0.018829507 0.998610019 0.049228840 0.816451524 -0.995831236 -0.023126831 0.088234341 8.149714640
0.059116126 -0.046913734 0.997148126 20.480450954 -0.022777932 0.998571615 0.048331100 0.847182662 -0.997991207 -0.025570119 0.057963088 8.190107424
0.025769596 -0.046378861 0.998591473 21.331929483 -0.025238311 0.998574617 0.047029377 0.877645790 -0.999349266 -0.026414690 0.024562341 8.203904628
-0.009841047 -0.045776752 0.998903220 22.174179613 -0.026400999 0.998615253 0.045503456 0.901218496 -0.999602992 -0.025924241 -0.011035972 8.200654743
-0.043734910 -0.044318134 0.998059698 23.017208005 -0.026199104 0.998722888 0.043199539 0.923702962 -0.998699587 -0.024258942 -0.044840151 8.152929659
-0.076267326 -0.042483448 0.996181937 23.859131371 -0.027940061 0.998790617 0.040455618 0.942947072 -0.996695865 -0.024747942 -0.077362079 8.077404572
-0.108512768 -0.039457182 0.993311688 24.726693859 -0.030142343 0.998883138 0.036385643 0.969519885 -0.993637971 -0.025992435 -0.109580907 7.974909427
-0.140724471 -0.034628324 0.989443026 25.565478568 -0.027036992 0.999149829 0.031122679 0.985506054 -0.989679556 -0.022371841 -0.141541077 7.839398557
-0.171793673 -0.028936593 0.984707879 26.397144834 -0.020172698 0.999462255 0.025850804 0.991154368 -0.984926391 -0.015423210 -0.172285021 7.669315899
-0.202012589 -0.022135537 0.979132745 27.229183343 -0.013098775 0.999716198 0.019898362 0.996938511 -0.979295326 -0.008805720 -0.202245206 7.478334864
-0.230916561 -0.016510188 0.972833468 28.066186092 -0.006999278 0.999858336 0.015307450 0.994790195 -0.972948381 -0.003274388 -0.230999407 7.268765086
-0.259077959 -0.011230135 0.965791124 28.861332942 -0.000395237 0.999933552 0.011521116 0.986652927 -0.965856332 0.002603151 -0.259065183 7.043157677
-0.284551125 -0.000497590 0.958660737 29.688334360 0.007556534 0.999967635 0.002761972 0.973501734 -0.958631084 0.008030074 -0.284538156 6.762310612
-0.310284983 0.015295138 0.950520535 30.495944614 0.012027960 0.999853689 -0.012162604 0.962197406 -0.950567492 0.007658949 -0.310423554 6.496638727
-0.335416844 0.032330758 0.941514877 31.280523697 0.011946143 0.999476548 -0.030065268 0.942325683 -0.941994071 0.001163074 -0.335627497 6.219320904
-0.360604317 0.047121498 0.931527826 32.047711144 0.012229553 0.998876036 -0.045794129 0.899786837 -0.932638711 -0.005121391 -0.360775286 5.913399988
-0.384235188 0.057614649 0.921435767 32.779102491 0.016064553 0.998317025 -0.055722949 0.865788063 -0.923095472 -0.006608264 -0.384514084 5.561127232
-0.407712870 0.061694677 0.911023591 33.532667763 0.019472970 0.998075414 -0.058875051 0.810187448 -0.912902524 -0.006263781 -0.408129570 5.208585257
-0.430094527 0.061875744 0.900660918 34.281894853 0.024051431 0.998079679 -0.057083119 0.751254702 -0.902463421 -0.002888953 -0.430756808 4.843291258
-0.449908190 0.057863801 0.891198295 35.003507337 0.028575067 0.998320578 -0.050393348 0.689522300 -0.892617548 0.002793671 -0.450806066 4.465930654
-0.467353780 0.057213619 0.882217120 35.729435727 0.036331498 0.998303652 -0.045495493 0.634992359 -0.883323534 0.010789779 -0.468639642 4.059538774
-0.481069984 0.057779937 0.874776057 36.437338343 0.038965558 0.998248876 -0.044506930 0.595595455 -0.875815823 0.012675189 -0.482478998 3.666339418
-0.491927571 0.061598076 0.868454341 37.125760468 0.041909360 0.998013057 -0.047048317 0.541412711 -0.869626857 0.013252001 -0.493531675 3.258259291
-0.502283640 0.063929089 0.862336487 37.822413981 0.041452698 0.997896914 -0.049833944 0.500224293 -0.863708758 0.010715399 -0.503877328 2.856006417
-0.513217476 0.063012575 0.855942310 38.478591482 0.035034891 0.998008035 -0.052464445 0.444978085 -0.857543222 0.003062176 -0.514402804 2.466225796
-0.524579302 0.061740945 0.849119904 39.172860123 0.034202263 0.998090091 -0.051442943 0.394871906 -0.850674298 0.002055919 -0.525689083 2.043309126
-0.533732500 0.062711770 0.843324879 39.861012967 0.035629277 0.998028621 -0.051666493 0.345906466 -0.844902463 0.002470969 -0.534914686 1.619574792
-0.541061444 0.065472527 0.838430595 40.540422716 0.037143103 0.997852466 -0.053952255 0.302634116 -0.840162427 0.001950429 -0.542331349 1.182018287
-0.544893126 0.068132422 0.835732884 41.226521601 0.037900816 0.997675949 -0.056623577 0.249919164 -0.837648500 0.000821160 -0.546209041 0.736920447
-0.545044622 0.070237517 0.835459785 41.935355129 0.036812865 0.997528556 -0.059846418 0.200868015 -0.837598456 -0.001863300 -0.546283218 0.290018132
-0.542195655 0.070487787 0.837290477 42.656963647 0.038034869 0.997512588 -0.059346326 0.146759231 -0.839390982 -0.000331086 -0.543527985 -0.154258421
-0.536477511 0.069743484 0.841027780 43.396927333 0.035441988 0.997561966 -0.060116465 0.101109724 -0.843170057 -0.002443435 -0.537641409 -0.621697711
-0.529756406 0.068284945 0.845396544 44.156522094 0.032720385 0.997657161 -0.060079653 0.041435709 -0.847518452 -0.004165881 -0.530749582 -1.083193252
-0.522428359 0.067781014 0.849984908 44.942013385 0.030361787 0.997682135 -0.060897608 -0.013949352 -0.852142460 -0.006007577 -0.523275394 -1.575895448
-0.516206222 0.066400112 0.853886504 45.728609448 0.026283561 0.997748746 -0.061697767 -0.064685467 -0.856060927 -0.009405593 -0.516789342 -2.053764328
-0.512463923 0.064157726 0.856308656 46.529439135 0.021223678 0.997846688 -0.062060806 -0.119086888 -0.858446436 -0.013629905 -0.512722091 -2.509645930
-0.511406967 0.061311831 0.857148630 47.340628293 0.017094980 0.997979978 -0.061185991 -0.190937110 -0.859168596 -0.016638003 -0.511422038 -2.977026202
-0.512180371 0.059062952 0.856844697 48.149987821 0.014253310 0.998079832 -0.060278456 -0.255179831 -0.858759635 -0.018660569 -0.512038741 -3.449835211
-0.513123901 0.057982297 0.856353849 48.981348001 0.013578182 0.998139151 -0.059446350 -0.326861761 -0.858207140 -0.018875614 -0.512956349 -3.951563896
-0.513815242 0.057182798 0.855993005 49.824942871 0.013060283 0.998181877 -0.058841906 -0.391611210 -0.857801449 -0.019054357 -0.513627886 -4.450391443
-0.514373396 0.056098470 0.855729497 50.698465279 0.011626340 0.998222559 -0.058451273 -0.464245987 -0.857487515 -0.020116778 -0.514111347 -4.961963797
-0.514787043 0.055420605 0.855524902 51.603787422 0.011555172 0.998266263 -0.057714355 -0.537265881 -0.857240211 -0.019824865 -0.514534932 -5.488617382
-0.515102950 0.054818876 0.855373510 52.503472301 0.010546697 0.998282508 -0.057626393 -0.616343256 -0.857063427 -0.020662159 -0.514796423 -6.037392301
-0.515561822 0.053219169 0.855198064 53.422981116 0.008402204 0.998335319 -0.057061309 -0.690348718 -0.856811187 -0.022233084 -0.515150734 -6.567360623
-0.516320813 0.052321821 0.854795441 54.278850583 0.007703717 0.998375308 -0.056457045 -0.761173806 -0.856360596 -0.022564845 -0.515885023 -7.052098963
-0.516056935 0.051684649 0.854993530 55.159772060 0.006460929 0.998384353 -0.056452986 -0.838046753 -0.856529915 -0.023608903 -0.515557101 -7.568815071
-0.514690142 0.050598630 0.855881906 56.074161798 0.005841493 0.998440837 -0.055513710 -0.895443988 -0.857356364 -0.023572732 -0.514183228 -8.112393377
-0.513099758 0.048278228 0.856970158 56.935077020 0.004739848 0.998561046 -0.053416964 -0.961962408 -0.858315893 -0.023346323 -0.512590262 -8.602536389
-0.510979130 0.047033190 0.858305428 57.808064739 0.004736289 0.998640870 -0.051903576 -1.023024180 -0.859580069 -0.022456462 -0.510507406 -9.110800414
-0.509245872 0.046774189 0.859349066 58.685654141 0.003707154 0.998631939 -0.052158486 -1.083694431 -0.860613095 -0.023375754 -0.508722592 -9.616625274
-0.507140809 0.047675248 0.860543590 59.566740851 0.004640927 0.998605455 -0.052589037 -1.145604765 -0.861850719 -0.022676326 -0.506654836 -10.133067173
-0.506111464 0.048374423 0.861110388 60.436305804 0.004533379 0.998561226 -0.053431510 -1.215300655 -0.862456164 -0.023138560 -0.505602584 -10.647965991
-0.507238292 0.049512576 0.860382369 61.296696233 0.004264732 0.998480250 -0.054945448 -1.293748601 -0.861795293 -0.024201135 -0.506678574 -11.137704110
-0.510548262 0.050577312 0.858360302 62.142039034 0.002319417 0.998345913 -0.057446131 -1.379952771 -0.859845970 -0.027338127 -0.509821081 -11.622062050
-0.515161079 0.050578525 0.855599717 63.024968070 0.000509653 0.998275193 -0.058705879 -1.464562784 -0.857093229 -0.029806925 -0.514298303 -12.134308233
-0.521066967 0.049411420 0.852084343 63.878906530 0.002379715 0.998403098 -0.056441038 -1.537258612 -0.853512479 -0.027381843 -0.520352460 -12.645311313
-0.526772589 0.046772708 0.848718418 64.724081121 0.002724034 0.998572671 -0.053340425 -1.614158550 -0.850001894 -0.025786336 -0.526148121 -13.162585575
-0.532430755 0.044190454 0.845319285 65.578606019 0.000263371 0.998644971 -0.052039921 -1.689416347 -0.846473521 -0.027485022 -0.531720935 -13.688156361
-0.537244045 0.047970991 0.842061530 66.423762263 0.002829770 0.998478134 -0.055076389 -1.759139830 -0.843422094 -0.027206621 -0.536562178 -14.228497918
-0.542483994 0.049252834 0.838621056 67.245610426 0.002404440 0.998366744 -0.057079441 -1.829848142 -0.840062697 -0.028948269 -0.541716404 -14.749710215
-0.547526583 0.049818346 0.835304001 68.071763520 0.000538389 0.998246974 -0.059183520 -1.906361913 -0.836788116 -0.031954831 -0.546593576 -15.276722726
-0.551621255 0.049440266 0.832628159 68.899550482 -0.001680498 0.998173839 -0.060383471 -1.980438539 -0.834093020 -0.034708036 -0.550530822 -15.802637604
-0.555078148 0.049132037 0.830345887 69.716210080 -0.000427490 0.998237023 -0.059352024 -2.053347604 -0.831798093 -0.033299977 -0.554078555 -16.337385162
-0.557420366 0.042001784 0.829167284 70.526582939 -0.000289634 0.998709581 -0.050784724 -2.124688469 -0.830230361 -0.028548595 -0.556688895 -16.880004329
-0.559486822 0.033431725 0.828164728 71.339011695 -0.000919122 0.999160549 -0.040955497 -2.194547632 -0.828838737 -0.023675245 -0.558986432 -17.423602825
-0.561317829 0.032072152 0.826978640 72.141236071 -0.000079267 0.999246725 -0.038806912 -2.254380296 -0.827600319 -0.021848564 -0.560892460 -17.956271715
-0.562016971 0.036504273 0.826319770 72.930769989 0.000622894 0.999044021 -0.043711042 -2.323519858 -0.827125466 -0.024051638 -0.561502433 -18.499666359
-0.563500972 0.043145250 0.824987965 73.724064109 0.002282341 0.998712752 -0.050671782 -2.376259056 -0.826112248 -0.026670694 -0.562874079 -19.034661627
-0.563454854 0.047297101 0.824791859 74.506604986 0.008128447 0.998628921 -0.051712732 -2.441256826 -0.826106867 -0.022433513 -0.563066765 -19.581904624
-0.563746582 0.048909491 0.824498425 75.297355529 0.011441819 0.998611845 -0.051414665 -2.501521559 -0.825868558 -0.019551080 -0.563523628 -20.120003672
-0.563568693 0.045541592 0.824812883 76.078140883 0.009795640 0.998777385 -0.048453894 -2.563414288 -0.826011122 -0.019227528 -0.563325774 -20.644237577
-0.563526934 0.040951485 0.825082038 76.859678851 0.007972304 0.998993623 -0.044138235 -2.611702394 -0.826059221 -0.018295279 -0.563286291 -21.162684927
-0.562444177 0.034328749 0.826122318 77.646198178 0.004436116 0.999248652 -0.038502638 -2.666756478 -0.826823360 -0.017990810 -0.562173872 -21.697107868
-0.562091988 0.028728495 0.826575629 78.428124145 -0.004167596 0.999285485 -0.037565274 -2.717971023 -0.827064223 -0.024559973 -0.561570636 -22.204844639
-0.560011289 0.023504612 0.828151489 79.223462058 -0.012147683 0.999257060 -0.036575420 -2.760395450 -0.828395914 -0.030542770 -0.559309708 -22.746758050
-0.558042067 0.024409667 0.829453567 80.011136508 -0.009074450 0.999327980 -0.035513969 -2.812318944 -0.829763042 -0.027345124 -0.557445548 -23.273781254
-0.554585601 0.028232900 0.831647590 80.788609584 -0.005214062 0.999286737 -0.037400946 -2.862216011 -0.832110344 -0.025078289 -0.554042828 -23.800885865
-0.549605966 0.031719709 0.834821623 81.579871421 -0.002835384 0.999202362 -0.039832165 -2.912611811 -0.835419202 -0.024259035 -0.549077641 -24.316802615
-0.541882515 0.034600091 0.839741731 82.359526212 0.003201164 0.999229947 -0.039105823 -2.963747446 -0.840448150 -0.018502611 -0.541575997 -24.824829425
-0.533740284 0.038297164 0.844780821 83.146119357 0.010584091 0.999198287 -0.038610376 -3.016469436 -0.845582217 -0.011666676 -0.533717718 -25.328347950
-0.524388942 0.037095516 0.850670418 83.947430727 0.006878785 0.999202511 -0.039332240 -3.063103910 -0.851451067 -0.014773813 -0.524225919 -25.811369910
-0.513835443 0.034937116 0.857177074 84.745270376 0.004882225 0.999273320 -0.037802071 -3.110609033 -0.857874875 -0.015239113 -0.513632619 -26.277668598
-0.502087763 0.031773288 0.864232802 85.549029599 0.005745572 0.999425361 -0.033405639 -3.169750539 -0.864797587 -0.011807051 -0.501981800 -26.748946492
-0.491213983 0.030853052 0.870492339 86.352676534 0.004658362 0.999451241 -0.032795083 -3.215107043 -0.871026476 -0.012054335 -0.491088150 -27.197466989
-0.479978685 0.030179898 0.876760877 87.167484432 0.003885345 0.999471415 -0.032276831 -3.253550351 -0.877271547 -0.012085672 -0.479842235 -27.626742933
-0.468798860 0.030571289 0.882775750 87.981191972 0.003293143 0.999454436 -0.032863147 -3.299720462 -0.883298808 -0.012499099 -0.468643776 -28.045379038
-0.456915588 0.034255721 0.888850207 88.794408179 0.003188696 0.999314843 -0.036873801 -3.359506894 -0.889504344 -0.014013941 -0.456711760 -28.457635397
-0.445792850 0.043301830 0.894088187 89.607136876 0.005069431 0.998935377 -0.045852092 -3.407490029 -0.895121800 -0.015908016 -0.445537764 -28.854980142
-0.433336429 0.047575338 0.899975625 90.429542136 0.002695914 0.998669639 -0.051494515 -3.455206854 -0.901228202 -0.019888192 -0.432888194 -29.249640060
-0.422593751 0.044023586 0.905249383 91.254642744 0.000679719 0.998834699 -0.048257464 -3.511497512 -0.906318961 -0.019777988 -0.422131226 -29.617778053
-0.411498070 0.040466075 0.910511853 92.084324353 -0.000988417 0.998993459 -0.044845188 -3.572012224 -0.911410095 -0.019353674 -0.411043884 -29.976878449
-0.402581629 0.040811636 0.914473861 92.918424201 -0.004904570 0.998895124 -0.046738388 -3.625742163 -0.915370951 -0.023301118 -0.401936663 -30.322248673
-0.396178726 0.045205027 0.917059934 93.751103157 -0.009829950 0.998521224 -0.053467167 -3.687495071 -0.918120792 -0.030197208 -0.395148503 -30.663666461
-0.391311070 0.049959437 0.918901355 94.598463329 -0.016124294 0.997999785 -0.061126389 -3.748444293 -0.920117195 -0.038736068 -0.389722804 -31.008336221
-0.388059200 0.052323006 0.920148010 95.425635677 -0.017770657 0.997776770 -0.064231782 -3.815142366 -0.921463109 -0.041277368 -0.386266640 -31.342365763
-0.384503697 0.051805040 0.921668674 96.252138093 -0.020328575 0.997706768 -0.064559698 -3.883263010 -0.922899591 -0.043559654 -0.382568818 -31.683011504
-0.379931828 0.051499498 0.923579779 97.063938856 -0.022784256 0.997625051 -0.065001048 -3.952793793 -0.924733845 -0.045739045 -0.377856131 -32.012024845
-0.374138672 0.047516580 0.926154646 97.877842889 -0.024088453 0.997851575 -0.060926020 -4.027118772 -0.927059869 -0.045104412 -0.372190262 -32.343106736
-0.369117424 0.043984954 0.928341344 98.714269624 -0.024324863 0.998080031 -0.056960982 -4.093207260 -0.929064383 -0.043607067 -0.367338802 -32.664859742
-0.363403566 0.040990487 0.930729621 99.583660579 -0.026576736 0.998168881 -0.054337488 -4.160782351 -0.931252665 -0.044482192 -0.361648738 -32.995205617
-0.358652322 0.038946643 0.932658389 100.426977502 -0.036072352 0.997804713 -0.055538639 -4.221609260 -0.932773980 -0.053562244 -0.356460080 -33.288777250
-0.352511160 0.039094667 0.934990636 101.274036638 -0.042960546 0.997397540 -0.057901111 -4.288853033 -0.934820985 -0.060578496 -0.349914236 -33.589160509
-0.345356112 0.043136281 0.937479822 102.111693060 -0.041434642 0.997268111 -0.061151337 -4.356556488 -0.937556572 -0.059963128 -0.342625301 -33.895875562
-0.337859053 0.046648472 0.940039989 102.948343386 -0.040109634 0.997150053 -0.063898270 -4.419704747 -0.940341681 -0.059293268 -0.335025119 -34.209192895
-0.331198934 0.045032649 0.942485717 103.822019624 -0.041116103 0.997222880 -0.062096641 -4.488071257 -0.942664698 -0.059317681 -0.328427588 -34.517437666
-0.324962937 0.040104591 0.944876030 104.672580101 -0.042415374 0.997477072 -0.056924753 -4.553520795 -0.944775119 -0.058575705 -0.322442028 -34.789631422
-0.318102198 0.037544268 0.947312736 105.552432437 -0.044042898 0.997551527 -0.054324704 -4.614131211 -0.947032848 -0.059003206 -0.315669775 -35.070352937
-0.312440480 0.041037923 0.949050492 106.418171840 -0.046984433 0.997176035 -0.058586843 -4.669078741 -0.948774689 -0.062895500 -0.309630015 -35.339127998
-0.306212237 0.043178164 0.950983550 107.248829842 -0.047498000 0.997033623 -0.060563140 -4.742006521 -0.950777580 -0.063714991 -0.303253020 -35.603436716
-0.299084877 0.044300132 0.953197637 108.099041478 -0.049288227 0.996871127 -0.061795039 -4.798051866 -0.952952731 -0.065463383 -0.295965603 -35.868751167
-0.292639309 0.043171285 0.955247860 108.979670220 -0.053946489 0.996643911 -0.061568588 -4.853504649 -0.954699959 -0.069549657 -0.289328246 -36.125551994
-0.284092021 0.044076821 0.957783356 109.793440479 -0.047809213 0.997048901 -0.060064692 -4.912765464 -0.957604304 -0.062854768 -0.281146360 -36.371330007
-0.277085274 0.045344164 0.959774795 110.660303357 -0.046061847 0.997110533 -0.060406049 -4.973801997 -0.959740620 -0.060946626 -0.274196009 -36.609971857
-0.270346200 0.045466777 0.961688985 111.487584864 -0.045779374 0.997147306 -0.060012493 -5.046711147 -0.961674155 -0.060249669 -0.267493545 -36.844858804
-0.264098133 0.044165637 0.963484080 112.348032520 -0.052422195 0.996817114 -0.060062919 -5.113126070 -0.963070137 -0.066370455 -0.260942279 -37.060972538
-0.258279654 0.042423589 0.965138259 113.197894395 -0.056506531 0.996661509 -0.058930878 -5.179152063 -0.964416213 -0.069757262 -0.255020180 -37.273416795
-0.254057609 0.042914173 0.966236568 114.070673885 -0.053792722 0.996841884 -0.058417470 -5.243220090 -0.965692018 -0.066817898 -0.250946795 -37.486840468
-0.249691558 0.043011852 0.967369684 114.928181062 -0.052626991 0.996933709 -0.057910106 -5.310000460 -0.966894268 -0.065369420 -0.246662347 -37.697702754
-0.245353011 0.044683352 0.968403479 115.785386705 -0.051642993 0.996916337 -0.059083149 -5.370667540 -0.968057282 -0.064507482 -0.242288843 -37.895277235
-0.239198621 0.043700277 0.969986755 116.642323109 -0.046579538 0.997320075 -0.056418218 -5.429060299 -0.969852755 -0.058676695 -0.236522048 -38.113825913
-0.233634232 0.043121387 0.971367897 117.496576080 -0.039071693 0.997792850 -0.053692012 -5.491214333 -0.971539216 -0.050497280 -0.231433740 -38.323269123
-0.228501671 0.042577440 0.972612023 118.375943597 -0.037771607 0.997903256 -0.052558512 -5.550405291 -0.972810512 -0.048746827 -0.226414343 -38.533887028
-0.224716785 0.044488584 0.973407999 119.237119799 -0.039390064 0.997725940 -0.054693430 -5.608522323 -0.973627644 -0.050633135 -0.222453358 -38.717603072
-0.221066292 0.046249953 0.974161504 120.103871489 -0.041247758 0.997537694 -0.056720123 -5.672196239 -0.974386123 -0.052720885 -0.218614252 -38.911216803
-0.219734559 0.045548878 0.974495779 120.968023379 -0.043998484 0.997430273 -0.056541874 -5.738574432 -0.974567010 -0.055300541 -0.217165819 -39.087326454
-0.218820788 0.044582241 0.974746063 121.852781576 -0.044415110 0.997465195 -0.055592103 -5.795671231 -0.974753692 -0.055458161 -0.216285995 -39.276151486
-0.217791262 0.040267065 0.975164360 122.714952186 -0.042391311 0.997815379 -0.050669975 -5.855029712 -0.975074327 -0.052373974 -0.215608497 -39.465659284
-0.217181947 0.035255515 0.975494260 123.586124652 -0.043224301 0.998019945 -0.045692986 -5.918251027 -0.975173657 -0.052088749 -0.215228020 -39.642427161
-0.216134255 0.033392841 0.975792448 124.440839966 -0.044260135 0.998052468 -0.043958055 -5.972302887 -0.975359946 -0.052689547 -0.214235355 -39.828457211
-0.215593413 0.037364397 0.975768099 125.284827355 -0.045465843 0.997799803 -0.048253601 -6.031788559 -0.975424183 -0.054767278 -0.213420261 -39.997575420
-0.215270562 0.041667260 0.975665119 126.131041083 -0.044587048 0.997628056 -0.052442898 -6.083102011 -0.975536048 -0.054791439 -0.212902132 -40.180667101
-0.215149234 0.040987709 0.975720664 126.988698599 -0.046955483 0.997529108 -0.052257650 -6.141046249 -0.975451685 -0.057058628 -0.212693026 -40.363293103
-0.214266049 0.039553712 0.975974162 127.812776922 -0.049205517 0.997474082 -0.051227662 -6.205018748 -0.975535175 -0.058999662 -0.211778569 -40.535817074
-0.213336889 0.040125635 0.976154345 128.646345659 -0.046052581 0.997632540 -0.051073228 -6.263771227 -0.975892684 -0.055850230 -0.210983934 -40.721214864
-0.212799766 0.042786618 0.976158576 129.495634929 -0.049445706 0.997289207 -0.054491829 -6.311700681 -0.975843933 -0.059862698 -0.210107296 -40.901557398
-0.213321164 0.043348144 0.976019989 130.316150409 -0.055227215 0.996882722 -0.056345311 -6.379286308 -0.975419928 -0.065922513 -0.210262185 -41.059480405
-0.212929363 0.045110307 0.976025689 131.149999277 -0.061298462 0.996349070 -0.059422468 -6.436506527 -0.975142854 -0.072481662 -0.209386781 -41.225866110
-0.212393893 0.048879383 0.975960880 131.963654120 -0.057762406 0.996373784 -0.062472297 -6.501180602 -0.975475442 -0.069642583 -0.208800316 -41.401293202
-0.211958948 0.049617885 0.976018171 132.778813373 -0.057317056 0.996359987 -0.063099376 -6.568290683 -0.975596310 -0.069316965 -0.208343464 -41.570671119
-0.209912261 0.050960735 0.976391236 133.600267442 -0.058756950 0.996178279 -0.064625510 -6.633598392 -0.975953105 -0.070935458 -0.206115738 -41.740170730
-0.207709723 0.051103581 0.976854695 134.409821586 -0.048548231 0.996865166 -0.062473283 -6.692322614 -0.976985026 -0.060400876 -0.204577599 -41.916889797
-0.204717995 0.047390834 0.977673080 135.174453344 -0.046237321 0.997244023 -0.058021274 -6.763074284 -0.977728312 -0.057082983 -0.201962572 -42.077732294
-0.203092649 0.042794751 0.978223893 135.990010680 -0.042601070 0.997712259 -0.052491880 -6.824664239 -0.978232347 -0.052334100 -0.200804924 -42.243413129
-0.199247465 0.042643915 0.979020911 136.819229085 -0.039280922 0.997902203 -0.051460679 -6.885903006 -0.979161609 -0.048710254 -0.197154392 -42.407305540
-0.194352635 0.047164157 0.979797222 137.610443384 -0.040157172 0.997623558 -0.055987836 -6.956625289 -0.980109410 -0.050227269 -0.191996788 -42.566569308
-0.188529354 0.050521628 0.980767173 138.373883069 -0.041244684 0.997387419 -0.059306094 -7.000061291 -0.981201080 -0.051632371 -0.185953058 -42.686921239
-0.180995095 0.051587422 0.982130090 139.154286031 -0.042151499 0.997298834 -0.060152205 -7.051188587 -0.982580290 -0.052285510 -0.178331710 -42.816889769
-0.170355097 0.047504371 0.984237002 139.964836593 -0.038278164 0.997764326 -0.054782585 -7.107381183 -0.984638981 -0.047007278 -0.168155858 -42.968982689
-0.157607190 0.047163569 0.986374965 140.764659615 -0.034296024 0.997994807 -0.053199137 -7.158262696 -0.986906154 -0.042213306 -0.155673634 -43.100029956
-0.144927724 0.050392801 0.988158146 141.560292514 -0.030023767 0.998018330 -0.055299059 -7.208389575 -0.988986617 -0.037682597 -0.143127543 -43.202544660
-0.129996897 0.051928473 0.990153645 142.348775079 -0.028850987 0.998006638 -0.056128158 -7.264104578 -0.991094560 -0.035863396 -0.128239579 -43.302431572
-0.115394922 0.051708943 0.991972881 143.098952664 -0.026696395 0.998121952 -0.055135035 -7.328456724 -0.992960883 -0.032844403 -0.113797762 -43.398893520
-0.103245723 0.053534659 0.993214157 143.903941680 -0.028451595 0.997982979 -0.056749276 -7.380253163 -0.994248876 -0.034117647 -0.101514328 -43.462641278
-0.089806243 0.059360338 0.994188709 144.663596829 -0.033304143 0.997485030 -0.062565555 -7.448769594 -0.995402267 -0.038729381 -0.087603438 -43.517087482
-0.077212430 0.068591550 0.994652422 145.478906885 -0.043289266 0.996459234 -0.072076588 -7.506568949 -0.996074435 -0.048622982 -0.073969761 -43.568386771
-0.065036697 0.076331511 0.994959159 146.236678008 -0.048200380 0.995665949 -0.079536410 -7.563352619 -0.996718090 -0.053130195 -0.061075617 -43.572478381
-0.051979278 0.077079568 0.995669069 146.990461208 -0.048730430 0.995633403 -0.079620797 -7.629132555 -0.997458520 -0.052658014 -0.047996185 -43.601435115
-0.040896056 0.073444373 0.996460454 147.754659023 -0.053065634 0.995727613 -0.075568243 -7.694039245 -0.997753252 -0.055968249 -0.036823960 -43.613518814
-0.030588540 0.071398873 0.996978707 148.513769867 -0.058363124 0.995616048 -0.073091938 -7.758403255 -0.997826682 -0.060422567 -0.026287380 -43.618157015
-0.022771986 0.077240970 0.996752361 149.279666535 -0.064213222 0.994839198 -0.078559741 -7.834712392 -0.997676350 -0.065793642 -0.017694573 -43.599021952
-0.016602517 0.085009341 0.996241822 150.021811834 -0.067994774 0.993976583 -0.085949191 -7.897288262 -0.997547526 -0.069166211 -0.010722322 -43.592840772
-0.012840637 0.088063451 0.996032101 150.760018848 -0.070199083 0.993577013 -0.088751378 -7.958940517 -0.997450353 -0.071060164 -0.006576188 -43.604347702
-0.013558776 0.083464891 0.996418472 151.518603756 -0.074635974 0.993645664 -0.084248237 -8.031582213 -0.997118664 -0.075510966 -0.007243136 -43.592070173
-0.015027732 0.079632083 0.996711041 152.246324741 -0.078979885 0.993614497 -0.080575490 -8.094092294 -0.996762933 -0.079930991 -0.008642439 -43.608708501
-0.017930452 0.076994755 0.996870256 153.000518049 -0.078177117 0.993870171 -0.078169191 -8.160990612 -0.996778229 -0.079334051 -0.011801314 -43.616918748
-0.021099039 0.077550645 0.996765132 153.746302569 -0.077457726 0.993863628 -0.078964488 -8.224200761 -0.996772357 -0.078873235 -0.014962671 -43.625687336
-0.024710841 0.077429448 0.996691555 154.490190051 -0.075301759 0.994019419 -0.079088806 -8.295763635 -0.996854563 -0.077006978 -0.018732482 -43.641536782
-0.028854314 0.076467011 0.996654516 155.227078585 -0.076557577 0.993971931 -0.078477625 -8.362115792 -0.996647564 -0.078565873 -0.022826249 -43.663133086
-0.034689112 0.077175745 0.996413855 155.963906018 -0.079687873 0.993625847 -0.079734054 -8.414835342 -0.996216095 -0.082168005 -0.028318027 -43.675017627
-0.041011169 0.075259437 0.996320280 156.705088177 -0.083326866 0.993427879 -0.078470906 -8.473223495 -0.995678019 -0.086238430 -0.034470506 -43.704932979
-0.046834153 0.072642001 0.996257849 157.432484340 -0.082656195 0.993650107 -0.076337532 -8.547771097 -0.995477029 -0.085922087 -0.040532450 -43.732898642
-0.053053464 0.073133250 0.995910065 158.171471276 -0.083177947 0.993525215 -0.077389123 -8.606039982 -0.995121480 -0.086943516 -0.046626880 -43.754887313
-0.058481555 0.074844652 0.995478873 158.893881751 -0.083155880 0.993354768 -0.079570124 -8.660590929 -0.994819083 -0.087433307 -0.051869159 -43.792082236
-0.062853467 0.077333777 0.995022074 159.600867140 -0.084622261 0.992990088 -0.082521261 -8.727188440 -0.994428738 -0.089387765 -0.055868711 -43.824684980
-0.065145624 0.079434769 0.994709086 160.318305715 -0.084089642 0.992843932 -0.084793033 -8.799186206 -0.994326395 -0.089168626 -0.057999796 -43.865818868
-0.066859763 0.080996164 0.994469403 161.028748961 -0.081247038 0.992947761 -0.086334599 -8.865429655 -0.994448938 -0.086570004 -0.059807553 -43.907042662
-0.066034612 0.080320366 0.994579343 161.747326714 -0.079537471 0.993159524 -0.085486555 -8.924504394 -0.994642258 -0.084751397 -0.059194425 -43.952000140
-0.061888395 0.076110513 0.995176877 162.458315082 -0.075945395 0.993838413 -0.080731066 -9.003219390 -0.995189491 -0.080575417 -0.055726822 -43.991155803
-0.055115539 0.075253924 0.995640058 163.154590582 -0.075782921 0.993964240 -0.079322367 -9.081151799 -0.995599933 -0.079824407 -0.049079912 -44.008477479
-0.044359126 0.075234482 0.996178719 163.831367478 -0.073134801 0.994240115 -0.078344713 -9.155028138 -0.996335069 -0.076330635 -0.038601364 -44.021247188
-0.029341955 0.075806088 0.996690768 164.530694759 -0.072037318 0.994366910 -0.077750075 -9.214962213 -0.996970248 -0.074080269 -0.023715802 -44.038210075
-0.013776657 0.073445123 0.997204100 165.214454673 -0.073028836 0.994561376 -0.074259398 -9.275234812 -0.997234673 -0.073847701 -0.008338119 -44.035369537
0.002636120 0.068606687 0.997640303 165.891150597 -0.077254837 0.994676141 -0.068198710 -9.326075005 -0.997007894 -0.076892759 0.007922284 -44.021631573
0.019117666 0.062164682 0.997882792 166.572343213 -0.078768997 0.995056616 -0.060479546 -9.376647151 -0.996709567 -0.077445999 0.023919810 -43.992899751
0.036588333 0.054922380 0.997820037 167.248834637 -0.079052684 0.995518647 -0.051896981 -9.419500687 -0.996198759 -0.076981528 0.040766129 -43.959960813
0.053848872 0.047778055 0.997405412 167.916933017 -0.079671961 0.995875758 -0.043403376 -9.459419001 -0.995365600 -0.077128022 0.057433358 -43.907595165
0.071026691 0.041455726 0.996612579 168.579232490 -0.081989007 0.995997677 -0.035586947 -9.504038432 -0.994099096 -0.079183652 0.074141333 -43.846687087
0.088665744 0.038964535 0.995299026 169.224307222 -0.082082589 0.996121752 -0.031684455 -9.535843992 -0.992673579 -0.078887395 0.091520186 -43.774775959
0.106507109 0.037858229 0.993590957 169.867919191 -0.081052997 0.996279853 -0.029272278 -9.563240733 -0.991002849 -0.077415819 0.109179409 -43.691765323
0.123962250 0.037078493 0.991593942 170.509206922 -0.081990593 0.996267214 -0.027003340 -9.588328069 -0.988893778 -0.077953980 0.126539613 -43.596447820
0.139824082 0.036103843 0.989517932 171.137529372 -0.086719056 0.995941639 -0.024084362 -9.612931426 -0.986371650 -0.082442488 0.142387517 -43.490377677
0.154371650 0.032342316 0.987483351 171.768715542 -0.089272966 0.995832389 -0.018659870 -9.638389572 -0.983971408 -0.085275012 0.156615583 -43.373736840
0.166658460 0.028697397 0.985596985 172.379990807 -0.086188480 0.996174322 -0.014431427 -9.656113830 -0.982240553 -0.082541986 0.168494263 -43.276623725
0.178091188 0.027573170 0.983627597 172.997397763 -0.083939652 0.996389483 -0.012733177 -9.677936735 -0.980427286 -0.080297691 0.179762669 -43.162198053
0.188112383 0.031064839 0.981656104 173.581409451 -0.088613352 0.995960018 -0.014536730 -9.701139667 -0.978141812 -0.084253299 0.190105171 -43.046868837
0.197282454 0.038506784 0.979590149 174.173168887 -0.093150942 0.995443602 -0.020370035 -9.721226218 -0.975911131 -0.087231094 0.199970500 -42.916987187
0.206186830 0.048605993 0.977304686 174.765239389 -0.093758505 0.995151489 -0.029712901 -9.735753515 -0.974010438 -0.085504218 0.209744356 -42.775332131
0.214734715 0.055071421 0.975118527 175.359334811 -0.089159777 0.995345403 -0.036579539 -9.747326063 -0.972594230 -0.079086454 0.218645367 -42.656060500
0.220963947 0.053760208 0.973799145 175.963714092 -0.089757521 0.995363021 -0.034583874 -9.761708251 -0.971142895 -0.079764008 0.224764724 -42.502168983
0.226950078 0.046546045 0.972793466 176.567824924 -0.093471012 0.995287252 -0.025815790 -9.777342806 -0.969410559 -0.085069094 0.230231225 -42.358472019
0.231015684 0.035849979 0.972289326 177.172365950 -0.097396727 0.995153371 -0.013551579 -9.797087859 -0.968062824 -0.091567170 0.233387707 -42.190527512
0.233610649 0.027803059 0.971932639 177.787757075 -0.098268209 0.995148159 -0.004847726 -9.826028772 -0.967351758 -0.094377599 0.235209364 -42.051469254
0.234801520 0.027866308 0.971643821 178.394480975 -0.096189790 0.995348893 -0.005301521 -9.839955995 -0.967272335 -0.092217410 0.236389887 -41.910661458
0.235969531 0.029262274 0.971319772 178.972057824 -0.092178198 0.995713495 -0.007603670 -9.863072365 -0.967378706 -0.087740272 0.237655391 -41.766613711
0.237665057 0.028852269 0.970918569 179.581617386 -0.088812833 0.996017334 -0.007858180 -9.872759018 -0.967278451 -0.084362414 0.239280968 -41.618777723
0.240081758 0.026600592 0.970388148 180.211715370 -0.090263596 0.995905518 -0.004968150 -9.875382471 -0.966547067 -0.086397962 0.241499813 -41.469485958
0.242652710 0.022917519 0.969842487 180.830732167 -0.090236888 0.995919871 -0.000956637 -9.887360384 -0.965907328 -0.087283437 0.243730661 -41.304819604
0.245882277 0.017401720 0.969143481 181.452853512 -0.089059609 0.996015156 0.004711173 -9.904526865 -0.965199612 -0.087469934 0.246452265 -41.143405720
0.250606150 0.014537058 0.967979975 182.074248653 -0.087710035 0.996115915 0.007748176 -9.910050798 -0.964107622 -0.086843298 0.250907820 -40.980619938
0.256838078 0.012509960 0.966373480 182.695345904 -0.085836548 0.996259882 0.009916376 -9.905634410 -0.962635076 -0.085497067 0.256951285 -40.810035892
0.264442874 0.009484898 0.964354708 183.306909834 -0.084590542 0.996325732 0.013396853 -9.907035069 -0.960684343 -0.085117989 0.264273573 -40.632213667
0.273985521 0.007944439 0.961701003 183.926346196 -0.082034521 0.996514494 0.015139344 -9.910232049 -0.958228716 -0.083040642 0.273682261 -40.445672984
0.285388717 0.009578490 0.958363988 184.548926080 -0.083262885 0.996417177 0.014835821 -9.919956998 -0.954788234 -0.084030126 0.285163752 -40.252142270
0.296924184 0.013677267 0.954803101 185.161643993 -0.084994213 0.996307245 0.012159655 -9.919119349 -0.951110936 -0.084763234 0.296990204 -40.052674147
0.308660330 0.016883422 0.951022476 185.782384655 -0.086285692 0.996216995 0.010318808 -9.921252068 -0.947250537 -0.085244639 0.308949464 -39.841794407
0.320111249 0.017405768 0.947220052 186.401653208 -0.085313935 0.996298538 0.010524070 -9.919290697 -0.943530773 -0.084179943 0.320411324 -39.617627866
0.331433248 0.014460378 0.943367850 187.026796368 -0.084688768 0.996302207 0.014481909 -9.917586895 -0.939670056 -0.084692447 0.331432308 -39.393014118
