1.000000000 0.000000000 0.000000000 0.000000000 0.000000000 1.000000000 0.000000000 0.000000000 0.000000000 0.000000000 1.000000000 0.000000000
0.999996066 0.002777237 0.000420106 -0.005744679 -0.002777870 0.999994993 0.001513836 -0.013271556 -0.000415899 -0.001514997 0.999998748 0.778243780
0.999982774 0.005790322 0.000867331 -0.022325227 -0.005791801 0.999981761 0.001713083 -0.028124327 -0.000857396 -0.001718077 0.999998152 1.525690794
0.999976695 0.006724271 0.001289929 -0.025087234 -0.006726270 0.999976099 0.001550503 -0.047142409 -0.001279473 -0.001559143 0.999997914 2.266948462
0.999959588 0.008890031 0.001333474 -0.028327934 -0.008891696 0.999959707 0.001246586 -0.060678605 -0.001322338 -0.001258392 0.999998271 3.001169205
0.999959111 0.008926224 0.001434361 -0.028680231 -0.008927675 0.999959648 0.001008968 -0.071780317 -0.001425296 -0.001021733 0.999998450 3.721123219
0.999956608 0.009134642 0.001841618 -0.032302052 -0.009138553 0.999955952 0.002126734 -0.089291438 -0.001822110 -0.002143472 0.999996066 4.413485050
0.999947965 0.009867886 0.002639885 -0.039977148 -0.009880985 0.999938667 0.004996044 -0.103333786 -0.002590423 -0.005021868 0.999984026 5.080716610
0.999947309 0.009473773 0.003950183 -0.032094792 -0.009507235 0.999918342 0.008540674 -0.106094077 -0.003868948 -0.008577779 0.999955714 5.754752636
0.999943078 0.009135315 0.005499261 -0.038543954 -0.009204059 0.999878109 0.012607714 -0.123375230 -0.005383414 -0.012657613 0.999905348 6.377892494
0.999947667 0.008062268 0.006289068 -0.028075956 -0.008155379 0.999855399 0.014923144 -0.135133803 -0.006167844 -0.014973653 0.999868810 6.991884708
0.999932706 0.008913985 0.007421783 -0.019648343 -0.009022539 0.999850869 0.014723585 -0.139411747 -0.007289431 -0.014789558 0.999863982 7.582605839
0.999911726 0.010000474 0.008750401 -0.029921792 -0.010106587 0.999874890 0.012167917 -0.148349687 -0.008627622 -0.012255279 0.999887705 8.128610611
0.999904931 0.009814752 0.009682908 -0.028666511 -0.009904708 0.999907851 0.009286086 -0.154073507 -0.009590874 -0.009381112 0.999909997 8.656229973
0.999906659 0.007970503 0.011095623 -0.019301251 -0.008057978 0.999936640 0.007861453 -0.160015076 -0.011032260 -0.007950128 0.999907553 9.155632019
0.999914229 0.004147408 0.012422945 -0.000169791 -0.004215613 0.999976158 0.005468996 -0.167107105 -0.012399967 -0.005520897 0.999907851 9.628087044
0.999894202 0.002180011 0.014378703 0.006711200 -0.002241644 0.999988317 0.004271662 -0.174519584 -0.014369222 -0.004303442 0.999887526 10.072035789
0.999840200 0.006796150 0.016534200 0.004244089 -0.006829693 0.999974728 0.001973126 -0.181067750 -0.016520372 -0.002085734 0.999861360 10.488635063
0.999751925 0.010946143 0.019398414 0.007344395 -0.010977843 0.999938548 0.001528388 -0.195542619 -0.019380491 -0.001740961 0.999810636 10.866586685
0.999676824 0.011228980 0.022807093 0.011114448 -0.011291173 0.999932885 0.002600012 -0.202940390 -0.022776367 -0.002856690 0.999736488 11.209256172
0.999635935 0.007182832 0.026006587 0.029676467 -0.007264342 0.999969006 0.003041076 -0.207837105 -0.025983939 -0.003228890 0.999657154 11.534860611
0.999591589 0.002445569 0.028471529 0.043843091 -0.002524374 0.999993086 0.002732249 -0.211496264 -0.028464651 -0.002803006 0.999590874 11.818345070
0.999517202 -0.001059356 0.031052833 0.056895345 0.000934532 0.999991357 0.004033958 -0.215431243 -0.031056840 -0.004002991 0.999509633 12.080156326
0.999432147 -0.001474292 0.033663481 0.067411870 0.001293150 0.999984562 0.005402111 -0.225793362 -0.033670928 -0.005355511 0.999418736 12.311757088
0.999351680 -0.000781309 0.035993151 0.069913238 0.000621767 0.999989927 0.004443561 -0.231574431 -0.035996262 -0.004418301 0.999342084 12.511723518
0.999276936 0.000163320 0.038021740 0.080012292 -0.000283064 0.999995112 0.003143988 -0.236720070 -0.038021047 -0.003152478 0.999271929 12.700073242
0.999165773 0.002377811 0.040769566 0.082430810 -0.002470557 0.999994457 0.002224668 -0.239516631 -0.040764049 -0.002323535 0.999166071 12.869913101
0.999077499 0.005062493 0.042644098 0.079501122 -0.005141921 0.999985218 0.001753105 -0.246689275 -0.042634584 -0.001970761 0.999088705 13.033884048
0.999009252 0.006505959 0.044025395 0.084502727 -0.006528649 0.999978542 0.000371587 -0.254022747 -0.044022035 -0.000658645 0.999030292 13.193669319
0.998941422 0.005376866 0.045684408 0.098294377 -0.005317746 0.999984860 -0.001415510 -0.255851060 -0.045691326 0.001171073 0.998954892 13.343725204
0.998868644 0.003856811 0.047397476 0.104737103 -0.003733896 0.999989450 -0.002681550 -0.261582553 -0.047407314 0.002501539 0.998872459 13.484159470
0.998810053 0.002850922 0.048687041 0.110288680 -0.002673721 0.999989569 -0.003704338 -0.263907582 -0.048697099 0.003569755 0.998807251 13.621129036
0.998737872 0.004081295 0.050059542 0.121694326 -0.003824617 0.999979079 -0.005222163 -0.267198920 -0.050079800 0.005024113 0.998732567 13.761276245
0.998676181 0.005043443 0.051190838 0.131391227 -0.004663080 0.999960721 -0.007547030 -0.265620142 -0.051226892 0.007298332 0.998660386 13.891044617
0.998621106 0.005270074 0.052229647 0.131791115 -0.004769567 0.999941528 -0.009702817 -0.269456387 -0.052277725 0.009440326 0.998587966 14.005000114
0.998591840 0.004218519 0.052882027 0.144302011 -0.003601208 0.999924242 -0.011763227 -0.276138365 -0.052927658 0.011556223 0.998531461 14.133639336
0.998617053 0.003549346 0.052453149 0.143160880 -0.002842202 0.999904096 -0.013549905 -0.282119125 -0.052496228 0.013382085 0.998531461 14.250247002
0.998729408 0.003113108 0.050300650 0.153262079 -0.002375812 0.999888897 -0.014710935 -0.284592062 -0.050340876 0.014572738 0.998625696 14.379809380
0.998879015 0.003040163 0.047238816 0.158768594 -0.002301340 0.999874234 -0.015686704 -0.288263321 -0.047280554 0.015560402 0.998760581 14.507353783
0.999064922 0.003773620 0.043071400 0.161373466 -0.003036058 0.999847829 -0.017176751 -0.286325872 -0.043129671 0.017029922 0.998924315 14.632041931
0.999278486 0.004052598 0.037763778 0.151953608 -0.003365577 0.999827921 -0.018238435 -0.289864659 -0.037831206 0.018098185 0.999120235 14.761875153
0.999516487 0.004102060 0.030818371 0.154505223 -0.003518132 0.999813735 -0.018977823 -0.291171551 -0.030890478 0.018860232 0.999344766 14.889206886
0.999707580 0.003892862 0.023863059 0.145702139 -0.003423298 0.999800444 -0.019686807 -0.297832817 -0.023934929 0.019599365 0.999521315 15.012526512
0.999874234 0.003715318 0.015415000 0.146236852 -0.003396118 0.999780416 -0.020681843 -0.301197290 -0.015488451 0.020626890 0.999667227 15.146242142
0.999979973 0.002851709 0.005662742 0.133002400 -0.002728431 0.999761760 -0.021659711 -0.306817800 -0.005723161 0.021643829 0.999749362 15.285293579
0.999972880 0.000720761 -0.007324859 0.121136703 -0.000892193 0.999725103 -0.023427872 -0.308946609 0.007305959 0.023433771 0.999698818 15.421707153
0.999721408 0.000115864 -0.023600906 0.102147788 -0.000716951 0.999675572 -0.025461925 -0.309349388 0.023590297 0.025471753 0.999397099 15.579982758
0.999090731 0.000673376 -0.042628530 0.072727919 -0.001807530 0.999645233 -0.026572572 -0.310547709 0.042595521 0.026625464 0.998737574 15.743719101
0.997908950 0.001452941 -0.064618878 0.042021275 -0.003137506 0.999657631 -0.025975410 -0.319206774 0.064559020 0.026123840 0.997571886 15.926590919
0.996081114 0.001927417 -0.088423893 0.002641201 -0.004128910 0.999685824 -0.024720900 -0.320962131 0.088348463 0.024989113 0.995776117 16.137424469
0.993351221 0.003127374 -0.115080781 -0.049420953 -0.005826857 0.999715447 -0.023128387 -0.329556584 0.114975698 0.023645168 0.993086874 16.346666336
0.989430845 0.004169891 -0.144945100 -0.120442629 -0.007248412 0.999759078 -0.020717613 -0.339927375 0.144823775 0.021549268 0.989222765 16.567331314
0.983981550 0.004368275 -0.178216577 -0.185253620 -0.007596686 0.999819219 -0.017436741 -0.344424516 0.178108126 0.018511290 0.983836770 16.810688019
0.976598382 0.005313566 -0.215005517 -0.275981426 -0.008367491 0.999876618 -0.013296252 -0.350739360 0.214908376 0.014784153 0.976522326 17.071329117
0.966999412 0.006882458 -0.254685342 -0.384704113 -0.009229421 0.999925256 -0.008021277 -0.353988260 0.254611105 0.010107172 0.966990650 17.328853607
0.955028117 0.010885016 -0.296315819 -0.501518250 -0.012365580 0.999918759 -0.003122825 -0.359759152 0.296257764 0.006646504 0.955084920 17.589212418
0.940945268 0.014568546 -0.338245094 -0.640532970 -0.015022180 0.999886334 0.001276711 -0.361396372 0.338225245 0.003879864 0.941057205 17.860712051
0.924370110 0.017112043 -0.381112933 -0.792800903 -0.015378526 0.999852836 0.007593746 -0.374150991 0.381186873 -0.001158475 0.924497306 18.125247955
0.904982567 0.020625191 -0.424948215 -0.929658890 -0.015830670 0.999764979 0.014810887 -0.375043452 0.425153822 -0.006676381 0.905096412 18.380525589
0.883129954 0.024666298 -0.468479365 -1.124498844 -0.016617201 0.999634862 0.021307535 -0.372731596 0.468833923 -0.011032507 0.883217454 18.664001465
0.858247161 0.029822813 -0.512369573 -1.342170238 -0.019332593 0.999480367 0.025792269 -0.369695276 0.512872458 -0.012230708 0.858377576 18.948062897
0.830470085 0.033012595 -0.556084156 -1.568330765 -0.020140845 0.999369204 0.029249888 -0.367945224 0.556698978 -0.013091157 0.830611169 19.212497711
0.799366355 0.036253158 -0.599749267 -1.828868866 -0.022517487 0.999284446 0.030391861 -0.356710970 0.600421846 -0.010789385 0.799610734 19.493976593
0.765956938 0.038865730 -0.641716123 -2.098043442 -0.022916632 0.999187231 0.033162624 -0.345907331 0.642483532 -0.010695167 0.766224921 19.753425598
0.728362203 0.042436268 -0.683876932 -2.404725075 -0.023877509 0.999046147 0.036562596 -0.327093899 0.684776008 -0.010301542 0.728680730 20.037845612
0.690156400 0.043533556 -0.722349584 -2.733697891 -0.021194678 0.998976648 0.039954841 -0.320258021 0.723349750 -0.012265121 0.690372825 20.290924072
0.649234772 0.043497398 -0.759343266 -3.083738327 -0.018661292 0.998973787 0.041268826 -0.310469866 0.760359108 -0.012622826 0.649380147 20.543270111
0.607088625 0.042377692 -0.793503344 -3.467720985 -0.013554984 0.998983920 0.042980988 -0.293264151 0.794518530 -0.015337341 0.607046247 20.792488098
0.562038779 0.042035840 -0.826041937 -3.871101379 -0.008589682 0.998950422 0.044990435 -0.274242520 0.827066183 -0.018190935 0.561810076 21.038665771
0.515196264 0.043536447 -0.855965734 -4.307171822 -0.006506975 0.998878896 0.046888869 -0.255596161 0.857047498 -0.018587224 0.514901996 21.262908936
0.465137452 0.043023333 -0.884192348 -4.768252850 -0.005721726 0.998943508 0.045596965 -0.229324341 0.885219991 -0.016149750 0.464892209 21.466922760
0.412575245 0.041774545 -0.909965098 -5.253056049 -0.000081273 0.998949587 0.045822777 -0.209306538 0.910923541 -0.018831389 0.412145257 21.655078888
0.358932823 0.041126739 -0.932456851 -5.752084255 0.005279093 0.998923302 0.046090391 -0.193907678 0.933348477 -0.021465881 0.358329266 21.819133759
0.304546356 0.039706916 -0.951669514 -6.279428005 0.007455843 0.999000728 0.044067699 -0.163767397 0.952468336 -0.020516155 0.303946048 21.959802628
0.251134306 0.045471683 -0.966883600 -6.845074177 0.008534424 0.998753071 0.049187180 -0.136554062 0.967914641 -0.020604379 0.250433087 22.069765091
0.199508756 0.050291710 -0.978604615 -7.430254936 0.010299356 0.998519301 0.053414885 -0.105532706 0.979842067 -0.020735733 0.198695347 22.155427933
0.151039228 0.051633958 -0.987178266 -8.055337906 0.015922952 0.998378277 0.054655988 -0.075750053 0.988399506 -0.023973994 0.149972111 22.225522995
0.106559195 0.053138439 -0.992885411 -8.667665482 0.018609183 0.998289347 0.055424850 -0.056821764 0.994132221 -0.024382813 0.105388068 22.268848419
0.066151083 0.051384881 -0.996485651 -9.297131538 0.018611753 0.998435974 0.052720957 -0.029292464 0.997636020 -0.022033894 0.065091230 22.282213211
0.030757161 0.046836514 -0.998428881 -9.941203117 0.015627118 0.998756826 0.047333293 0.006184012 0.999404728 -0.017058402 0.029987000 22.270977020
0.002175330 0.046520993 -0.998914957 -10.610801697 0.012919904 0.998832643 0.046545304 0.042941451 0.999914169 -0.013007134 0.001571744 22.243583679
-0.018866315 0.050780822 -0.998531520 -11.313090324 0.011993249 0.998649001 0.050560195 0.074182570 0.999750078 -0.011021754 -0.019449852 22.211885452
-0.031383440 0.056712400 -0.997897208 -12.041100502 0.013091628 0.998326659 0.056325082 0.105672061 0.999421656 -0.011296421 -0.032073382 22.170875549
-0.039075635 0.059430595 -0.997467339 -12.785117149 0.012821739 0.998177290 0.058970615 0.137990415 0.999153912 -0.010484949 -0.039766423 22.129055023
-0.042751294 0.056355111 -0.997494996 -13.534290314 0.013820577 0.998345613 0.055810846 0.173576117 0.998990178 -0.011399973 -0.043459427 22.089166641
-0.042284541 0.052541234 -0.997723043 -14.319991112 0.021420453 0.998434424 0.051670875 0.209588826 0.998875976 -0.019186806 -0.043343794 22.065485001
-0.037653692 0.050887007 -0.997994363 -15.123171806 0.033257350 0.998213172 0.049643382 0.253554761 0.998737276 -0.031321380 -0.039278779 22.042144775
-0.031904422 0.051303506 -0.998173356 -15.944958687 0.033917956 0.998162150 0.050218824 0.286266923 0.998915255 -0.032253798 -0.033585895 22.014980316
-0.026984191 0.049865082 -0.998391390 -16.780332565 0.031715598 0.998294950 0.049003061 0.315110922 0.999132752 -0.030342266 -0.028519673 21.985712051
-0.023715138 0.043491334 -0.998772323 -17.640703201 0.035404038 0.998463273 0.042637214 0.350221455 0.999091685 -0.034349438 -0.025218461 21.970981598
-0.021973496 0.032721486 -0.999222934 -18.515399933 0.033590328 0.998924136 0.031973019 0.382648349 0.999194086 -0.032861676 -0.023048982 21.956581116
-0.021262141 0.024597041 -0.999471307 -19.405954361 0.026062099 0.999371231 0.024040148 0.403000414 0.999434114 -0.025537178 -0.021889824 21.916639328
-0.023215065 0.021043420 -0.999508917 -20.333951950 0.020737816 0.999573469 0.020563109 0.435609579 0.999515295 -0.020250266 -0.023641562 21.890499115
-0.026859203 0.027089857 -0.999272108 -21.269170761 0.011083202 0.999579370 0.026800279 0.454253227 0.999577701 -0.010355299 -0.027148150 21.841260910
-0.031413939 0.035648774 -0.998870552 -22.228681564 0.006141519 0.999351799 0.035472803 0.470852852 0.999487519 -0.005020241 -0.031612508 21.785869598
-0.035652380 0.044746749 -0.998362124 -23.213867188 0.004676022 0.998993635 0.044608079 0.508756399 0.999353230 -0.003077979 -0.035825737 21.736030579
-0.037126180 0.054613095 -0.997817159 -24.222946167 0.003225679 0.998506904 0.054530825 0.549811780 0.999305308 -0.001194117 -0.037246905 21.689285278
-0.038878724 0.062482096 -0.997288525 -25.249698639 0.005401507 0.998041749 0.062318701 0.594336987 0.999229252 -0.002963990 -0.039140075 21.659584045
-0.040319737 0.063236870 -0.997183740 -26.280689240 0.006085966 0.997992337 0.063042067 0.646313012 0.999168277 -0.003526986 -0.040623646 21.618616104
-0.042365011 0.060357790 -0.997277379 -27.305549622 0.005181850 0.998173296 0.060191885 0.697446644 0.999088764 -0.002617711 -0.042600390 21.573610306
-0.045313187 0.055585410 -0.997425199 -28.324943542 0.005023901 0.998450816 0.055414341 0.740890086 0.998960197 -0.002499966 -0.045522243 21.521526337
-0.049862336 0.050467756 -0.997480214 -29.340631485 0.004961848 0.998722732 0.050282586 0.782152534 0.998743713 -0.002442138 -0.050049063 21.461740494
-0.055563819 0.045882698 -0.997400343 -30.372205734 0.004990548 0.998943865 0.045675684 0.820151567 0.998442650 -0.002439658 -0.055734117 21.398525238
-0.062375460 0.044109561 -0.997077465 -31.393861771 0.004175857 0.999025702 0.043934513 0.855613589 0.998044014 -0.001423218 -0.062498886 21.325090408
-0.068987757 0.046613511 -0.996527910 -32.425662994 0.004248072 0.998912454 0.046430957 0.892495036 0.997608483 -0.001030155 -0.069110744 21.245431900
-0.075429089 0.051108330 -0.995840549 -33.496658325 0.002755749 0.998692513 0.051045977 0.934766114 0.997147501 0.001106064 -0.075471297 21.160095215
-0.081428744 0.054459296 -0.995190203 -34.548553467 0.000188570 0.998506904 0.054625355 0.971399546 0.996679068 0.004260412 -0.081317425 21.060115814
-0.086289592 0.056415845 -0.994671404 -35.613590240 -0.002827947 0.998377502 0.056871362 1.019350290 0.996266067 0.007720284 -0.085990041 20.960311890
-0.088978961 0.057785813 -0.994355857 -36.689659119 -0.007761093 0.998245120 0.058706317 1.063726187 0.996003270 0.012940918 -0.088374339 20.850395203
-0.090775467 0.059167184 -0.994112194 -37.770812988 -0.011839909 0.998098850 0.060485590 1.112618566 0.995800912 0.017260803 -0.089902349 20.742002487
-0.092254855 0.058513220 -0.994014859 -38.847900391 -0.012869190 0.998118460 0.059949182 1.164323568 0.995652258 0.018322764 -0.091328263 20.633012772
-0.093994312 0.057783563 -0.993894339 -39.941513062 -0.012992525 0.998158038 0.059260171 1.210089207 0.995487928 0.018483317 -0.093070418 20.528800964
-0.095012940 0.057029299 -0.993841052 -41.014564514 -0.014407219 0.998174250 0.058655307 1.259484529 0.995371699 0.019891500 -0.094017841 20.415590286
-0.096142724 0.056081243 -0.993786573 -42.090438843 -0.016664242 0.998180807 0.057941396 1.309893131 0.995228052 0.022131339 -0.095033273 20.303096771
-0.097136892 0.053565346 -0.993828475 -43.172866821 -0.020912455 0.998220384 0.055846035 1.356881380 0.995051324 0.026208103 -0.095843852 20.191129684
-0.097159937 0.048742011 -0.994074523 -44.250141144 -0.025385562 0.998353779 0.051432993 1.401022196 0.994944990 0.030232368 -0.095762663 20.071769714
-0.096745938 0.047888760 -0.994156361 -45.343307495 -0.026747987 0.998355985 0.050694026 1.448987722 0.994949639 0.031496122 -0.095305957 19.965070724
-0.095894411 0.052120525 -0.994026005 -46.454147339 -0.027893400 0.998095214 0.055024795 1.490325809 0.995000541 0.033003334 -0.094257951 19.865444183
-0.093699411 0.055417959 -0.994057119 -47.559349060 -0.027718162 0.997917414 0.058245886 1.533231616 0.995214641 0.033011038 -0.091968194 19.750892639
-0.092298061 0.055085082 -0.994206488 -48.673717499 -0.025746649 0.998002768 0.057685625 1.587282896 0.995398521 0.030921765 -0.090695471 19.645397186
-0.090371683 0.053910106 -0.994447947 -49.789531708 -0.025542185 0.998079896 0.056428175 1.641783476 0.995580494 0.030499877 -0.088821158 19.546176910
-0.086231776 0.054380681 -0.994789839 -50.900638580 -0.030103127 0.997911036 0.057160746 1.691560745 0.995820224 0.034875356 -0.084414609 19.443054199
-0.080840595 0.055316243 -0.995190918 -52.026657104 -0.034569241 0.997702420 0.058263950 1.740781903 0.996127367 0.039113082 -0.078742608 19.341476440
-0.075343288 0.054576773 -0.995662987 -53.151855469 -0.038702592 0.997588634 0.057611018 1.798404932 0.996406436 0.042875338 -0.073049374 19.250335693
-0.069372788 0.053858683 -0.996136010 -54.269142151 -0.040337481 0.997573614 0.056745589 1.848123312 0.996774971 0.044118207 -0.067031957 19.158676147
-0.063651912 0.052901782 -0.996569037 -55.407402039 -0.040051345 0.997654021 0.055517506 1.899408221 0.997168243 0.043447725 -0.061383799 19.081636429
-0.058067758 0.052441925 -0.996934295 -56.536483765 -0.038094398 0.997775614 0.054705031 1.947067618 0.997585475 0.041154213 -0.055940859 19.013069153
-0.052680004 0.053354919 -0.997185051 -57.674850464 -0.037504245 0.997761369 0.055367060 1.992591262 0.997906923 0.040315405 -0.050561044 18.947528839
-0.046734642 0.055085447 -0.997387290 -58.805500031 -0.036549475 0.997715414 0.056816164 2.039489508 0.998238444 0.039109267 -0.044614527 18.883031845
-0.041403174 0.056402314 -0.997549295 -59.952732086 -0.037172258 0.997627139 0.057949547 2.085335016 0.998450816 0.039480455 -0.039208330 18.835700989
-0.035946783 0.055420950 -0.997815788 -61.103126526 -0.037022162 0.997701824 0.056748364 2.135313272 0.998667717 0.038981218 -0.033812378 18.787044525
-0.030974705 0.050902486 -0.998223186 -62.240684509 -0.036717482 0.997970343 0.052028917 2.181373596 0.998845458 0.038263831 -0.029042823 18.746591568
-0.026662698 0.045492504 -0.998608828 -63.392745972 -0.036702678 0.998245835 0.046455931 2.226773024 0.998970389 0.037890255 -0.024946228 18.714183807
-0.023351781 0.044648897 -0.998729765 -64.559013367 -0.036790259 0.998287141 0.045489330 2.271835327 0.999050140 0.037805784 -0.021669142 18.688140869
-0.019703159 0.047336277 -0.998684585 -65.728202820 -0.036239650 0.998188376 0.048027728 2.305232048 0.999148786 0.037138280 -0.017952016 18.653335571
-0.017578233 0.046125986 -0.998780966 -66.895759583 -0.036764059 0.998229980 0.046747584 2.357140303 0.999169350 0.037540983 -0.015851337 18.625633240
-0.016742755 0.046435107 -0.998780966 -68.061317444 -0.038285367 0.998158693 0.047047958 2.391784191 0.999126554 0.039026409 -0.014934145 18.603685379
-0.015644995 0.047186352 -0.998763561 -69.222869873 -0.039655764 0.998070657 0.047774799 2.430322170 0.999090910 0.040354170 -0.013743596 18.571924210
-0.014603669 0.046818245 -0.998796582 -70.390869141 -0.040180124 0.998068869 0.047371604 2.465005875 0.999085724 0.040823583 -0.012694304 18.546052933
-0.013480779 0.045282453 -0.998883188 -71.568176270 -0.040237039 0.998140275 0.045791809 2.497070789 0.999099195 0.040809412 -0.011633678 18.522226334
-0.012897607 0.043857094 -0.998954475 -72.753547668 -0.038403243 0.998278856 0.044323254 2.535374403 0.999179184 0.038934752 -0.011191148 18.505844116
-0.012787128 0.044051159 -0.998947442 -73.935623169 -0.034867272 0.998401880 0.044473436 2.563943863 0.999310136 0.035399262 -0.011230749 18.494588852
-0.012434391 0.044862363 -0.998915792 -75.117576599 -0.032459091 0.998448372 0.045245424 2.600776911 0.999395728 0.032986488 -0.010958906 18.478431702
-0.012564589 0.047665522 -0.998784304 -76.305908203 -0.031875946 0.998336434 0.048045147 2.638689756 0.999412775 0.032440856 -0.011024305 18.461189270
-0.012492254 0.051172238 -0.998611689 -77.490547180 -0.033857498 0.998095334 0.051569324 2.678602219 0.999348581 0.034454703 -0.010735895 18.443201065
-0.011785493 0.050973460 -0.998630464 -78.666267395 -0.036510557 0.998011947 0.051372774 2.720295906 0.999263763 0.037066016 -0.009900996 18.422311783
-0.011704018 0.049195435 -0.998720527 -79.844055176 -0.037323888 0.998071492 0.049600862 2.758228302 0.999234676 0.037856661 -0.009845281 18.406631470
-0.011534131 0.046580981 -0.998847902 -81.021209717 -0.037103519 0.998206496 0.046979528 2.799807310 0.999244869 0.037602633 -0.009785129 18.390426636
-0.011815867 0.045949213 -0.998873889 -82.201835632 -0.035341803 0.998300433 0.046340894 2.835622311 0.999305427 0.035849560 -0.010171857 18.377717972
-0.012147478 0.047258902 -0.998808801 -83.389419556 -0.033854723 0.998290420 0.047646113 2.875010490 0.999352872 0.034393180 -0.010526774 18.367126465
-0.011696725 0.050143324 -0.998673677 -84.565452576 -0.032630540 0.998190820 0.050501268 2.912650824 0.999399066 0.033177957 -0.010039360 18.347127914
-0.011528273 0.052895837 -0.998533487 -85.738067627 -0.032829616 0.998041451 0.053248797 2.947351217 0.999394596 0.033395335 -0.009769147 18.335144043
-0.011526409 0.052723967 -0.998542547 -86.920211792 -0.034643520 0.997988343 0.053094599 2.988834620 0.999333262 0.035205018 -0.009676680 18.312385559
-0.010846601 0.051357482 -0.998621345 -88.085037231 -0.035122801 0.998044372 0.051709305 3.020387888 0.999324143 0.035635252 -0.009021571 18.287073135
-0.010734037 0.049764026 -0.998703241 -89.251091003 -0.033454642 0.998183787 0.050097711 3.062422752 0.999382615 0.033949018 -0.009049705 18.276796341
-0.010730812 0.051117186 -0.998634934 -90.411674500 -0.031611271 0.998175919 0.051433370 3.099649429 0.999442637 0.032120030 -0.009095359 18.258836746
-0.010543593 0.053586040 -0.998507500 -91.592124939 -0.029286936 0.998118162 0.053874388 3.148750305 0.999515355 0.029811256 -0.008954381 18.246480942
-0.010729630 0.055817872 -0.998383224 -92.749351501 -0.028138461 0.998028457 0.056100450 3.193076134 0.999546468 0.028694905 -0.009137847 18.233520508
-0.010382859 0.057477482 -0.998292744 -93.915115356 -0.029162491 0.997904480 0.057758428 3.242552042 0.999520779 0.029712403 -0.008684915 18.219129562
-0.009604700 0.059774965 -0.998165667 -95.078353882 -0.031955473 0.997683525 0.060053572 3.289628744 0.999443173 0.032473654 -0.007672314 18.185842514
-0.009168009 0.059145983 -0.998207271 -96.242156982 -0.034044061 0.997652054 0.059425771 3.332821846 0.999378204 0.034527849 -0.007132913 18.157594681
-0.007900771 0.054742802 -0.998469234 -97.395217896 -0.036674526 0.997812748 0.054997005 3.383733511 0.999295950 0.037052907 -0.005875825 18.122865677
-0.007370109 0.052877724 -0.998573720 -98.554901123 -0.038140964 0.997859418 0.053121395 3.430818558 0.999245167 0.038478069 -0.005337525 18.103006363
-0.007354706 0.051053979 -0.998668790 -99.727325439 -0.037710309 0.997971177 0.051296048 3.475906372 0.999261677 0.038037371 -0.005414523 18.089227676
-0.007236026 0.051316731 -0.998656213 -100.885566711 -0.036377139 0.998007774 0.051546995 3.518251419 0.999311924 0.036701255 -0.005354854 18.082658768
-0.006710598 0.053509038 -0.998544812 -102.040069580 -0.036373261 0.997893453 0.053718582 3.561165094 0.999315739 0.036680818 -0.004750164 18.062850952
-0.007287601 0.055619970 -0.998425424 -103.198150635 -0.035458371 0.997809649 0.055844486 3.600372314 0.999344587 0.035809509 -0.005299445 18.061565399
-0.007876257 0.054521419 -0.998481512 -104.358970642 -0.039367780 0.997721493 0.054790460 3.649976730 0.999193668 0.039739542 -0.005711925 18.042001724
-0.007952699 0.055700455 -0.998415768 -105.522308350 -0.043000907 0.997504771 0.055992145 3.696897030 0.999043405 0.043378070 -0.005537685 18.022808075
-0.008081500 0.054756951 -0.998467028 -106.697677612 -0.045798045 0.997431517 0.055070847 3.749834061 0.998918056 0.046172887 -0.005552983 18.000617981
-0.008143907 0.050857838 -0.998672843 -107.868652344 -0.047051847 0.997580111 0.051185902 3.794477463 0.998859227 0.047406249 -0.005731246 17.984987259
-0.008729448 0.046974991 -0.998857856 -109.052886963 -0.046947919 0.997775197 0.047334366 3.838136196 0.998859167 0.047307502 -0.006504647 17.964235306
-0.009246651 0.045962915 -0.998900354 -110.251274109 -0.043472394 0.997980058 0.046322986 3.882883072 0.999011815 0.043852925 -0.007229856 17.945098877
-0.009839145 0.045760714 -0.998903990 -111.433349609 -0.039433897 0.998157501 0.046114944 3.913049698 0.999173701 0.039844409 -0.008016494 17.942741394
-0.010559535 0.047691833 -0.998806298 -112.656799316 -0.037988607 0.998121738 0.048060760 3.954181671 0.999222398 0.038450755 -0.008727956 17.929016113
-0.011634564 0.051576618 -0.998601377 -113.882400513 -0.037049007 0.997960925 0.051975198 3.994866610 0.999245703 0.037601903 -0.009699976 17.917945862
-0.012019649 0.051725768 -0.998588979 -115.122329712 -0.035676178 0.998003066 0.052124843 4.043716908 0.999291062 0.036252368 -0.010150271 17.896707535
-0.013092676 0.047505151 -0.998785198 -116.350028992 -0.035402872 0.998222470 0.047942471 4.087163925 0.999287367 0.035987560 -0.011387586 17.885364532
-0.013893106 0.044018440 -0.998934090 -117.584304810 -0.035526186 0.998378038 0.044488031 4.124631882 0.999272168 0.036106389 -0.012306768 17.863277435
-0.015028873 0.042661022 -0.998976588 -118.830627441 -0.034600187 0.998468816 0.043159880 4.164089680 0.999288142 0.035213418 -0.013529781 17.844451904
-0.015362651 0.043737702 -0.998924911 -120.078567505 -0.036512613 0.998351872 0.044274148 4.206485271 0.999215066 0.037153520 -0.013740354 17.813179016
-0.016037920 0.048749149 -0.998682261 -121.343383789 -0.041203089 0.997930110 0.049374115 4.244019508 0.999022067 0.041940652 -0.013996108 17.783092499
-0.016039794 0.051970337 -0.998519838 -122.607437134 -0.046792552 0.997515142 0.052669697 4.289485455 0.998775840 0.047568098 -0.013568114 17.741718292
-0.016124081 0.051571973 -0.998539031 -123.830245972 -0.053677060 0.997184098 0.052368745 4.339420795 0.998428166 0.054443046 -0.013310444 17.707233429
-0.016299104 0.049646698 -0.998633862 -125.103622437 -0.056170005 0.997143805 0.050489385 4.385238171 0.998288095 0.056916203 -0.013463897 17.677631378
-0.017137902 0.048463985 -0.998677909 -126.363807678 -0.058600888 0.997059047 0.049391028 4.429117203 0.998134375 0.059369877 -0.014247466 17.650833130
-0.017707773 0.047926113 -0.998693883 -127.630859375 -0.058381882 0.997096717 0.048884638 4.469247818 0.998137176 0.059171274 -0.014858345 17.620420456
-0.017852280 0.047609918 -0.998706460 -128.894165039 -0.056096204 0.997244537 0.048542969 4.506015301 0.998265684 0.056890238 -0.015132356 17.590744019
-0.018177733 0.047781397 -0.998692393 -130.154571533 -0.056059189 0.997237384 0.048732162 4.550466061 0.998261869 0.056871716 -0.015448931 17.563549042
-0.018986205 0.052818131 -0.998423636 -131.436676025 -0.055902589 0.996985435 0.053805109 4.597133160 0.998255610 0.056836016 -0.015976300 17.531368256
-0.019636082 0.056629807 -0.998202145 -132.713897705 -0.055337708 0.996802628 0.057638984 4.651375294 0.998274505 0.056370027 -0.016439531 17.502704620
-0.019243911 0.055571888 -0.998269141 -133.974700928 -0.055497836 0.996855378 0.056563031 4.700133801 0.998273253 0.056490280 -0.016099276 17.465169907
-0.018924631 0.053817764 -0.998371363 -135.226531982 -0.055115014 0.996975780 0.054787260 4.756749153 0.998300672 0.056062084 -0.015901230 17.437770844
-0.017572343 0.053062063 -0.998436511 -136.476882935 -0.054207943 0.997071505 0.053943563 4.808661461 0.998375058 0.055071108 -0.014644502 17.406307220
-0.017059788 0.052537631 -0.998473227 -137.718338013 -0.054228421 0.997100234 0.053391911 4.848092079 0.998382807 0.055056483 -0.014161285 17.386667252
-0.016100746 0.054743748 -0.998370588 -138.967544556 -0.053863253 0.997002602 0.055537399 4.892482758 0.998418510 0.054669678 -0.013103811 17.360980988
-0.015148222 0.057924889 -0.998206019 -140.217773438 -0.055304166 0.996743798 0.058679301 4.949951649 0.998354554 0.056093834 -0.011895407 17.332460403
-0.014114603 0.059003584 -0.998157978 -141.476821899 -0.056842405 0.996595740 0.059715025 5.000528812 0.998283386 0.057580564 -0.010712645 17.305774689
-0.013025765 0.056010168 -0.998345256 -142.727416992 -0.058272880 0.996690512 0.056677632 5.057702065 0.998215735 0.058914721 -0.009718783 17.279722214
-0.012665970 0.053247251 -0.998501003 -143.976150513 -0.057461459 0.996892095 0.053890366 5.104825497 0.998267293 0.058057897 -0.009566942 17.253095627
-0.012024219 0.051870849 -0.998581409 -145.229553223 -0.054936424 0.997111022 0.052455965 5.153792381 0.998417377 0.055489231 -0.009139881 17.226224899
-0.012371049 0.051597528 -0.998591363 -146.457931519 -0.053140771 0.997222543 0.052185129 5.191474915 0.998510420 0.053711500 -0.009594757 17.212451935
-0.012176192 0.051762085 -0.998585224 -147.694229126 -0.051162269 0.997318923 0.052320290 5.236822605 0.998616040 0.051726934 -0.009495283 17.189393997
-0.011999227 0.050315972 -0.998661280 -148.922241211 -0.048951581 0.997506022 0.050845943 5.279198647 0.998728991 0.049496163 -0.009506254 17.171405792
-0.012187072 0.050209433 -0.998664379 -150.176437378 -0.048309125 0.997542620 0.050742578 5.329431057 0.998758078 0.048863001 -0.009731551 17.150905609
-0.012546883 0.052311242 -0.998552024 -151.411819458 -0.046682801 0.997510970 0.052843276 5.385760307 0.998830974 0.047278218 -0.010073617 17.134563446
-0.012704690 0.053730704 -0.998474658 -152.647659302 -0.043295175 0.997589171 0.054233942 5.425587654 0.998981476 0.043918163 -0.010347783 17.119741440
-0.012860756 0.052434236 -0.998541474 -153.874328613 -0.041548871 0.997733653 0.052926935 5.471323967 0.999053717 0.042168956 -0.010653027 17.099473953
-0.013630680 0.052646238 -0.998520195 -155.115982056 -0.043211926 0.997649014 0.053190187 5.519954681 0.998972952 0.043873008 -0.011323689 17.077072144
-0.013812660 0.057583697 -0.998245120 -156.341659546 -0.043129042 0.997376919 0.058130391 5.563187599 0.998973966 0.043856300 -0.011292898 17.063735962
-0.013381658 0.064583242 -0.997822583 -157.573104858 -0.048372332 0.996701717 0.065159410 5.606349468 0.998739719 0.049138937 -0.010213480 17.035675049
-0.012291554 0.064475358 -0.997843564 -158.788055420 -0.052833423 0.996483088 0.065038279 5.662009239 0.998527825 0.053518910 -0.008841871 17.008855820
-0.010740183 0.060276039 -0.998123944 -160.018478394 -0.056680165 0.996539891 0.060790285 5.725449085 0.998334646 0.057226729 -0.007286566 16.976177216
-0.008860718 0.054875847 -0.998453856 -161.241928101 -0.058571640 0.996750236 0.055301998 5.775297642 0.998243809 0.058971100 -0.005617755 16.950092316
-0.008088935 0.053473249 -0.998536468 -162.461380005 -0.060724583 0.996699989 0.053866822 5.819409847 0.998121917 0.061071441 -0.004815100 16.927217484
-0.006419509 0.050202277 -0.998718441 -163.678482056 -0.056187157 0.997143030 0.050484259 5.864450455 0.998399556 0.056439232 -0.003580447 16.909370422
-0.006083338 0.045503981 -0.998945594 -164.898712158 -0.053029254 0.997543752 0.045763060 5.910034657 0.998574436 0.053251721 -0.003655354 16.898145676
-0.007174168 0.042072255 -0.999088824 -166.104324341 -0.047025640 0.997994959 0.042363863 5.946877003 0.998867929 0.047286715 -0.005181309 16.911521912
-0.008758068 0.045232031 -0.998938262 -167.325241089 -0.044215187 0.997981787 0.045576382 5.981364250 0.998983622 0.044567399 -0.006740450 16.911092758
-0.008838727 0.051691629 -0.998623908 -168.567382812 -0.044562846 0.997650445 0.052035660 6.017093658 0.998967469 0.044961456 -0.006514435 16.905523300
-0.007140741 0.055000857 -0.998460770 -169.787307739 -0.046215475 0.997401118 0.055273004 6.063493729 0.998905957 0.046539020 -0.004580292 16.886667252
-0.005502400 0.051525224 -0.998656452 -170.990005493 -0.047236439 0.997543395 0.051728051 6.110433578 0.998868585 0.047457613 -0.003055015 16.872653961
-0.004663947 0.051574882 -0.998658240 -172.212112427 -0.049114916 0.997451961 0.051741976 6.155367851 0.998782158 0.049290348 -0.002118966 16.855960846
-0.003779277 0.052997291 -0.998587489 -173.432601929 -0.047284339 0.997468114 0.053116843 6.195402622 0.998874307 0.047418289 -0.001263767 16.849029541
-0.003484734 0.050739843 -0.998705804 -174.627349854 -0.047281519 0.997586548 0.050847948 6.239462852 0.998875499 0.047397513 -0.001077266 16.844455719
-0.002324825 0.049106397 -0.998790860 -175.805160522 -0.047357041 0.997667491 0.049161389 6.281422615 0.998875320 0.047414064 0.000006131 16.843996048
-0.000754961 0.050840676 -0.998706520 -176.962066650 -0.048638713 0.997522891 0.050817192 6.319302082 0.998816133 0.048614163 0.001719734 16.840429306
0.000418080 0.052935150 -0.998597860 -178.093521118 -0.048327666 0.997432172 0.052853119 6.349586010 0.998831451 0.048237815 0.002975239 16.838012695
0.001143869 0.054269217 -0.998525679 -179.183761597 -0.049773823 0.997291744 0.054145135 6.381527901 0.998759866 0.049638506 0.003841958 16.825515747
0.001389246 0.055818867 -0.998439968 -180.265747070 -0.050067469 0.997192502 0.055679470 6.406356335 0.998744845 0.049912006 0.004180055 16.819356918
0.001146642 0.056504209 -0.998401701 -181.322875977 -0.049675148 0.997172952 0.056377620 6.447291374 0.998764753 0.049531117 0.003950255 16.817291260
0.001675012 0.055703416 -0.998445868 -182.346130371 -0.050138123 0.997196257 0.055549588 6.481681824 0.998740911 0.049967162 0.004463181 16.812988281
0.003107128 0.055711389 -0.998441994 -183.324127197 -0.050690372 0.997172058 0.055482782 6.510753632 0.998709559 0.050439000 0.005922372 16.814214706
0.004632127 0.056338623 -0.998400927 -184.283996582 -0.051587168 0.997095704 0.056025628 6.545400620 0.998657763 0.051245160 0.007525024 16.812814713
0.003797061 0.054709598 -0.998495102 -185.219787598 -0.050107375 0.997258425 0.054451291 6.571986675 0.998736620 0.049825203 0.006528005 16.816320419
0.000553143 0.051789518 -0.998657882 -186.157592773 -0.047802646 0.997517705 0.051703922 6.599995613 0.998856604 0.047709886 0.003027447 16.815881729
-0.004210501 0.048107132 -0.998833299 -187.084548950 -0.047593333 0.997700632 0.048253208 6.628133774 0.998857915 0.047740985 -0.001911241 16.804924011
-0.009302131 0.044975687 -0.998944759 -188.014602661 -0.049304120 0.997752190 0.045381121 6.656573296 0.998740494 0.049674232 -0.007063736 16.789880753
-0.012955180 0.044261247 -0.998935997 -188.946044922 -0.051376387 0.997670770 0.044871487 6.683231354 0.998595357 0.051903032 -0.010651020 16.765619278
-0.015699130 0.045086816 -0.998859704 -189.863830566 -0.052986383 0.997541606 0.045860101 6.706327438 0.998471916 0.053645927 -0.013271546 16.736925125
-0.017656766 0.047071572 -0.998735428 -190.780166626 -0.051623594 0.997515917 0.047926757 6.728655815 0.998510540 0.052404545 -0.015182909 16.718502045
-0.019182885 0.048513066 -0.998638272 -191.709182739 -0.049351368 0.997558594 0.049408600 6.758230209 0.998597264 0.050231963 -0.016741868 16.701332092
-0.020924026 0.048748083 -0.998591900 -192.622604370 -0.047748700 0.997622192 0.049701236 6.791106224 0.998640180 0.048721414 -0.018546615 16.683254242
-0.021726182 0.047567509 -0.998631716 -193.536437988 -0.048044406 0.997663915 0.048566658 6.820363998 0.998608828 0.049033839 -0.019390073 16.655616760
-0.022562295 0.046613880 -0.998658121 -194.443008423 -0.049671572 0.997626483 0.047687944 6.845425129 0.998510659 0.050680865 -0.020193357 16.629224777
-0.023058441 0.045670025 -0.998690486 -195.350067139 -0.053512212 0.997467577 0.046849634 6.877020836 0.998300910 0.054522414 -0.020556141 16.605428696
-0.021528067 0.044101980 -0.998795033 -196.266311646 -0.055907007 0.997410238 0.045245856 6.900160313 0.998203874 0.056813706 -0.019006701 16.564287186
-0.019971648 0.042046566 -0.998915970 -197.180130005 -0.055579074 0.997523665 0.043099161 6.917473793 0.998254538 0.056379586 -0.017585281 16.535182953
-0.019814355 0.039233521 -0.999033570 -198.083343506 -0.055634789 0.997638285 0.040282156 6.946694374 0.998254657 0.056379188 -0.017584814 16.515525818
-0.019197965 0.038686514 -0.999067068 -199.010559082 -0.055623360 0.997662187 0.039700974 6.972988129 0.998267353 0.056333631 -0.017001215 16.489379883
-0.018671036 0.041311573 -0.998971879 -199.939788818 -0.053231724 0.997687817 0.042253390 6.999174595 0.998407662 0.053965900 -0.016428784 16.469062805
-0.018389862 0.042708997 -0.998918295 -200.870437622 -0.052322168 0.997677207 0.043619163 7.023056984 0.998460889 0.053067721 -0.016112514 16.445455551
-0.017432457 0.039414644 -0.999070942 -201.807815552 -0.047188688 0.998076797 0.040198807 7.043474197 0.998733759 0.047845602 -0.015539003 16.428184509
-0.017363237 0.036130860 -0.999196351 -202.742019653 -0.045566071 0.998279989 0.036889534 7.072477818 0.998810351 0.046169963 -0.015687030 16.412925720
-0.016397405 0.036298092 -0.999206483 -203.684844971 -0.049976371 0.998061955 0.037076652 7.104108334 0.998615801 0.050544675 -0.014551577 16.385847092
-0.015299588 0.040556766 -0.999060094 -204.649673462 -0.051744107 0.997806072 0.041298278 7.123760223 0.998543203 0.052327327 -0.013167447 16.362363815
-0.013238946 0.039938677 -0.999114335 -205.617279053 -0.049366806 0.997957349 0.040546570 7.152710438 0.998692930 0.049859878 -0.011240261 16.344993591
-0.011141811 0.041180804 -0.999089599 -206.585250854 -0.047642216 0.997995019 0.041667003 7.184721470 0.998802304 0.048063084 -0.009157527 16.334566116
-0.009144151 0.045601040 -0.998917878 -207.567504883 -0.048861824 0.997745931 0.045994833 7.221567154 0.998763680 0.049229532 -0.006895389 16.311637878
-0.007822354 0.049494360 -0.998743773 -208.570327759 -0.045945700 0.997701705 0.049802575 7.256200790 0.998913407 0.046277553 -0.005530323 16.310749054
-0.006350000 0.050311472 -0.998713255 -209.569046021 -0.045406435 0.997688890 0.050548557 7.290318012 0.998948395 0.045669001 -0.004050861 16.299335480
-0.004484544 0.051037695 -0.998686671 -210.576492310 -0.048877202 0.997491837 0.051196113 7.332021713 0.998794734 0.049042601 -0.001978715 16.290931702
-0.001962882 0.053248405 -0.998579383 -211.592727661 -0.052079026 0.997220755 0.053278327 7.366444111 0.998641014 0.052109633 0.000815698 16.280971527
0.001064953 0.054064378 -0.998536885 -212.607131958 -0.053303048 0.997120976 0.053930853 7.398200512 0.998577833 0.053167626 0.003943683 16.282922745
0.004215003 0.051252604 -0.998676777 -213.640258789 -0.056076277 0.997126281 0.050936349 7.442538261 0.998417556 0.055787388 0.007076947 16.279483795
