1.000000000 0.000000000 0.000000000 0.000000000 0.000000000 1.000000000 0.000000000 0.000000000 0.000000000 0.000000000 1.000000000 0.000000000
0.999996245 0.002693348 0.000515340 -0.011696294 -0.002694210 0.999994874 0.001680485 -0.016661195 -0.000510811 -0.001681867 0.999998450 0.772350013
0.999984205 0.005529428 0.001033009 -0.027601443 -0.005531331 0.999983013 0.001847710 -0.030147815 -0.001022774 -0.001853394 0.999997735 1.522457838
0.999977291 0.006560001 0.001550002 -0.033279326 -0.006562804 0.999976754 0.001810178 -0.049973488 -0.001538092 -0.001820310 0.999997139 2.264662266
0.999961436 0.008626658 0.001646230 -0.039291661 -0.008629055 0.999961853 0.001454534 -0.063397989 -0.001633619 -0.001468684 0.999997556 2.992455721
0.999960244 0.008715050 0.001884850 -0.041114997 -0.008717451 0.999961197 0.001269194 -0.075536363 -0.001873715 -0.001285575 0.999997377 3.715482473
0.999955416 0.009133574 0.002378223 -0.045157529 -0.009138874 0.999955714 0.002226472 -0.090917617 -0.002357782 -0.002248107 0.999994695 4.413020611
0.999947071 0.009760355 0.003247264 -0.055295654 -0.009777234 0.999938548 0.005224137 -0.106581479 -0.003196075 -0.005255610 0.999981105 5.086770535
0.999944329 0.009581317 0.004425774 -0.046025157 -0.009620332 0.999914229 0.008879626 -0.109908253 -0.004340317 -0.008921709 0.999950707 5.759799480
0.999940157 0.009099470 0.006071943 -0.048398312 -0.009176152 0.999876976 0.012722768 -0.124147944 -0.005955425 -0.012777722 0.999900579 6.392937660
0.999944448 0.008050106 0.006796813 -0.037440438 -0.008151134 0.999854684 0.014969554 -0.133721143 -0.006675318 -0.015024125 0.999864876 7.005867481
0.999930501 0.008672246 0.007989407 -0.033993121 -0.008791283 0.999849021 0.014986746 -0.142899305 -0.007858232 -0.015055940 0.999855757 7.591105461
0.999915659 0.009366866 0.008997612 -0.029293083 -0.009478674 0.999877334 0.012465104 -0.151488245 -0.008879749 -0.012549338 0.999881804 8.140362740
0.999904454 0.009564140 0.009983062 -0.027873874 -0.009657796 0.999909401 0.009375911 -0.155365646 -0.009892486 -0.009471430 0.999906123 8.670139313
0.999899149 0.008096138 0.011669276 -0.021869041 -0.008189690 0.999934554 0.007991685 -0.162581086 -0.011603812 -0.008086445 0.999899924 9.163857460
0.999905944 0.003831947 0.013167837 -0.002501458 -0.003907806 0.999975920 0.005739996 -0.172598094 -0.013145524 -0.005790913 0.999896824 9.649066925
0.999888062 0.002043399 0.014817219 0.011000901 -0.002115555 0.999985993 0.004855768 -0.181170702 -0.014807089 -0.004886572 0.999878466 10.094611168
0.999832749 0.006740339 0.016996020 0.010862291 -0.006785955 0.999973536 0.002627761 -0.189638615 -0.016977858 -0.002742656 0.999852061 10.500555038
0.999744892 0.010743378 0.019867457 0.014126122 -0.010789504 0.999939442 0.002216118 -0.203880489 -0.019842442 -0.002429913 0.999800146 10.880257607
0.999680758 0.010906967 0.022792518 0.026125297 -0.010984400 0.999934196 0.003274831 -0.208979607 -0.022755301 -0.003524147 0.999734819 11.227692604
0.999630570 0.006922601 0.026283046 0.039491326 -0.007019666 0.999968827 0.003602552 -0.211772785 -0.026257291 -0.003785719 0.999647975 11.561217308
0.999579847 0.002297094 0.028892066 0.055881530 -0.002389191 0.999992192 0.003153517 -0.211960003 -0.028884593 -0.003221221 0.999577582 11.857069969
0.999500334 -0.001416451 0.031577107 0.068428606 0.001265703 0.999987721 0.004793433 -0.219936922 -0.031583507 -0.004751069 0.999489903 12.118304253
0.999424040 -0.001492480 0.033902053 0.080268413 0.001300815 0.999983072 0.005674822 -0.225597739 -0.033909954 -0.005627454 0.999409020 12.341962814
0.999352038 -0.000762091 0.035983324 0.087311000 0.000604951 0.999990284 0.004377729 -0.227365941 -0.035986308 -0.004353124 0.999342799 12.548597336
0.999267757 -0.000056572 0.038259603 0.091386199 -0.000074294 0.999994159 0.003419056 -0.237298250 -0.038259570 -0.003419394 0.999261975 12.734363556
0.999163091 0.001946831 0.040857341 0.095623314 -0.002044118 0.999995291 0.002339484 -0.238658175 -0.040852599 -0.002421043 0.999162257 12.907578468
0.999074817 0.004716965 0.042747021 0.094607413 -0.004814259 0.999985993 0.002173384 -0.246140912 -0.042736180 -0.002377168 0.999083579 13.072657585
0.999007702 0.006228732 0.044101652 0.101059824 -0.006263426 0.999980152 0.000648531 -0.253372848 -0.044096734 -0.000924115 0.999026895 13.228821754
0.998925626 0.005518562 0.046013236 0.109412611 -0.005478219 0.999984503 -0.001002800 -0.257035404 -0.046018057 0.000749653 0.998940349 13.380231857
0.998878539 0.004232791 0.047154464 0.129003823 -0.004122686 0.999988496 -0.002431984 -0.261897206 -0.047164209 0.002234854 0.998884737 13.527973175
0.998829186 0.003207693 0.048266303 0.139190495 -0.003045454 0.999989390 -0.003434489 -0.266156197 -0.048276804 0.003283476 0.998828650 13.665919304
0.998753786 0.004140795 0.049735013 0.145517111 -0.003904648 0.999980569 -0.004844322 -0.266990840 -0.049754109 0.004644088 0.998750806 13.798548698
0.998681486 0.005104413 0.051081154 0.148429215 -0.004761980 0.999965429 -0.006823134 -0.270010829 -0.051114202 0.006570891 0.998671293 13.921833992
0.998630285 0.004905075 0.052091684 0.156058431 -0.004422827 0.999946356 -0.009368942 -0.269154996 -0.052134834 0.009125717 0.998598278 14.049037933
0.998595715 0.004006715 0.052824933 0.163233817 -0.003409473 0.999929249 -0.011391345 -0.276595324 -0.052866839 0.011195243 0.998538733 14.170068741
0.998615921 0.003357325 0.052486546 0.167658210 -0.002668695 0.999909520 -0.013184712 -0.280965030 -0.052526057 0.013026394 0.998534620 14.294153214
0.998730958 0.002548964 0.050297886 0.175821185 -0.001825718 0.999894381 -0.014419942 -0.284270048 -0.050329328 0.014309814 0.998630106 14.418992043
0.998873711 0.002818345 0.047364324 0.176504076 -0.002086652 0.999877870 -0.015490529 -0.286436409 -0.047402199 0.015374254 0.998757482 14.548918724
0.999054253 0.003477105 0.043342173 0.177996725 -0.002753395 0.999855995 -0.016746107 -0.287310898 -0.043394160 0.016610930 0.998919904 14.671854019
0.999280334 0.003693825 0.037752200 0.175948292 -0.003022395 0.999836445 -0.017826814 -0.290013075 -0.037811872 0.017699881 0.999128103 14.797855377
0.999519527 0.003401731 0.030807396 0.176464200 -0.002837445 0.999827743 -0.018341815 -0.296156615 -0.030864486 0.018245589 0.999357045 14.922146797
0.999704957 0.003725696 0.024001688 0.167065114 -0.003260420 0.999806523 -0.019395141 -0.296128958 -0.024069302 0.019311162 0.999523759 15.046538353
0.999872565 0.003481048 0.015575246 0.167465240 -0.003161883 0.999785483 -0.020469682 -0.297735512 -0.015643155 0.020417828 0.999669135 15.180668831
0.999981523 0.002418765 0.005574133 0.159409106 -0.002299065 0.999768734 -0.021381315 -0.304280013 -0.005624560 0.021368101 0.999755859 15.318425179
0.999972820 0.000652280 -0.007335985 0.144965649 -0.000821819 0.999732137 -0.023131426 -0.306416899 0.007318931 0.023136828 0.999705493 15.460091591
0.999722064 -0.000026461 -0.023577314 0.129102916 -0.000567336 0.999682784 -0.025178062 -0.308754683 0.023570502 0.025184441 0.999404907 15.615197182
0.999091268 0.000457813 -0.042620119 0.100339651 -0.001571119 0.999658287 -0.026091775 -0.311839283 0.042593613 0.026135022 0.998750567 15.782848358
0.997920096 0.001320749 -0.064448178 0.066159248 -0.002989004 0.999662697 -0.025795681 -0.315971524 0.064392366 0.025934665 0.997587621 15.964409828
0.996101975 0.001805029 -0.088189453 0.027037263 -0.003952401 0.999699831 -0.024180980 -0.323509932 0.088119328 0.024435285 0.995810211 16.167396545
0.993342221 0.003069857 -0.115159735 -0.021511436 -0.005729618 0.999724269 -0.022772374 -0.329824567 0.115058087 0.023280580 0.993086040 16.386720657
0.989440799 0.004029402 -0.144881696 -0.092601776 -0.007075269 0.999764442 -0.020514028 -0.338401318 0.144764915 0.021322493 0.989236236 16.610914230
0.983992398 0.004105396 -0.178162724 -0.157898664 -0.007253061 0.999828875 -0.017019637 -0.345472753 0.178062335 0.018039417 0.983853757 16.851341248
0.976583242 0.005125251 -0.215079308 -0.245012045 -0.008112024 0.999882519 -0.013006444 -0.349931777 0.214987382 0.014446605 0.976509929 17.105638504
0.966933787 0.006649445 -0.254940778 -0.351332426 -0.008873362 0.999931872 -0.007574152 -0.356362492 0.254873067 0.009585884 0.966926873 17.368751526
0.954982281 0.010441016 -0.296479046 -0.467810631 -0.011786528 0.999926746 -0.002751200 -0.358989358 0.296428621 0.006121805 0.955035388 17.633472443
0.940773427 0.013689643 -0.338759363 -0.601365089 -0.014089352 0.999899924 0.001279328 -0.356547832 0.338743031 0.003569343 0.940872133 17.908020020
0.924068689 0.016609490 -0.381865352 -0.743938446 -0.014772886 0.999860823 0.007740997 -0.371859789 0.381940842 -0.001511960 0.924185455 18.167713165
0.904806137 0.019894412 -0.425358683 -0.915068150 -0.014915669 0.999775767 0.015032396 -0.372168154 0.425562263 -0.007256894 0.904900014 18.451686859
0.882859290 0.024223452 -0.469012529 -1.103905201 -0.016092217 0.999642789 0.021337669 -0.367907494 0.469361871 -0.011290705 0.882933736 18.731216431
0.857969940 0.029648462 -0.512843490 -1.311057568 -0.018903796 0.999479115 0.026156375 -0.371050864 0.513351858 -0.012746695 0.858083546 19.003208160
0.830284595 0.032354750 -0.556399703 -1.545244217 -0.019378625 0.999385834 0.029196816 -0.363739491 0.557002664 -0.013459403 0.830401540 19.274242401
0.799713612 0.035719234 -0.599318266 -1.798617363 -0.021728205 0.999296665 0.030564344 -0.356271565 0.599988401 -0.011420610 0.799927115 19.533227921
0.765694380 0.038768411 -0.642035186 -2.078396797 -0.022191692 0.999179840 0.033868190 -0.350187778 0.642821729 -0.011684832 0.765926778 19.815853119
0.728926837 0.042362392 -0.683279634 -2.387248993 -0.023114724 0.999037504 0.037280008 -0.332782865 0.684201241 -0.011380576 0.729204476 20.086921692
0.689977825 0.043520823 -0.722520947 -2.714064598 -0.020710811 0.998969138 0.040394627 -0.321230829 0.723534167 -0.012907403 0.690167964 20.351484299
0.649471581 0.043363295 -0.759148419 -3.064590454 -0.018393224 0.998976409 0.041326616 -0.306791663 0.760163307 -0.012877272 0.649604440 20.597679138
0.607470214 0.041944481 -0.793234289 -3.434469223 -0.012723139 0.998990595 0.043080866 -0.292959094 0.794240594 -0.016077908 0.607390642 20.835332870
0.561973929 0.041613631 -0.826107681 -3.837402344 -0.007297163 0.998944223 0.045355942 -0.279385567 0.827122927 -0.019460607 0.561684191 21.087768555
0.515341580 0.043108892 -0.855899870 -4.280170441 -0.005549125 0.998880923 0.046969227 -0.255364835 0.856966794 -0.019455707 0.515004158 21.313646317
0.465360373 0.042761672 -0.884087741 -4.743828773 -0.004852702 0.998940468 0.045762550 -0.232409656 0.885107934 -0.017005866 0.465074867 21.519721985
0.413203061 0.041642886 -0.909686267 -5.230355263 0.001245221 0.998927057 0.046293687 -0.215625584 0.910638034 -0.020261455 0.412707865 21.705368042
0.359078437 0.040694639 -0.932419777 -5.729602814 0.006419309 0.998917639 0.046068978 -0.196192980 0.933285296 -0.022527864 0.358428508 21.873357773
0.304922462 0.039465994 -0.951559007 -6.261987686 0.008573093 0.998986840 0.044180263 -0.168765008 0.952338457 -0.021629360 0.304275215 22.014141083
0.252779573 0.045414835 -0.966457367 -6.826676846 0.009592433 0.998731017 0.049440321 -0.142881155 0.967476249 -0.021768186 0.252023160 22.114036560
0.201278061 0.050381906 -0.978237629 -7.411496162 0.012059589 0.998473227 0.053905427 -0.115172088 0.979459882 -0.022647124 0.200363174 22.202255249
0.152641177 0.051592190 -0.986934125 -8.015071869 0.017507115 0.998338580 0.054896053 -0.088518798 0.988126576 -0.025657766 0.151484370 22.275579453
0.108165756 0.053100951 -0.992713809 -8.632543564 0.020408586 0.998243332 0.055620454 -0.070107162 0.993923366 -0.026276112 0.106892034 22.322357178
0.067568094 0.051528070 -0.996383190 -9.265889168 0.020403109 0.998385191 0.053015213 -0.044375718 0.997506022 -0.023911452 0.066407651 22.342010498
0.031940594 0.047034618 -0.998382449 -9.912981987 0.017662087 0.998709559 0.047615092 -0.008024633 0.999333799 -0.019154370 0.031068644 22.338876724
0.003487985 0.046961069 -0.998890758 -10.581595421 0.015314820 0.998777032 0.047009207 0.025553346 0.999876618 -0.015461798 0.002764519 22.315433502
-0.017568089 0.051003568 -0.998543918 -11.285245895 0.013963382 0.998613119 0.050761439 0.057150126 0.999748170 -0.013051268 -0.018255910 22.284807205
-0.030394791 0.057150595 -0.997902751 -12.018397331 0.015519859 0.998270631 0.056698956 0.089770615 0.999417484 -0.013763957 -0.031229196 22.251522064
-0.038278408 0.059876911 -0.997471571 -12.768018723 0.015353533 0.998120546 0.059326664 0.122173786 0.999149144 -0.013043783 -0.039125785 22.216590881
-0.041871920 0.056821194 -0.997505963 -13.524950981 0.016014885 0.998291433 0.056193694 0.157173336 0.998994648 -0.013622005 -0.042710368 22.174121857
-0.041167077 0.053057875 -0.997742534 -14.305832863 0.023547225 0.998363137 0.052119322 0.192598999 0.998874784 -0.021348469 -0.042349059 22.149248123
-0.036839195 0.051429264 -0.997996926 -15.112311363 0.035380036 0.998115838 0.050129406 0.236586332 0.998694658 -0.033462446 -0.038589358 22.133417130
-0.031239867 0.051545125 -0.998182058 -15.938680649 0.035809558 0.998085976 0.050419454 0.273350775 0.998870254 -0.034169350 -0.033025876 22.109468460
-0.026157813 0.050354443 -0.998388827 -16.780897141 0.033986341 0.998197973 0.049454384 0.299578369 0.999079883 -0.032637965 -0.027822046 22.081474304
-0.022942746 0.043865476 -0.998773992 -17.648818970 0.037533298 0.998370528 0.042985573 0.336719394 0.999032080 -0.036501080 -0.024551773 22.068845749
-0.020943778 0.033028055 -0.999234974 -18.528972626 0.035344936 0.998853862 0.032274637 0.371252477 0.999155700 -0.034641944 -0.022087155 22.053216934
-0.020041715 0.024849907 -0.999490201 -19.419473648 0.027755560 0.999319613 0.024289113 0.390940815 0.999413908 -0.027254617 -0.020717803 22.012540817
-0.021472502 0.021796603 -0.999531806 -20.341917038 0.022155343 0.999527097 0.021320550 0.417706788 0.999523938 -0.021687163 -0.021945260 21.982692719
-0.025022190 0.027906714 -0.999297321 -21.283655167 0.012769468 0.999537587 0.027593683 0.435888916 0.999605477 -0.012070037 -0.025366975 21.936933517
-0.029920697 0.036017261 -0.998903155 -22.251743317 0.008052500 0.999326766 0.035791334 0.458668172 0.999519825 -0.006972766 -0.030190583 21.889785767
-0.034341875 0.045523398 -0.998372853 -23.242677689 0.006410817 0.998951495 0.045329265 0.492859662 0.999389589 -0.004843694 -0.034597706 21.842153549
-0.036082014 0.055352908 -0.997814655 -24.246522903 0.005321773 0.998461366 0.055196341 0.533756495 0.999334633 -0.003318549 -0.036321074 21.805227280
-0.037361063 0.063229240 -0.997299492 -25.262790680 0.007172485 0.997987568 0.063004166 0.576762319 0.999276102 -0.004799214 -0.037739389 21.768844604
-0.038519122 0.063928969 -0.997210741 -26.275859833 0.008241533 0.997937799 0.063657224 0.629157305 0.999223888 -0.005766526 -0.038966555 21.723470688
-0.040507924 0.061201487 -0.997303247 -27.293884277 0.007394241 0.998113394 0.060950883 0.678887725 0.999151886 -0.004905306 -0.040884037 21.680482864
-0.043352436 0.056409698 -0.997466028 -28.316646576 0.006917713 0.998397708 0.056161728 0.724439383 0.999035835 -0.004465437 -0.043673202 21.631118774
-0.048250441 0.051246900 -0.997519732 -29.339847565 0.007242430 0.998674631 0.050955914 0.766734064 0.998809040 -0.004765820 -0.048557639 21.581007004
-0.053723074 0.046748154 -0.997460902 -30.369171143 0.007112505 0.998896122 0.046432331 0.804291070 0.998530567 -0.004599957 -0.053996272 21.514091492
-0.060779769 0.044926226 -0.997139573 -31.406385422 0.006525469 0.998983026 0.044611529 0.841647267 0.998129845 -0.003795325 -0.061011124 21.448043823
-0.067430630 0.047200654 -0.996606827 -32.461643219 0.006440482 0.998880029 0.046872556 0.881828547 0.997703195 -0.003257982 -0.067659117 21.373840332
-0.073576272 0.052195340 -0.995922804 -33.532283783 0.005093487 0.998636127 0.051961251 0.919299901 0.997276604 -0.001249605 -0.073741756 21.285568237
-0.079986259 0.055207118 -0.995265961 -34.598838806 0.002348830 0.998472750 0.055196222 0.961525679 0.996793211 0.002077231 -0.079993792 21.193904877
-0.084476121 0.057369046 -0.994772553 -35.675163269 -0.000761994 0.998337150 0.057639316 1.010700464 0.996425211 0.005627158 -0.084291920 21.093067169
-0.086951315 0.058583729 -0.994488537 -36.743591309 -0.005606982 0.998224795 0.059294064 1.058392763 0.996196747 0.010731777 -0.086468488 20.982505798
-0.088442937 0.059915390 -0.994277537 -37.820808411 -0.009338932 0.998095512 0.060976177 1.108331800 0.996037424 0.014678402 -0.087714933 20.873548508
-0.089856319 0.059231203 -0.994191825 -38.906295776 -0.010728895 0.998114467 0.060434602 1.160354614 0.995896935 0.016097013 -0.089051411 20.761150360
-0.091056019 0.058536164 -0.994123816 -39.986595154 -0.011217936 0.998147309 0.059800565 1.207896233 0.995782614 0.016597221 -0.090230644 20.652524948
-0.092051767 0.057911079 -0.994068801 -41.067569733 -0.012215517 0.998166621 0.059280973 1.255831957 0.995679319 0.017599983 -0.091175571 20.543876648
-0.093286157 0.056970783 -0.994008005 -42.147075653 -0.014366142 0.998180628 0.058558166 1.305662632 0.995535612 0.019742725 -0.092297986 20.439310074
-0.093921833 0.054568373 -0.994082987 -43.234668732 -0.018936245 0.998218179 0.056584477 1.352490664 0.995399415 0.024138717 -0.092721172 20.322376251
-0.094375938 0.049776632 -0.994291425 -44.332927704 -0.023703109 0.998353720 0.052229848 1.394019842 0.995254397 0.028497037 -0.093040697 20.209857941
-0.093323886 0.048798937 -0.994439185 -45.429016113 -0.025420625 0.998355746 0.051376756 1.446039915 0.995311201 0.030073943 -0.091929927 20.094524384
-0.092061393 0.053179622 -0.994332194 -46.540569305 -0.026206903 0.998097539 0.055807393 1.486462474 0.995408416 0.031196084 -0.090492569 19.994268417
-0.090080135 0.056612957 -0.994324148 -47.646106720 -0.026007714 0.997908890 0.059173204 1.530171514 0.995594859 0.031190429 -0.088419363 19.888708115
-0.088440381 0.056181896 -0.994495809 -48.758316040 -0.024223598 0.997991502 0.058533579 1.583513737 0.995786905 0.029266998 -0.086901821 19.782484055
-0.085969277 0.055305943 -0.994761467 -49.866348267 -0.023973931 0.998054087 0.057560872 1.632963300 0.996009231 0.028796814 -0.084476091 19.680656433
-0.082263030 0.055650722 -0.995055616 -50.991844177 -0.028085867 0.997913837 0.058132470 1.685225606 0.996214807 0.032729149 -0.080528416 19.587135315
-0.076402411 0.056634281 -0.995467365 -52.111400604 -0.033027247 0.997693896 0.059295822 1.734110832 0.996529937 0.037407886 -0.074355766 19.486488342
-0.070457317 0.055859312 -0.995949507 -53.237937927 -0.037147734 0.997591317 0.058579363 1.793678522 0.996822834 0.041124612 -0.068212554 19.394851685
-0.064643450 0.055067271 -0.996387899 -54.363239288 -0.038571887 0.997592211 0.057636291 1.845154762 0.997162700 0.042158369 -0.062363759 19.313148499
-0.058842935 0.054083895 -0.996801078 -55.495380402 -0.038404491 0.997669458 0.056398101 1.898366213 0.997528195 0.041600272 -0.056628730 19.239931107
-0.053462703 0.053815935 -0.997118592 -56.638271332 -0.036861718 0.997759759 0.055826955 1.949866056 0.997889161 0.039740164 -0.051359188 19.172473907
-0.047793381 0.054438874 -0.997372568 -57.785690308 -0.035908807 0.997774541 0.056181543 2.002296925 0.998211503 0.038499568 -0.045732189 19.110433578
-0.041794773 0.056098491 -0.997550070 -58.924690247 -0.034954637 0.997729123 0.057573076 2.049817085 0.998514533 0.037275262 -0.039738964 19.049474716
-0.036333777 0.057428330 -0.997688234 -60.074909210 -0.035565827 0.997640669 0.058720835 2.098454714 0.998706639 0.037617158 -0.034205560 19.003471375
-0.031485230 0.056644291 -0.997897863 -61.233074188 -0.034817200 0.997724771 0.057732992 2.146564484 0.998897552 0.036561750 -0.029441398 18.970623016
-0.026388597 0.052291606 -0.998283148 -62.383083344 -0.035088271 0.997967064 0.053202566 2.191526175 0.999035716 0.036431976 -0.024500124 18.930892944
-0.022061424 0.046939261 -0.998654008 -63.541629791 -0.035015810 0.998248041 0.047693722 2.233712435 0.999143243 0.036020871 -0.020379156 18.905876160
-0.018481210 0.046507437 -0.998746991 -64.710418701 -0.034732342 0.998284817 0.047128610 2.274920464 0.999225736 0.035559814 -0.016834199 18.880002975
-0.015227030 0.048956133 -0.998684824 -65.879669189 -0.034113251 0.998193741 0.049452186 2.311745167 0.999301970 0.034821399 -0.013529474 18.856685638
-0.013007054 0.048637472 -0.998731792 -67.043350220 -0.034148917 0.998211980 0.049056899 2.352328300 0.999332130 0.034743693 -0.011322883 18.834114075
-0.012018069 0.048591182 -0.998746455 -68.206886292 -0.036041848 0.998148501 0.048995785 2.395750046 0.999278009 0.036585502 -0.010244501 18.814470291
-0.011114549 0.049663652 -0.998704135 -69.375755310 -0.037047155 0.998059630 0.050043903 2.432591915 0.999251664 0.037555363 -0.009253087 18.791603088
-0.009966318 0.049200632 -0.998739183 -70.550086975 -0.037766729 0.998057604 0.049543940 2.471858740 0.999236882 0.038212880 -0.008088814 18.771018982
-0.008768619 0.047300830 -0.998842120 -71.728050232 -0.038085349 0.998139977 0.047601920 2.509824276 0.999235928 0.038458664 -0.006950841 18.751543045
-0.008162104 0.045806989 -0.998916984 -72.915191650 -0.036366113 0.998275757 0.046074729 2.552386284 0.999305189 0.036702789 -0.006482209 18.741464615
-0.007964215 0.046013691 -0.998909056 -74.096954346 -0.032747902 0.998392940 0.046251021 2.582942486 0.999431849 0.033080526 -0.006444565 18.735260010
-0.007517661 0.046623729 -0.998884261 -75.276535034 -0.030524906 0.998436272 0.046832550 2.623882294 0.999505758 0.030842915 -0.006082721 18.722091675
-0.007638777 0.049537364 -0.998742998 -76.468574524 -0.029913520 0.998314023 0.049744863 2.661969900 0.999523282 0.030255919 -0.006144060 18.710603714
-0.007115600 0.052659780 -0.998587072 -77.648612976 -0.032800365 0.998062789 0.052865848 2.705379248 0.999436617 0.033130195 -0.005374555 18.691274643
-0.006783607 0.053353872 -0.998552620 -78.836326599 -0.034685254 0.997962177 0.053557947 2.741544247 0.999375224 0.034998372 -0.004919191 18.681625366
-0.006608022 0.050941505 -0.998679757 -80.015426636 -0.035962258 0.998043358 0.051147003 2.787377119 0.999331295 0.036252763 -0.004763121 18.669626236
-0.006300401 0.048754614 -0.998790860 -81.200325012 -0.035285901 0.998177826 0.048947271 2.827504873 0.999357402 0.035551619 -0.004568568 18.658973694
-0.006338530 0.047886088 -0.998832703 -82.371627808 -0.034163192 0.998259246 0.048075400 2.863797665 0.999396086 0.034428049 -0.004691554 18.645311356
-0.006145211 0.049322281 -0.998763978 -83.550689697 -0.032686006 0.998239279 0.049497474 2.905339241 0.999446690 0.032949775 -0.004522243 18.633893967
-0.006145860 0.051904257 -0.998633265 -84.722282410 -0.031966094 0.998131454 0.052074909 2.948729038 0.999470174 0.032242436 -0.004475201 18.626382828
-0.005574344 0.054380778 -0.998504758 -85.897422791 -0.032261703 0.997990608 0.054532893 2.989648104 0.999463916 0.032517448 -0.003808727 18.616231918
-0.005104478 0.054947592 -0.998476207 -87.058822632 -0.034466263 0.997886300 0.055091336 3.023112297 0.999392807 0.034694955 -0.003199851 18.593524933
-0.004834798 0.052898128 -0.998588204 -88.234924316 -0.033731371 0.998023033 0.053031497 3.067193270 0.999419212 0.033940148 -0.003040913 18.587060928
-0.004531788 0.051385231 -0.998668611 -89.387123108 -0.031921603 0.998162508 0.051504035 3.109557152 0.999480128 0.032112498 -0.002883164 18.577249527
-0.004494478 0.052562620 -0.998607516 -90.551925659 -0.030435488 0.998147786 0.052675396 3.149221897 0.999526620 0.030629855 -0.002886385 18.565835953
-0.004199202 0.054721031 -0.998492837 -91.728851318 -0.028047895 0.998102307 0.054817591 3.204747677 0.999597728 0.028235810 -0.002656424 18.558662415
-0.004183413 0.057868075 -0.998315394 -92.882949829 -0.027410291 0.997942388 0.057961315 3.236659288 0.999615490 0.027606595 -0.002588623 18.553949356
-0.003720387 0.059696291 -0.998209655 -94.053817749 -0.027961897 0.997819960 0.059777211 3.283390999 0.999602079 0.028134227 -0.002043055 18.547605515
-0.002746544 0.061455417 -0.998106062 -95.212638855 -0.030895920 0.997628152 0.061511006 3.337711334 0.999518752 0.031006349 -0.000841308 18.523036957
-0.002840478 0.061109323 -0.998127043 -96.375205994 -0.033014372 0.997581244 0.061169855 3.377512932 0.999450803 0.033126283 -0.000816122 18.516597748
-0.002729735 0.056919452 -0.998375058 -97.530258179 -0.035210703 0.997754335 0.056980327 3.428550720 0.999376118 0.035309035 -0.000719431 18.500934601
-0.002159577 0.055128966 -0.998476923 -98.690025330 -0.036897860 0.997794986 0.055171117 3.476398468 0.999316633 0.036960818 -0.000120674 18.485813141
-0.002118694 0.053535353 -0.998563707 -99.853187561 -0.036692433 0.997889280 0.053577058 3.517988920 0.999324381 0.036753241 -0.000149880 18.481666565
-0.001965041 0.053713996 -0.998554349 -101.008087158 -0.035357688 0.997928202 0.053749893 3.564722538 0.999372780 0.035412196 -0.000061767 18.480550766
-0.002013649 0.056019530 -0.998427629 -102.167823792 -0.035225242 0.997806072 0.056055691 3.607102871 0.999377310 0.035282739 -0.000035930 18.472734451
-0.002336769 0.058235466 -0.998300135 -103.332824707 -0.033763431 0.997729063 0.058281194 3.652325392 0.999427140 0.033842236 -0.000365233 18.472421646
-0.002802418 0.057017423 -0.998369277 -104.491264343 -0.037868284 0.997651041 0.057082705 3.704545975 0.999278903 0.037966497 -0.000636682 18.456895828
-0.002836088 0.058116872 -0.998305678 -105.658302307 -0.041397151 0.997447133 0.058184490 3.755003691 0.999138772 0.041492030 -0.000422976 18.441913605
-0.003048103 0.057564236 -0.998337150 -106.826782227 -0.044963278 0.997324228 0.057643112 3.806006193 0.998983979 0.045064211 -0.000451670 18.424608231
-0.003294132 0.053771757 -0.998547673 -108.002044678 -0.045792386 0.997497618 0.053866263 3.852605820 0.998945534 0.045903333 -0.000823552 18.418424606
-0.003845238 0.049683981 -0.998757720 -109.185478210 -0.045723669 0.997711599 0.049807992 3.902323246 0.998946726 0.045858383 -0.001564704 18.402429581
-0.004764762 0.048723187 -0.998800933 -110.378051758 -0.042054676 0.997918844 0.048880782 3.948717117 0.999103904 0.042237159 -0.002705808 18.394906998
-0.004995786 0.048385084 -0.998816252 -111.578788757 -0.038018383 0.998097420 0.048540417 3.986134052 0.999264538 0.038215879 -0.003146759 18.389955521
-0.005529745 0.050338283 -0.998716891 -112.784339905 -0.036686700 0.998049617 0.050507776 4.029656410 0.999311507 0.036918916 -0.003672215 18.381010056
-0.006498483 0.054094527 -0.998514593 -114.006072998 -0.035805676 0.997882843 0.054293331 4.076469421 0.999337554 0.036105324 -0.004547832 18.370906830
-0.007122406 0.054203603 -0.998504460 -115.235046387 -0.034047641 0.997937679 0.054415703 4.129002571 0.999394774 0.034384299 -0.005262213 18.362739563
-0.007589543 0.049938429 -0.998723447 -116.460601807 -0.034080468 0.998159111 0.050169192 4.173090458 0.999390304 0.034417722 -0.005873647 18.348098755
-0.008599603 0.046805538 -0.998866975 -117.697586060 -0.034319118 0.998301625 0.047074508 4.211602211 0.999373913 0.034685049 -0.006978672 18.335119247
-0.009188664 0.044952676 -0.998946846 -118.927169800 -0.033436164 0.998416603 0.045236375 4.257788181 0.999398589 0.033816613 -0.007671070 18.317943573
-0.009896439 0.045918062 -0.998896182 -120.169990540 -0.035231829 0.998308778 0.046240125 4.304387569 0.999330282 0.035650544 -0.008261923 18.298759460
-0.010274579 0.050953269 -0.998648047 -121.438354492 -0.040036920 0.997879207 0.051325943 4.344901085 0.999145329 0.040510163 -0.008212775 18.270471573
-0.009865600 0.054065533 -0.998488605 -122.698539734 -0.045627456 0.997472882 0.054461353 4.393407822 0.998909891 0.046095788 -0.007373794 18.232532501
-0.010633868 0.053976055 -0.998485565 -123.956695557 -0.053085390 0.997103453 0.054466698 4.448252201 0.998533309 0.053584192 -0.007737729 18.212457657
-0.010218251 0.051748265 -0.998607814 -125.218376160 -0.056256384 0.997048557 0.052243099 4.501961708 0.998364091 0.056711901 -0.007276922 18.183002472
-0.010918679 0.050298020 -0.998674572 -126.481163025 -0.058357019 0.996999800 0.050851695 4.550606728 0.998236060 0.058834895 -0.007950678 18.165651321
-0.011551568 0.050045140 -0.998680115 -127.741592407 -0.058204886 0.997019649 0.050635170 4.586461544 0.998237848 0.058712974 -0.008604269 18.142181396
-0.011514626 0.049655885 -0.998700023 -129.019165039 -0.056022406 0.997165382 0.050225500 4.623747826 0.998363078 0.056527905 -0.008700143 18.113697052
-0.012034293 0.050282124 -0.998662531 -130.268585205 -0.055916019 0.997138202 0.050879184 4.665309906 0.998362958 0.056453530 -0.009188277 18.096935272
-0.012978389 0.055240523 -0.998388708 -131.537139893 -0.055564076 0.996890187 0.055879906 4.713213444 0.998370886 0.056199770 -0.009868639 18.080116272
-0.013325362 0.059455331 -0.998142004 -132.803100586 -0.054893546 0.996681750 0.060101189 4.761570930 0.998403251 0.055592421 -0.010017430 18.055259705
-0.013265923 0.058084384 -0.998223543 -134.055480957 -0.055180389 0.996747553 0.058731828 4.816905022 0.998388290 0.055861495 -0.010017657 18.030769348
-0.012533381 0.056498230 -0.998323977 -135.310211182 -0.055029120 0.996850431 0.057105698 4.873885155 0.998406053 0.055652630 -0.009384858 18.009717941
-0.011300289 0.055984315 -0.998367727 -136.557159424 -0.054225493 0.996927917 0.056517351 4.924075127 0.998464704 0.054775640 -0.008229796 17.989648819
-0.010300004 0.055338014 -0.998414516 -137.807983398 -0.054363318 0.996959865 0.055818222 4.969951153 0.998468041 0.054852057 -0.007260331 17.970115662
-0.009493682 0.057669993 -0.998290539 -139.058212280 -0.054218840 0.996837258 0.058101654 5.018601418 0.998483896 0.054677751 -0.006336856 17.956260681
-0.008892807 0.061324295 -0.998078287 -140.308151245 -0.055552140 0.996545970 0.061725106 5.072144508 0.998416185 0.055994295 -0.005455396 17.939817429
-0.006988700 0.062085018 -0.998046339 -141.568267822 -0.057015713 0.996422350 0.062383235 5.131536007 0.998348773 0.057340302 -0.003423876 17.914096832
-0.006054048 0.059142441 -0.998231113 -142.813003540 -0.058822706 0.996499836 0.059396613 5.188595295 0.998250067 0.059078258 -0.002553939 17.896224976
-0.006268645 0.056549415 -0.998380125 -144.048065186 -0.057502035 0.996727288 0.056816839 5.233633041 0.998325706 0.057765048 -0.002996423 17.889644623
-0.005963977 0.054945484 -0.998471558 -145.286804199 -0.054762475 0.996972978 0.055190120 5.280558586 0.998481512 0.055007920 -0.002936973 17.878757477
-0.006188059 0.054679409 -0.998484731 -146.541091919 -0.052849241 0.997090459 0.054930586 5.319774628 0.998583317 0.053109068 -0.003280289 17.872800827
-0.006583021 0.054779198 -0.998476803 -147.780975342 -0.050776675 0.997192144 0.055043489 5.371536732 0.998688281 0.051061697 -0.003783031 17.868602753
-0.006722621 0.053117059 -0.998565674 -149.017181396 -0.048868779 0.997377634 0.053382862 5.422794342 0.998782575 0.049157564 -0.004109226 17.860092163
-0.006431611 0.053258851 -0.998560011 -150.256561279 -0.048034083 0.997411489 0.053506970 5.473494053 0.998825014 0.048309051 -0.003856723 17.842119217
-0.006727853 0.055957366 -0.998410463 -151.494796753 -0.045732401 0.997371137 0.056207284 5.518483162 0.998931050 0.046037868 -0.004151101 17.833938599
-0.006793023 0.057169631 -0.998341322 -152.729522705 -0.043395016 0.997407019 0.057411391 5.570757866 0.999034882 0.043713029 -0.004294530 17.822015762
-0.006986860 0.055612110 -0.998427987 -153.964675903 -0.041205991 0.997588336 0.055853684 5.621305943 0.999126375 0.041531444 -0.004678458 17.812980652
-0.007526431 0.056078237 -0.998397946 -155.197128296 -0.042610206 0.997501433 0.056349106 5.672223568 0.999063432 0.042966045 -0.005118120 17.795835495
-0.007567320 0.060591366 -0.998133898 -156.434890747 -0.042747509 0.997230470 0.060860604 5.725303650 0.999057353 0.043128289 -0.004956232 17.786937714
-0.007167364 0.067524441 -0.997691870 -157.660781860 -0.048114244 0.996538639 0.067792028 5.774726391 0.998816133 0.048489098 -0.003893669 17.767824173
-0.005858963 0.067485228 -0.997703075 -158.887985229 -0.052745186 0.996310353 0.067700796 5.834303379 0.998590827 0.053020690 -0.002277825 17.744390488
-0.004329156 0.063488454 -0.997973204 -160.113479614 -0.056542568 0.996370316 0.063631788 5.898292542 0.998390794 0.056703441 -0.000723642 17.722124100
-0.002809700 0.058316052 -0.998294234 -161.330718994 -0.058267962 0.996592462 0.058380630 5.947282791 0.998297036 0.058332603 0.000597831 17.712345123
-0.001928210 0.056511335 -0.998400092 -162.558959961 -0.060706396 0.996553957 0.056524076 6.003806591 0.998153806 0.060718261 0.001509034 17.696861267
-0.000405016 0.053255040 -0.998580873 -163.764114380 -0.055922277 0.997017086 0.053194325 6.049858093 0.998435020 0.055864461 0.002574336 17.694778442
0.000124065 0.048752993 -0.998810887 -164.983642578 -0.052794654 0.997418225 0.048678458 6.097180367 0.998605371 0.052725833 0.002697642 17.689027786
-0.000542820 0.045063045 -0.998983979 -166.198684692 -0.046698596 0.997893155 0.045039207 6.141016006 0.998908997 0.046675604 0.001562705 17.702127457
-0.001965149 0.048224647 -0.998834610 -167.425048828 -0.044541392 0.997840941 0.048264313 6.180577278 0.999005616 0.044584326 0.000187087 17.709331512
-0.001245150 0.054738719 -0.998499870 -168.663452148 -0.045022402 0.997485101 0.054739229 6.218892574 0.998985231 0.045023020 0.001222450 17.701637268
0.000221475 0.058223609 -0.998303473 -169.884078979 -0.046519294 0.997223377 0.058150295 6.264204025 0.998917341 0.046427488 0.002929381 17.694461823
0.002204919 0.054694466 -0.998500645 -171.092025757 -0.047809858 0.997367084 0.054526784 6.314459801 0.998853981 0.047617953 0.004814048 17.685709000
0.002864053 0.054886319 -0.998488426 -172.307296753 -0.049573477 0.997272730 0.054677289 6.362238884 0.998766303 0.049341947 0.005577147 17.680343628
0.003894275 0.056047231 -0.998420477 -173.524230957 -0.048054192 0.997285068 0.055796053 6.408847809 0.998837113 0.047761001 0.006577007 17.680278778
0.004304369 0.053870663 -0.998538673 -174.726531982 -0.047990248 0.997408450 0.053602818 6.457104683 0.998838544 0.047689401 0.006878480 17.681434631
0.005902139 0.052353561 -0.998611152 -175.914428711 -0.048376303 0.997474253 0.052008037 6.500932693 0.998811662 0.048002154 0.008419905 17.685266495
0.007419324 0.053990390 -0.998513877 -177.077239990 -0.049706742 0.997326851 0.053556871 6.544184685 0.998736262 0.049235515 0.010083178 17.691373825
0.008675929 0.056169420 -0.998383701 -178.207458496 -0.049292907 0.997231364 0.055676240 6.574790955 0.998746634 0.048730180 0.011420664 17.696393967
0.009316871 0.057521977 -0.998300731 -179.299331665 -0.050602604 0.997092068 0.056980077 6.609899521 0.998675406 0.049985748 0.012200542 17.694173813
0.009581138 0.058873992 -0.998219430 -180.385177612 -0.050822034 0.997003794 0.058314484 6.641005993 0.998661697 0.050172828 0.012544527 17.697698593
0.009444207 0.059732489 -0.998169720 -181.430648804 -0.050257683 0.996981025 0.059185848 6.679920197 0.998691618 0.049606737 0.012417714 17.705459595
0.009853758 0.058918197 -0.998214304 -182.449813843 -0.050550744 0.997015715 0.058348443 6.715489388 0.998672903 0.049885526 0.012802713 17.712005615
0.011427579 0.058928747 -0.998196781 -183.431167603 -0.051280208 0.996982872 0.058270022 6.748705387 0.998618841 0.050521862 0.014414981 17.719320297
0.012789355 0.059579454 -0.998141587 -184.394180298 -0.052221220 0.996900797 0.058836266 6.785668373 0.998553634 0.051371697 0.015861029 17.726577759
0.012124633 0.058008399 -0.998242438 -185.330551147 -0.050794732 0.997062683 0.057322890 6.815766335 0.998635530 0.050010450 0.015035539 17.733810425
0.008902687 0.055017099 -0.998445749 -186.278488159 -0.048191499 0.997348607 0.054526951 6.845150471 0.998798430 0.047631156 0.011530441 17.744745255
0.003950401 0.051325988 -0.998674095 -187.208190918 -0.047997046 0.997540653 0.051077873 6.877095222 0.998839617 0.047731634 0.006404181 17.746055603
-0.001038494 0.048231147 -0.998835683 -188.134109497 -0.049922802 0.997588217 0.048222825 6.909802437 0.998752534 0.049914755 0.001371845 17.735818863
-0.004772871 0.047466889 -0.998861551 -189.065155029 -0.051766418 0.997521758 0.047650602 6.939050674 0.998647809 0.051934898 -0.002303853 17.722318649
-0.007536274 0.048293076 -0.998804748 -189.991729736 -0.053478476 0.997384250 0.048627913 6.965910912 0.998540580 0.053781036 -0.004933921 17.702196121
-0.009634477 0.049986277 -0.998703420 -190.913421631 -0.051931728 0.997376919 0.050420873 6.996006966 0.998604178 0.052350178 -0.007013331 17.694284439
-0.011056185 0.051446658 -0.998614550 -191.832214355 -0.049653929 0.997415304 0.051934619 7.028228760 0.998705387 0.050159335 -0.008473078 17.681476593
-0.012933911 0.052138962 -0.998556077 -192.735351562 -0.047849007 0.997463226 0.052701667 7.055471420 0.998770773 0.048461556 -0.010406304 17.676456451
-0.013222369 0.051041055 -0.998608947 -193.648025513 -0.048727691 0.997476816 0.051628388 7.082688332 0.998724520 0.049342562 -0.010701895 17.646581650
-0.014117578 0.049873546 -0.998655677 -194.557342529 -0.050249882 0.997457922 0.050524089 7.115227699 0.998636842 0.050895616 -0.011575552 17.631370544
-0.014902809 0.048645366 -0.998704910 -195.464111328 -0.053809680 0.997329473 0.049381331 7.153493404 0.998439968 0.054475918 -0.012245419 17.619142532
-0.013204406 0.047648575 -0.998776853 -196.374755859 -0.056491502 0.997233033 0.048321776 7.172539234 0.998315692 0.057060473 -0.010476129 17.584701538
-0.012125887 0.045356374 -0.998897314 -197.286651611 -0.056143682 0.997363865 0.045968298 7.195140839 0.998348951 0.056639183 -0.009547446 17.569627762
-0.011603439 0.042657100 -0.999022305 -198.195358276 -0.056531567 0.997463644 0.043247141 7.225512981 0.998333395 0.056978121 -0.009162536 17.554452896
-0.010651660 0.041739698 -0.999071717 -199.123245239 -0.056606457 0.997501016 0.042277589 7.259630680 0.998339832 0.057004239 -0.008262305 17.534610748
-0.009762418 0.044899512 -0.998943806 -200.048400879 -0.054133687 0.997502685 0.045363780 7.283261299 0.998485982 0.054519366 -0.007307462 17.517322540
-0.010322004 0.046284314 -0.998874903 -200.986114502 -0.053559791 0.997468650 0.046772618 7.308246136 0.998511314 0.053982325 -0.007816896 17.508819580
-0.008889137 0.042459503 -0.999058664 -201.919326782 -0.048348382 0.997911274 0.042840928 7.339991570 0.998790979 0.048683684 -0.006817723 17.495807648
-0.009706624 0.038975097 -0.999193013 -202.858749390 -0.046911702 0.998122156 0.039389044 7.371886253 0.998851955 0.047256179 -0.007860008 17.498468399
-0.008501878 0.039883018 -0.999168098 -203.823577881 -0.051579852 0.997856617 0.040269561 7.399000645 0.998632669 0.051879313 -0.006426495 17.472812653
-0.006654283 0.044018410 -0.999008477 -204.781448364 -0.052938838 0.997614205 0.044309597 7.425989151 0.998575568 0.053181201 -0.004308123 17.453548431
-0.005242098 0.043458782 -0.999041498 -205.747726440 -0.050497327 0.997769177 0.043668393 7.455564499 0.998710454 0.050677836 -0.003035852 17.453243256
-0.003229141 0.044659108 -0.998997033 -206.717514038 -0.049399793 0.997775376 0.044764176 7.492386818 0.998773873 0.049494796 -0.001015807 17.452594757
-0.001254163 0.049275540 -0.998784363 -207.702270508 -0.050023399 0.997531593 0.049276553 7.528922558 0.998747230 0.050024383 0.001213863 17.440443039
0.000383365 0.052862514 -0.998601675 -208.697799683 -0.047256187 0.997487128 0.052785367 7.568916321 0.998882711 0.047169864 0.002880483 17.445831299
0.001681187 0.053722840 -0.998554468 -209.692779541 -0.046934888 0.997459769 0.053584911 7.604650974 0.998896539 0.046776962 0.004198392 17.444511414
0.003806893 0.054437567 -0.998509884 -210.695343018 -0.050137572 0.997271657 0.054178908 7.648108482 0.998735070 0.049856622 0.006525876 17.442962646
0.006623100 0.056484781 -0.998381495 -211.707672119 -0.052934814 0.997023284 0.056056779 7.688670158 0.998575985 0.052477863 0.009593395 17.439617157
0.009764498 0.057059746 -0.998323023 -212.722640991 -0.053987775 0.996944547 0.056452908 7.728017330 0.998493850 0.053346012 0.012815192 17.452224731
0.012917971 0.054257065 -0.998443544 -213.751815796 -0.056937788 0.996946514 0.053439062 7.774449348 0.998294175 0.056158837 0.015967805 17.455696106
