1.000000000 0.000000000 0.000000000 0.000000000 0.000000000 1.000000000 0.000000000 0.000000000 0.000000000 0.000000000 1.000000000 0.000000000
0.999993247 0.003283864 0.001650186 -0.051054663 -0.003286863 0.999992946 0.001817849 -0.025338223 -0.001644205 -0.001823261 0.999996986 0.726263762
0.999980700 0.005743144 0.002369718 -0.091342641 -0.005748993 0.999980426 0.002469164 -0.047115771 -0.002355491 -0.002482740 0.999994144 1.434857527
0.999974713 0.006317579 0.003265148 -0.119252100 -0.006325276 0.999977229 0.002352247 -0.066182712 -0.003250213 -0.002372840 0.999991903 2.132196827
0.999959533 0.008387558 0.003252993 -0.122057557 -0.008393538 0.999963100 0.001829256 -0.074976801 -0.003237530 -0.001856486 0.999993036 2.859757804
0.999955830 0.008738807 0.003459989 -0.124778709 -0.008744272 0.999960539 0.001567568 -0.091206592 -0.003446154 -0.001597753 0.999992786 3.578066992
0.999950150 0.008894557 0.004537033 -0.149933244 -0.008903598 0.999958409 0.001976448 -0.091101463 -0.004519265 -0.002016746 0.999987754 4.261188263
0.999939825 0.009685977 0.005150468 -0.146030223 -0.009711276 0.999940790 0.004909935 -0.105788026 -0.005102606 -0.004959658 0.999974682 4.926980750
0.999933055 0.009445042 0.006684103 -0.151416443 -0.009502047 0.999918312 0.008548749 -0.109160040 -0.006602814 -0.008611690 0.999941119 5.605130747
0.999928359 0.008847855 0.008061734 -0.148388958 -0.008943148 0.999889650 0.011862056 -0.113836986 -0.007955891 -0.011933304 0.999897145 6.261363553
0.999926782 0.008037884 0.009045613 -0.143627830 -0.008164321 0.999868262 0.014028653 -0.122770529 -0.008931660 -0.014101478 0.999860677 6.883702453
0.999903836 0.009053921 0.010504583 -0.152287870 -0.009199969 0.999860518 0.013939352 -0.130257938 -0.010376912 -0.014034654 0.999847662 7.445283571
0.999884916 0.010203331 0.011227026 -0.141000632 -0.010327872 0.999885150 0.011091486 -0.133947870 -0.011112567 -0.011206161 0.999875459 8.011357307
0.999875504 0.010074321 0.012144343 -0.133933166 -0.010173540 0.999915148 0.008136077 -0.135789100 -0.012061347 -0.008258615 0.999893154 8.551458463
0.999877160 0.008175637 0.013372478 -0.117568265 -0.008266712 0.999942915 0.006769613 -0.143792826 -0.013316369 -0.006879328 0.999887668 9.049909632
0.999879690 0.004455670 0.014857748 -0.098779376 -0.004516946 0.999981422 0.004093135 -0.145637255 -0.014839234 -0.004159754 0.999881240 9.540713926
0.999856421 0.002363369 0.016779484 -0.089181102 -0.002417429 0.999991951 0.003202211 -0.158814424 -0.016771781 -0.003242315 0.999854087 9.967615785
0.999796647 0.007311421 0.018793805 -0.084716081 -0.007327038 0.999972866 0.000762205 -0.159763361 -0.018787722 -0.000899753 0.999823090 10.386342536
0.999686434 0.011566737 0.022209109 -0.091101502 -0.011570808 0.999933054 0.000054828 -0.171157879 -0.022206988 -0.000311788 0.999753346 10.756896785
0.999588872 0.012339759 0.025880846 -0.088325395 -0.012371989 0.999922875 0.001085559 -0.180071523 -0.025865454 -0.001405310 0.999664445 11.102076575
0.999531990 0.008181958 0.029476361 -0.074272390 -0.008218168 0.999965617 0.001107483 -0.178055931 -0.029466286 -0.001349206 0.999564864 11.424315172
0.999475536 0.003961920 0.032139645 -0.056840575 -0.003980592 0.999991944 0.000517021 -0.175397745 -0.032137338 -0.000644685 0.999483254 11.710794497
0.999402319 0.000347106 0.034567108 -0.040825126 -0.000410960 0.999998222 0.001840162 -0.181971470 -0.034566408 -0.001853268 0.999400685 11.971538857
0.999222018 0.001577448 0.039406467 -0.093919573 -0.001660262 0.999996482 0.002068896 -0.178277639 -0.039403064 -0.002132712 0.999221122 12.135935803
0.999122340 0.002384394 0.041819437 -0.092645186 -0.002434025 0.999996393 0.001135929 -0.184534622 -0.041816577 -0.001236722 0.999124539 12.344735775
0.999018753 0.003486438 0.044151729 -0.088210382 -0.003465901 0.999993847 -0.000541693 -0.187064875 -0.044153346 0.000388136 0.999024690 12.532200694
0.998897819 0.005376717 0.046628725 -0.082248401 -0.005316310 0.999984861 -0.001419415 -0.190378424 -0.046635651 0.001169958 0.998911281 12.704552571
0.998795019 0.007843629 0.048445718 -0.082253396 -0.007765027 0.999968213 -0.001810470 -0.199431351 -0.048458378 0.001432106 0.998824176 12.874216195
0.998721414 0.009191181 0.049709742 -0.075794703 -0.009038780 0.999953738 -0.003289754 -0.206982766 -0.049737679 0.002836233 0.998758289 13.023826720
0.998624383 0.008106831 0.051803671 -0.069751432 -0.007862575 0.999957000 -0.004917103 -0.212998635 -0.051841305 0.004503028 0.998645183 13.171453071
0.998568663 0.006304315 0.053111972 -0.054494403 -0.005980718 0.999962587 -0.006249455 -0.217206112 -0.053149384 0.005922862 0.998569007 13.321129717
0.998520414 0.005179395 0.054130918 -0.041154369 -0.004802757 0.999963363 -0.007085678 -0.225526156 -0.054165634 0.006815216 0.998508706 13.461486073
0.998435208 0.005812147 0.055617939 -0.034313455 -0.005363707 0.999951922 -0.008208747 -0.230193320 -0.055662976 0.007897584 0.998418380 13.595302812
0.998328350 0.007016228 0.057369655 -0.033564632 -0.006428381 0.999924997 -0.010424782 -0.233931572 -0.057438494 0.010038561 0.998298576 13.720692630
0.998298102 0.006902201 0.057907332 -0.022513850 -0.006175400 0.999900019 -0.012720683 -0.236424576 -0.057989343 0.012341433 0.998240915 13.848834692
0.998283652 0.005936179 0.058262442 -0.005317413 -0.005074478 0.999875712 -0.014926806 -0.242325269 -0.058343809 0.014605535 0.998189701 13.980451366
0.998327601 0.004674958 0.057620705 0.003770612 -0.003710130 0.999851312 -0.016840094 -0.245199017 -0.057690864 0.016598151 0.998196507 14.119110772
0.998468899 0.004349742 0.055144696 0.017530624 -0.003374084 0.999836346 -0.017773463 -0.251945437 -0.055212981 0.017560187 0.998320172 14.240597698
0.998632024 0.004412656 0.052101917 0.022692994 -0.003439052 0.999818074 -0.018761429 -0.254150025 -0.052175226 0.018556583 0.998465522 14.368221344
0.998835984 0.004965755 0.047979360 0.026065676 -0.004006241 0.999790471 -0.020073970 -0.255045699 -0.048068989 0.019858387 0.998646593 14.502351353
0.999095935 0.005010365 0.042216208 0.029999997 -0.004122905 0.999769234 -0.021082687 -0.256583166 -0.042312097 0.020889573 0.998886036 14.635332181
0.999346390 0.005049825 0.035795143 0.025998011 -0.004282403 0.999760029 -0.021483608 -0.264534868 -0.035895042 0.021316277 0.999128201 14.756179128
0.999587448 0.004850841 0.028309071 0.032955420 -0.004209812 0.999734370 -0.022659795 -0.259821226 -0.028411470 0.022531270 0.999342349 14.894394259
0.999784886 0.004818548 0.020173336 0.030349730 -0.004346179 0.999716870 -0.023394226 -0.266226304 -0.020280351 0.023301517 0.999522759 15.020395605
0.999935409 0.003734510 0.010734589 0.012842808 -0.003468579 0.999689236 -0.024686041 -0.267575305 -0.010823444 0.024647213 0.999637618 15.149184224
0.999993997 0.002238850 -0.002644404 0.008442021 -0.002307914 0.999648542 -0.026409584 -0.270834035 0.002584347 0.026415529 0.999647708 15.295669661
0.999817498 0.001325808 -0.019058124 -0.006181700 -0.001861954 0.999602202 -0.028141972 -0.274587313 0.019013232 0.028172322 0.999422242 15.451605268
0.999255268 0.001620807 -0.038552333 -0.030605386 -0.002744091 0.999572693 -0.029101555 -0.277906501 0.038488691 0.029185674 0.998832727 15.620793818
0.998163914 0.002017882 -0.060537011 -0.061948916 -0.003761720 0.999580819 -0.028706029 -0.284166395 0.060453710 0.028881045 0.997753093 15.810063191
0.996438251 0.001738905 -0.084307696 -0.104590577 -0.004055151 0.999618780 -0.027310266 -0.288518646 0.084228066 0.027554874 0.996065441 16.022736482
0.993842995 0.003185320 -0.110751770 -0.164361745 -0.006095982 0.999644596 -0.025952274 -0.294443106 0.110629742 0.026467627 0.993509197 16.237675911
0.989989274 0.003770965 -0.141092231 -0.227847777 -0.007197862 0.999691163 -0.023785897 -0.299998842 0.140958961 0.024563345 0.989710672 16.466939756
0.984660968 0.004171580 -0.174428715 -0.292918184 -0.007800003 0.999767117 -0.020121401 -0.311166282 0.174304156 0.021173303 0.984464196 16.705399382
0.977359339 0.004833357 -0.211530991 -0.383404806 -0.008464942 0.999831868 -0.016265918 -0.312282856 0.211416807 0.017688245 0.977235928 16.971597140
0.967974932 0.006846633 -0.250953490 -0.498147700 -0.009944120 0.999889202 -0.011076891 -0.314589504 0.250849846 0.013217665 0.967935767 17.230462207
0.956229057 0.010639700 -0.292425694 -0.626264994 -0.012927679 0.999899070 -0.005892766 -0.323705267 0.292333482 0.009415220 0.956270092 17.504075620
0.942223824 0.014365497 -0.334675811 -0.765772418 -0.015809818 0.999873750 -0.001591700 -0.326610933 0.334610693 0.006790901 0.942331984 17.779688649
0.925648612 0.016818725 -0.378010288 -0.921526545 -0.016556678 0.999855153 0.003943338 -0.328910394 0.378021857 0.002608449 0.925792996 18.058716887
0.906556899 0.020492109 -0.421585889 -1.100111002 -0.017206970 0.999784706 0.011595739 -0.332074689 0.421732746 -0.003257982 0.906714330 18.348445094
0.884634639 0.024327288 -0.465649802 -1.286848142 -0.018041215 0.999676061 0.017952383 -0.329461785 0.465935692 -0.007480412 0.884786965 18.632018652
0.859869598 0.029501034 -0.509660635 -1.509184713 -0.020962382 0.999527282 0.022489816 -0.326435468 0.510083182 -0.008654608 0.860081534 18.922133786
0.831676399 0.032422613 -0.554313216 -1.738211910 -0.021830010 0.999431188 0.025705083 -0.319648739 0.554831342 -0.009277648 0.831911117 19.212284747
0.800744358 0.035410315 -0.597958680 -1.999287761 -0.024121280 0.999347642 0.026878507 -0.305098162 0.598520373 -0.007099284 0.801076128 19.488573322
0.766772599 0.037675151 -0.640812269 -2.271239902 -0.024519597 0.999266639 0.029410433 -0.289758989 0.641450364 -0.006838655 0.767134058 19.761445814
0.729143631 0.041271587 -0.683115087 -2.582151811 -0.025648795 0.999126619 0.032986953 -0.272634338 0.683879891 -0.006531148 0.729565377 20.054579729
0.689986072 0.042307567 -0.722585144 -2.916173875 -0.023809903 0.999076711 0.035760496 -0.254815147 0.723430929 -0.007469562 0.690356355 20.329557573
0.648770014 0.042205809 -0.759813226 -3.268312582 -0.021499227 0.999078806 0.037139226 -0.244527639 0.760680782 -0.007759419 0.649079763 20.592647809
0.605457373 0.041320584 -0.794804365 -3.644920231 -0.016418251 0.999087284 0.039434004 -0.233812259 0.795708371 -0.010826311 0.605583173 20.850791734
0.560528579 0.040961392 -0.827121440 -4.057895541 -0.011933205 0.999071807 0.041389895 -0.213141849 0.828049099 -0.013330009 0.560497101 21.097301810
0.513322132 0.042377807 -0.857149059 -4.485683074 -0.009739208 0.999003401 0.043558611 -0.200133054 0.858140744 -0.014011646 0.513223282 21.320270858
0.463269605 0.041931003 -0.885224866 -4.937040348 -0.008478068 0.999044022 0.042885473 -0.179944830 0.886176842 -0.012362539 0.463182223 21.517061344
0.410715817 0.040751131 -0.910852273 -5.401467683 -0.002774099 0.999051914 0.043446265 -0.163618871 0.911759191 -0.015317274 0.410439471 21.697007459
0.356807257 0.039938768 -0.933323886 -5.905810710 0.002289339 0.999045296 0.043626326 -0.144249844 0.934175219 -0.017702885 0.356375178 21.860928758
0.302504515 0.038537400 -0.952368567 -6.425895239 0.004045951 0.999121385 0.041714374 -0.116255676 0.953139365 -0.016472023 0.302082810 21.995227407
0.248860964 0.044254703 -0.967527644 -6.994925606 0.004970881 0.998884048 0.046967521 -0.090956254 0.968526464 -0.016497847 0.248363263 22.103529771
0.196749082 0.049305298 -0.979213351 -7.572581611 0.007640873 0.998627310 0.051818076 -0.066168316 0.980424100 -0.017677204 0.196102271 22.190364994
0.148156435 0.050486736 -0.987674420 -8.184186553 0.012906883 0.998512327 0.052976836 -0.039422612 0.988879711 -0.020596657 0.147284400 22.261232478
0.103392701 0.051460580 -0.993308491 -8.818798820 0.015210298 0.998462120 0.053310803 -0.010992234 0.994524306 -0.020620466 0.102450965 22.300796529
0.062815202 0.049823269 -0.996780764 -9.450902133 0.014937207 0.998594325 0.050855233 0.013715876 0.997913388 -0.018083603 0.061982684 22.309410340
0.027088263 0.045233735 -0.998609100 -10.095934492 0.012199866 0.998886320 0.045577225 0.049126440 0.999558597 -0.013417505 0.026506250 22.295575865
-0.001617281 0.045111957 -0.998980628 -10.784627243 0.010237289 0.998930332 0.045093113 0.083826469 0.999946290 -0.010153925 -0.002077376 22.276915348
-0.022959478 0.048816325 -0.998543854 -11.480017915 0.008584240 0.998779949 0.048630490 0.122253277 0.999699541 -0.007455210 -0.023350518 22.240804436
-0.035477139 0.054781417 -0.997867912 -12.206214606 0.009666874 0.998468574 0.054470707 0.151331871 0.999323733 -0.007713799 -0.035952374 22.191246796
-0.044207839 0.057109131 -0.997388698 -13.021844890 0.009099150 0.998346349 0.056760658 0.201019740 0.998980917 -0.006566124 -0.044654379 22.184371460
-0.048224604 0.054136632 -0.997368344 -13.765938562 0.010442818 0.998502869 0.053693284 0.231187712 0.998781926 -0.007825999 -0.048717745 22.138842776
-0.047584582 0.050039595 -0.997613024 -14.548505892 0.017774209 0.998628675 0.049242737 0.273242187 0.998709059 -0.015388587 -0.048408742 22.112488212
-0.043430153 0.048227758 -0.997891730 -15.345107858 0.029351475 0.998464600 0.046978013 0.313771690 0.998625211 -0.027249332 -0.044779026 22.093153929
-0.038134051 0.048303944 -0.998104465 -16.168802598 0.029782361 0.998442202 0.047182410 0.350846030 0.998828717 -0.027926651 -0.039513252 22.067480737
-0.032566049 0.046528864 -0.998385956 -17.031656052 0.027710531 0.998573827 0.045633738 0.387218958 0.999085371 -0.026179695 -0.033808944 22.023339746
-0.029602654 0.040115300 -0.998756450 -17.913194557 0.030902907 0.998753438 0.039199232 0.418081370 0.999083927 -0.029704077 -0.030805432 22.004475709
-0.027496862 0.029099554 -0.999198248 -18.777398780 0.028462825 0.999193706 0.028316156 0.447767240 0.999216588 -0.027661400 -0.028302947 21.975448887
-0.026432376 0.020648099 -0.999437334 -19.651510220 0.020299681 0.999591583 0.020114415 0.470937262 0.999444472 -0.019756587 -0.026840730 21.925452800
-0.027709349 0.017524996 -0.999462389 -20.590489356 0.014957813 0.999741634 0.017115198 0.491901073 0.999504105 -0.014475521 -0.027964326 21.884244851
-0.031553846 0.023627044 -0.999222757 -21.554414711 0.005473624 0.999709658 0.023465709 0.512217342 0.999487066 -0.004728936 -0.031674010 21.847880965
-0.036469376 0.031339580 -0.998843239 -22.523268192 -0.000034086 0.999508101 0.031361685 0.536310599 0.999334770 0.001177787 -0.036450369 21.793138558
-0.040448402 0.040856659 -0.998345962 -23.513141822 -0.001755007 0.999159203 0.040961045 0.567197646 0.999180087 0.003408913 -0.040342689 21.728949447
-0.042278377 0.050759068 -0.997815642 -24.537615272 -0.002613400 0.998699583 0.050914766 0.600569581 0.999102452 0.004760285 -0.042090743 21.674311737
-0.043037887 0.058450931 -0.997362135 -25.552253142 -0.001154654 0.998283531 0.058554755 0.638407327 0.999072774 0.003671681 -0.042896523 21.625034367
-0.044304197 0.059113505 -0.997267633 -26.570467834 -0.000489299 0.998246422 0.059193261 0.686048172 0.999017967 0.003110472 -0.044197582 21.572331412
-0.046067994 0.056508255 -0.997338737 -27.589250200 -0.001480303 0.998393773 0.056636409 0.731020802 0.998937210 0.004085489 -0.045910349 21.519600405
-0.049242657 0.051544526 -0.997455925 -28.586193431 -0.002415009 0.998658400 0.051725890 0.768342617 0.998783925 0.004955985 -0.049052113 21.462710145
-0.053646686 0.046441613 -0.997479428 -29.570459201 -0.002548570 0.998908269 0.046645207 0.804527958 0.998556727 0.005044507 -0.053469758 21.398379512
-0.059386657 0.041531950 -0.997370704 -30.594985005 -0.002411231 0.999125238 0.041748584 0.841866840 0.998232143 0.004884200 -0.059234564 21.326782351
-0.066469212 0.039159997 -0.997019728 -31.599031620 -0.003484409 0.999214345 0.039478493 0.878243284 0.997782392 0.006098129 -0.066280541 21.254627379
-0.073132185 0.041684062 -0.996450763 -32.656200184 -0.003162108 0.999111453 0.042027441 0.913036505 0.997317244 0.006224443 -0.072935394 21.175450679
-0.079261804 0.046652047 -0.995761594 -33.714264006 -0.004051937 0.998880984 0.047120723 0.946769214 0.996845599 0.007769637 -0.078984077 21.079213339
-0.085075871 0.049621189 -0.995138098 -34.776279598 -0.006679914 0.998708272 0.050370287 0.984812523 0.996352084 0.010932733 -0.084634511 20.972847146
-0.089512100 0.051709469 -0.994642506 -35.860782648 -0.010924361 0.998540311 0.052895237 1.030684460 0.995925822 0.015600597 -0.088816547 20.856530036
-0.092033740 0.052784523 -0.994355864 -36.924189144 -0.015270430 0.998401761 0.054412668 1.078914373 0.995638792 0.020192043 -0.091080606 20.747431593
-0.093790836 0.053986024 -0.994127149 -37.994959094 -0.019154127 0.998246081 0.056016796 1.123308418 0.995407654 0.024295499 -0.092592279 20.637436541
-0.095333861 0.053088340 -0.994028713 -39.048825008 -0.019895993 0.998275781 0.055223320 1.175742806 0.995246504 0.025041840 -0.094113239 20.524784095
-0.096588641 0.052265843 -0.993951164 -40.115774528 -0.020578278 0.998302009 0.054494351 1.216980526 0.995111636 0.025717338 -0.095349093 20.404831003
-0.096927947 0.050934164 -0.993987266 -41.207330560 -0.022621089 0.998318978 0.053362010 1.275385915 0.995034301 0.027657344 -0.095612822 20.257748886
-0.097848119 0.049680654 -0.993960552 -42.305268645 -0.024949827 0.998316839 0.052354520 1.327566725 0.994888562 0.029921935 -0.096443901 20.136589894
-0.098702981 0.047073330 -0.994002929 -43.386938580 -0.029639133 0.998298295 0.050219868 1.369843276 0.994675446 0.034418235 -0.097139805 20.025047986
-0.098570577 0.041907657 -0.994247248 -44.472894352 -0.034510384 0.998367935 0.045502736 1.410143461 0.994531485 0.038797085 -0.096963454 19.897762398
-0.097368307 0.040980175 -0.994404363 -45.600297260 -0.035973050 0.998354121 0.044665293 1.457800899 0.994598086 0.040120741 -0.095733869 19.775286634
-0.096256674 0.045219789 -0.994328831 -46.704766848 -0.036309877 0.998143064 0.048908254 1.492717303 0.994694046 0.040811703 -0.094436007 19.673670181
-0.094272904 0.048173425 -0.994380179 -47.815906433 -0.036268428 0.997999342 0.051787211 1.533126068 0.994885531 0.040946737 -0.092337122 19.561285319
-0.092770531 0.047546668 -0.994551629 -48.949045891 -0.034317585 0.998113048 0.050918030 1.581547669 0.995095941 0.038854303 -0.090963791 19.451224774
-0.090079197 0.046103200 -0.994866942 -50.066045935 -0.034547050 0.998182166 0.049384858 1.634192167 0.995335240 0.038818266 -0.088322719 19.342689486
-0.085463254 0.046397633 -0.995260414 -51.217168838 -0.038822297 0.998001453 0.049859096 1.680091186 0.995584683 0.042899416 -0.083491189 19.220145793
-0.079311524 0.047091295 -0.995736959 -52.333777926 -0.043499948 0.997768565 0.050652193 1.726197317 0.995900315 0.047331808 -0.077086077 19.109292450
-0.072629057 0.046406799 -0.996278791 -53.459399989 -0.048317228 0.997580307 0.049989766 1.768932167 0.996187967 0.051768139 -0.070211069 18.994894948
-0.066707590 0.045400656 -0.996739122 -54.583002296 -0.050232715 0.997544641 0.048799213 1.811259490 0.996507286 0.053324190 -0.064263201 18.912184397
-0.060903436 0.044286788 -0.997160695 -55.731704404 -0.049456422 0.997654246 0.047329350 1.861834095 0.996917667 0.052198520 -0.058570305 18.836392877
-0.054884235 0.043591849 -0.997540712 -56.887944236 -0.047882043 0.997782273 0.046236853 1.906692535 0.997343988 0.050301962 -0.052675250 18.752818132
-0.048709707 0.043734934 -0.997855010 -58.034081799 -0.047733051 0.997797477 0.046062473 1.960008681 0.997671750 0.049874353 -0.046514821 18.673653466
-0.042779255 0.045044310 -0.998068608 -59.190357790 -0.046615462 0.997805159 0.047030454 2.002912277 0.997996460 0.048537357 -0.040585600 18.617352520
-0.036631538 0.045469259 -0.998293883 -60.380122385 -0.047591958 0.997751484 0.047190901 2.060546350 0.998194939 0.049239435 -0.034385201 18.559091123
-0.031528712 0.044537960 -0.998510045 -61.538824075 -0.047621168 0.997805235 0.046010197 2.096134854 0.998367750 0.049000857 -0.029338564 18.518542020
-0.026146951 0.039128112 -0.998892050 -62.686848809 -0.048295531 0.998017420 0.040358033 2.145545832 0.998490800 0.049297262 -0.024205400 18.479076335
-0.021361734 0.033845903 -0.999198745 -63.832969395 -0.048303583 0.998224699 0.034845585 2.171490085 0.998604246 0.049009242 -0.019688932 18.443461007
-0.017086743 0.032585058 -0.999322899 -65.013725972 -0.049203709 0.998230461 0.033390737 2.214227428 0.998642598 0.049740933 -0.015453201 18.408000793
-0.013734032 0.035077946 -0.999290205 -66.156604973 -0.047845985 0.998216623 0.035697845 2.233420612 0.998760301 0.048302299 -0.012031200 18.385975743
-0.011369521 0.034135839 -0.999352530 -67.329410912 -0.048351595 0.998229267 0.034647561 2.271836115 0.998765667 0.048714215 -0.009698866 18.361028727
-0.010041519 0.033963831 -0.999372616 -68.495860362 -0.050820484 0.998114090 0.034431695 2.296225250 0.998657322 0.051134346 -0.008296523 18.338991919
-0.008856886 0.034694373 -0.999358722 -69.679029041 -0.052412039 0.998008079 0.035111988 2.326998199 0.998586268 0.052689411 -0.007020841 18.316686190
-0.007153279 0.034614110 -0.999375152 -70.857878966 -0.052981818 0.997983849 0.034945152 2.345224482 0.998569856 0.053198684 -0.005304938 18.291010595
-0.006344701 0.032523263 -0.999450840 -72.043840987 -0.053394766 0.998034118 0.032816121 2.369102542 0.998553325 0.053573652 -0.004595656 18.283534641
-0.005147826 0.031410577 -0.999493309 -73.233002568 -0.051582061 0.998167593 0.031634584 2.390035973 0.998655492 0.051718775 -0.003518171 18.269762903
-0.004477558 0.031092523 -0.999506481 -74.434105711 -0.048312540 0.998342583 0.031272746 2.412669747 0.998822231 0.048428723 -0.002967978 18.257505346
-0.004637642 0.031564285 -0.999490965 -75.616300618 -0.046176376 0.998428764 0.031744999 2.438413741 0.998922537 0.046300093 -0.003172831 18.253863374
-0.004472816 0.034415919 -0.999397588 -76.784788862 -0.044706699 0.998401431 0.034581700 2.462042313 0.998990143 0.044834444 -0.002927044 18.251053821
-0.003464726 0.037905811 -0.999275310 -77.961726777 -0.047078175 0.998167116 0.038027005 2.485212601 0.998885199 0.047175811 -0.001673839 18.229082916
-0.003763215 0.037611080 -0.999285367 -79.144120427 -0.049572962 0.998056784 0.037751525 2.515868686 0.998763415 0.049679603 -0.001891410 18.224562483
-0.003131548 0.035560052 -0.999362635 -80.310718654 -0.050490874 0.998087229 0.035672885 2.542472470 0.998719613 0.050570405 -0.001330100 18.213338652
-0.003316279 0.032870828 -0.999454106 -81.471963099 -0.048547171 0.998275825 0.032993159 2.571284942 0.998815386 0.048630084 -0.001714775 18.230468095
-0.003430118 0.032037559 -0.999480780 -82.657280291 -0.046250764 0.998411974 0.032162028 2.592404808 0.998923972 0.046337070 -0.001942909 18.222366142
-0.003615626 0.033255602 -0.999440339 -83.840313745 -0.044075652 0.998470294 0.033382774 2.611961061 0.999021653 0.044171684 -0.002144333 18.226693312
-0.003483579 0.036143058 -0.999340555 -85.012952709 -0.044345612 0.998357915 0.036262103 2.628453005 0.999010176 0.044442690 -0.001875072 18.215344834
-0.002974253 0.037917301 -0.999276454 -86.203346391 -0.044825687 0.998271357 0.038012582 2.663349508 0.998990396 0.044906312 -0.001269443 18.207358712
-0.003138396 0.037831421 -0.999279207 -87.374754117 -0.045842009 0.998228130 0.037935602 2.688700321 0.998943773 0.045928024 -0.001398567 18.202507504
-0.002917926 0.035594613 -0.999362051 -88.552892064 -0.045806643 0.998312529 0.035690978 2.716782154 0.998946063 0.045881564 -0.001282532 18.200102842
-0.002582495 0.033817072 -0.999424703 -89.759786267 -0.044064152 0.998453440 0.033898069 2.748170220 0.999025366 0.044126344 -0.001088380 18.185514037
-0.002525597 0.034715357 -0.999394049 -90.929794075 -0.042075079 0.998508527 0.034790927 2.771644266 0.999111260 0.042137451 -0.001061179 18.178580813
-0.002700959 0.037478932 -0.999293768 -92.094704777 -0.039699289 0.998505615 0.037556674 2.791117336 0.999208022 0.039772691 -0.001209036 18.171153973
-0.004197577 0.039468267 -0.999212008 -93.277154250 -0.039367691 0.998439671 0.039603139 2.827014879 0.999215975 0.039502907 -0.002637252 18.193524248
-0.003644014 0.040619878 -0.999168027 -94.461659384 -0.040018842 0.998368313 0.040733317 2.866088262 0.999192281 0.040133980 -0.002012508 18.183545435
-0.003104500 0.042590638 -0.999087784 -95.617618981 -0.042471939 0.998185453 0.042684147 2.893971886 0.999092837 0.042565708 -0.001289960 18.165751102
-0.002160955 0.042078867 -0.999111955 -96.783646155 -0.045332319 0.998083034 0.042133581 2.923831468 0.998969625 0.045383111 -0.000249280 18.137781836
-0.002281928 0.037508481 -0.999293704 -97.936069344 -0.047250736 0.998176102 0.037574431 2.958633299 0.998880454 0.047303106 -0.000505463 18.130266832
-0.001869947 0.035532194 -0.999366783 -99.089826971 -0.048937180 0.998167889 0.035581136 2.991119923 0.998800108 0.048972727 -0.000127675 18.126803791
-0.001665965 0.033546580 -0.999435767 -100.266009986 -0.048929641 0.998237318 0.033587914 3.020971380 0.998800838 0.048957990 -0.000021607 18.121979164
-0.002532781 0.033363539 -0.999440073 -101.441383446 -0.046961857 0.998336601 0.033445714 3.048681482 0.998893472 0.047020273 -0.000961754 18.144928126
-0.002365071 0.035493608 -0.999367105 -102.602311264 -0.046778418 0.998271947 0.035565417 3.069139395 0.998902491 0.046832927 -0.000700649 18.136262492
-0.002598503 0.037841221 -0.999280386 -103.765037042 -0.045494657 0.998244603 0.037920300 3.082849738 0.998961202 0.045560455 -0.000872368 18.134979381
-0.003008301 0.036532953 -0.999327921 -104.914361570 -0.049116705 0.998120886 0.036636684 3.108253318 0.998788516 0.049193909 -0.001208269 18.120511140
-0.004040308 0.037746272 -0.999279188 -106.099705105 -0.052794837 0.997885643 0.037907095 3.137246243 0.998597207 0.052909938 -0.002038957 18.106924912
-0.004311111 0.036849665 -0.999311521 -107.261775480 -0.056474149 0.997716952 0.037034499 3.166937677 0.998394754 0.056594927 -0.002220215 18.093510368
-0.004944801 0.032218352 -0.999468622 -108.465555962 -0.055947239 0.997906430 0.032444789 3.204276655 0.998421482 0.056077943 -0.003131921 18.099622947
-0.004859798 0.028657690 -0.999577470 -109.639642035 -0.057246467 0.997942013 0.028889125 3.219421780 0.998348248 0.057362674 -0.003209245 18.067859410
-0.005409331 0.027451975 -0.999608487 -110.861588241 -0.054118667 0.998150096 0.027704784 3.248127681 0.998519859 0.054247343 -0.003913660 18.052552459
-0.005491807 0.026611480 -0.999630766 -112.073290490 -0.050139430 0.998381149 0.026853671 3.264344391 0.998727129 0.050268392 -0.004148633 18.046539555
-0.006100866 0.028574052 -0.999573060 -113.292426764 -0.048818778 0.998391248 0.028838232 3.280998840 0.998789020 0.048973874 -0.004696101 18.045169860
-0.006430229 0.032495056 -0.999451211 -114.522810435 -0.047776467 0.998320499 0.032765675 3.299546562 0.998837355 0.047960939 -0.004866930 18.023681071
-0.006748084 0.032592951 -0.999445928 -115.758081908 -0.046691145 0.998368318 0.032873060 3.326410776 0.998886580 0.046887105 -0.005215271 18.007743020
-0.006550898 0.028366325 -0.999576129 -117.016740004 -0.046952418 0.998486376 0.028643111 3.350772298 0.998875646 0.047120154 -0.005209115 17.977962173
-0.007661997 0.024857465 -0.999661643 -118.233393323 -0.047020390 0.998576238 0.025190868 3.364497361 0.998864544 0.047197493 -0.006482281 17.971047327
-0.007737300 0.023337242 -0.999697708 -119.498614409 -0.046292692 0.998647420 0.023671012 3.379153918 0.998897953 0.046461848 -0.006646491 17.945023387
-0.007484682 0.024342509 -0.999675658 -120.748792648 -0.048373869 0.998524427 0.024676657 3.400416312 0.998801256 0.048542877 -0.006296096 17.918534471
-0.007129203 0.029118531 -0.999550542 -122.066806339 -0.052834880 0.998168759 0.029455117 3.422250057 0.998577814 0.053021125 -0.005577673 17.889086543
-0.006522665 0.032038247 -0.999465360 -123.331268460 -0.058465063 0.997764664 0.032365283 3.452971298 0.998268146 0.058644913 -0.004634966 17.859016581
-0.006203557 0.031522480 -0.999483791 -124.603378105 -0.065805605 0.997323611 0.031862790 3.480699365 0.997813178 0.065969298 -0.004112598 17.828657894
-0.005771778 0.029529076 -0.999547258 -125.867705571 -0.069124161 0.997161154 0.029857735 3.508307286 0.997591368 0.069265197 -0.003714221 17.806856826
-0.005928599 0.027618732 -0.999600949 -127.138785113 -0.071922031 0.997017894 0.027973930 3.540255607 0.997392637 0.072059177 -0.003924524 17.795385622
-0.006370437 0.027116236 -0.999611988 -128.397677720 -0.072346026 0.997000225 0.027506442 3.562098405 0.997359248 0.072493183 -0.004389576 17.777265389
-0.006495683 0.026363284 -0.999631324 -129.684519705 -0.070755584 0.997134744 0.026757217 3.581571467 0.997472533 0.070903304 -0.004611722 17.752854268
-0.007366507 0.026689279 -0.999616635 -130.943764632 -0.070657535 0.997131253 0.027143619 3.597896355 0.997473432 0.070830401 -0.005459575 17.741223078
-0.008040603 0.031881043 -0.999459328 -132.225046850 -0.070600128 0.996979343 0.032369911 3.616120168 0.997472291 0.070822230 -0.005765509 17.722468916
-0.008379591 0.035837727 -0.999322490 -133.533386671 -0.069036610 0.996952336 0.036331619 3.637321282 0.997578934 0.069294281 -0.005879938 17.698302006
-0.008669314 0.034423099 -0.999369748 -134.826952503 -0.070074935 0.996929394 0.034946926 3.669420744 0.997504058 0.070333736 -0.006230497 17.678931325
-0.008038365 0.033589080 -0.999403401 -136.091086460 -0.070955323 0.996897286 0.034075557 3.690326023 0.997447105 0.071186903 -0.005630100 17.659808946
-0.006777555 0.032750278 -0.999440586 -137.350121727 -0.070393189 0.996968455 0.033146631 3.716521281 0.997496298 0.070578463 -0.004451612 17.640676685
-0.005658256 0.031873370 -0.999475899 -138.615838366 -0.071246527 0.996938996 0.032195811 3.743080691 0.997442688 0.071391359 -0.003370069 17.627650339
-0.004538570 0.033840270 -0.999416949 -139.898871619 -0.071469936 0.996860432 0.034078267 3.769390470 0.997432429 0.071582932 -0.002105759 17.610331518
-0.004316857 0.036749955 -0.999315168 -141.176751447 -0.072259116 0.996700626 0.036965951 3.806661690 0.997376551 0.072369207 -0.001647094 17.620308346
-0.003337959 0.037520500 -0.999290283 -142.431489178 -0.073372084 0.996593165 0.037664318 3.831463767 0.997299050 0.073445732 -0.000573630 17.613715912
-0.002663348 0.034466831 -0.999402293 -143.696294516 -0.076593724 0.996462917 0.034569577 3.867129872 0.997058829 0.076640014 -0.000013984 17.606891544
-0.002652115 0.031103744 -0.999512643 -144.948712079 -0.074907091 0.996701836 0.031215034 3.891609579 0.997186991 0.074953370 -0.000313477 17.604223835
-0.003407198 0.029565236 -0.999557046 -146.215531462 -0.072171349 0.996948935 0.029734104 3.910493930 0.997386428 0.072240690 -0.001263040 17.612597893
-0.003391705 0.029201376 -0.999567795 -147.480649860 -0.070179596 0.997101989 0.029367471 3.921814088 0.997528606 0.070248869 -0.001332536 17.598073174
-0.003999300 0.029379168 -0.999560338 -148.714156776 -0.067919832 0.997252094 0.029583075 3.940732662 0.997682766 0.068008282 -0.001992882 17.591518490
-0.004345425 0.027411727 -0.999614783 -149.937885141 -0.065708642 0.997456017 0.027638170 3.960638414 0.997829390 0.065803430 -0.002533183 17.577724714
-0.004362413 0.027553815 -0.999610803 -151.194212133 -0.065192798 0.997485932 0.027779753 3.982808267 0.997863151 0.065288612 -0.002555135 17.564905400
-0.004582653 0.029905617 -0.999542222 -152.417741360 -0.062734638 0.997575202 0.030134388 4.000091994 0.998019721 0.062844015 -0.002695423 17.555037187
-0.004876953 0.030980538 -0.999508090 -153.678522123 -0.060398889 0.997686004 0.031218768 4.022249972 0.998162406 0.060521431 -0.002994478 17.551479049
-0.005148419 0.028822551 -0.999571285 -154.886267554 -0.058300133 0.997875644 0.029073940 4.047410277 0.998285825 0.058424824 -0.003457123 17.540156793
-0.005822189 0.029421422 -0.999550140 -156.064538825 -0.058988941 0.997816308 0.029713986 4.053007456 0.998241658 0.059135404 -0.004073937 17.527728747
-0.005601787 0.033743629 -0.999414823 -157.301998979 -0.060720935 0.997574800 0.034021848 4.086012718 0.998139062 0.060875985 -0.003539257 17.516673164
-0.006255195 0.040020346 -0.999179285 -158.523766324 -0.065341677 0.997047053 0.040344004 4.113498516 0.997843343 0.065540410 -0.003621728 17.512832399
-0.005453535 0.039996852 -0.999184923 -159.729301389 -0.069767239 0.996749738 0.040280162 4.139825118 0.997548390 0.069930043 -0.002645339 17.500158282
-0.004009677 0.036314368 -0.999332372 -160.982265032 -0.073967107 0.996592079 0.036511572 4.173288005 0.997252621 0.074064124 -0.001309943 17.461202372
-0.002659132 0.031217149 -0.999509089 -162.220740529 -0.075617183 0.996644643 0.031328860 4.195427017 0.997133377 0.075663369 -0.000289656 17.451366128
-0.001774168 0.029288503 -0.999569425 -163.446873442 -0.077518781 0.996559144 0.029337889 4.219870081 0.996989313 0.077537453 0.000502345 17.437392109
-0.000837876 0.026814677 -0.999640071 -164.676414899 -0.072766596 0.996988735 0.026804548 4.221125310 0.997348645 0.072762864 0.001115860 17.436648629
-0.000907386 0.022120398 -0.999754902 -165.855329789 -0.069534077 0.997334085 0.022129945 4.235981277 0.997579164 0.069537115 0.000633155 17.428112307
-0.000805669 0.018768915 -0.999823524 -167.095820663 -0.063989531 0.997773810 0.018782000 4.245301970 0.997950245 0.063993371 0.000397139 17.412249273
-0.001879812 0.021567030 -0.999765637 -168.329271815 -0.062731751 0.997795736 0.021642486 4.262864399 0.998028654 0.062757733 -0.000522731 17.411282683
-0.000698627 0.027710456 -0.999615747 -169.560127173 -0.064009010 0.997564859 0.027698338 4.275262027 0.997949076 0.064003765 0.001076793 17.397615327
0.001343199 0.030775613 -0.999525416 -170.839308473 -0.066225985 0.997334741 0.030619165 4.302632463 0.997803746 0.066153428 0.003377765 17.378108836
0.003561119 0.027207902 -0.999623453 -172.085219440 -0.067544055 0.997353445 0.026905494 4.323929742 0.997709937 0.067422808 0.005389426 17.367008639
0.004460939 0.027659312 -0.999607454 -173.303258289 -0.069454680 0.997211954 0.027283074 4.336477602 0.997575134 0.069305708 0.006369570 17.362667202
0.005747897 0.028481641 -0.999577790 -174.554485110 -0.067514879 0.997324473 0.028029204 4.355461905 0.997701710 0.067325264 0.007655453 17.360553364
0.006643467 0.026424027 -0.999628749 -175.731147766 -0.068055259 0.997345017 0.025911369 4.369176910 0.997659434 0.067857852 0.008424123 17.353453759
0.007634296 0.024537938 -0.999669749 -176.972563296 -0.068189464 0.997384611 0.023961096 4.397253740 0.997643180 0.067984019 0.009287558 17.383452704
0.009551778 0.026346641 -0.999607232 -178.120540451 -0.069546866 0.997249644 0.025619945 4.404048452 0.997532955 0.069274834 0.011357834 17.386281221
0.011476590 0.028477037 -0.999528562 -179.260905026 -0.069102803 0.997227179 0.027618031 4.407475164 0.997543528 0.068753264 0.013412611 17.375067714
0.012112248 0.029916104 -0.999479024 -180.355860114 -0.070600536 0.997083353 0.028988821 4.410094674 0.997431129 0.070212635 0.014189014 17.371452451
0.012420863 0.030663067 -0.999452599 -181.447920044 -0.071247076 0.997016345 0.029702888 4.427269952 0.997381359 0.070839140 0.014568458 17.379596625
0.012082642 0.031570671 -0.999428488 -182.466996594 -0.070730672 0.997024766 0.030639639 4.430088472 0.997422269 0.070320041 0.014279708 17.397606943
0.012872046 0.030975618 -0.999437252 -183.532542827 -0.071014037 0.997024489 0.029986229 4.435511236 0.997392258 0.070588090 0.015033448 17.401897314
0.014192650 0.030969254 -0.999419569 -184.474743626 -0.072738515 0.996904001 0.029858351 4.439366783 0.997250057 0.072272526 0.016401367 17.404705303
0.015144376 0.031746721 -0.999381205 -185.410181907 -0.073345183 0.996838456 0.030554493 4.445765699 0.997191623 0.072837069 0.017424965 17.423022528
0.014094123 0.029762026 -0.999457642 -186.361209028 -0.071767950 0.997009021 0.028677055 4.455938779 0.997321772 0.071324848 0.016187928 17.437733275
0.011027606 0.026919358 -0.999576780 -187.309812215 -0.069067536 0.997270631 0.026095280 4.457791783 0.997551035 0.068750537 0.012856761 17.443673264
0.007102397 0.022763227 -0.999715655 -188.250028805 -0.069567542 0.997329868 0.022214666 4.470642496 0.997551960 0.069389984 0.008667014 17.422905483
0.002634044 0.019375075 -0.999808816 -189.178141890 -0.071343199 0.997268213 0.019137884 4.483022750 0.997448349 0.071279149 0.004009128 17.407277825
-0.001044300 0.018340352 -0.999831256 -190.133980333 -0.073019614 0.997161354 0.018367644 4.488853281 0.997329958 0.073026474 0.000297870 17.394038415
-0.003306054 0.018903265 -0.999815851 -191.029491968 -0.075404576 0.996970103 0.019098799 4.492291108 0.997147542 0.075453832 -0.001870645 17.364689348
-0.005456625 0.020000739 -0.999785075 -191.986280224 -0.074659067 0.997001403 0.020352526 4.502995250 0.997194188 0.074754077 -0.003947027 17.359739628
-0.006953825 0.020948013 -0.999756383 -192.909458227 -0.072116024 0.997166745 0.021395357 4.513503291 0.997372008 0.072247235 -0.005423436 17.350898125
-0.008798211 0.021296617 -0.999734488 -193.836603846 -0.070810305 0.997250089 0.021866863 4.514248014 0.997450997 0.070983893 -0.007265997 17.344550010
-0.010168574 0.020162989 -0.999744994 -194.751751208 -0.070612548 0.997286274 0.020831614 4.517874212 0.997451988 0.070806369 -0.008717219 17.335456605
-0.010875738 0.018732273 -0.999765383 -195.644281908 -0.073136296 0.997131721 0.019478525 4.526120576 0.997262654 0.073330980 -0.009474534 17.321624276
-0.010400594 0.017979123 -0.999784266 -196.558057904 -0.077186501 0.996840741 0.018729148 4.533924215 0.996962422 0.077364644 -0.008979990 17.294600919
-0.009591008 0.016331346 -0.999820634 -197.462426810 -0.079471870 0.996691413 0.017042585 4.533043494 0.996790968 0.079621071 -0.008261392 17.277591131
-0.008862983 0.013299411 -0.999872278 -198.375235261 -0.079463918 0.996739958 0.013962125 4.537849627 0.996798341 0.079577515 -0.007777266 17.266641690
-0.007833176 0.010530861 -0.999913867 -199.287719216 -0.079235572 0.996793910 0.011118722 4.542624661 0.996825143 0.079315842 -0.006973644 17.247331776
-0.006873403 0.010270279 -0.999923636 -200.210278821 -0.079472526 0.996778720 0.010784266 4.539689603 0.996813360 0.079540582 -0.006035057 17.228368480
-0.006555063 0.013215008 -0.999891191 -201.145152643 -0.077643958 0.996887233 0.013684323 4.533647420 0.996959601 0.077725212 -0.005508593 17.216864762
-0.006235789 0.013811719 -0.999885169 -202.094062189 -0.077390245 0.996898991 0.014253114 4.541323716 0.996981376 0.077470238 -0.005147560 17.199539288
-0.005856532 0.010154089 -0.999931295 -203.033120677 -0.072296030 0.997327408 0.010551080 4.537610214 0.997366024 0.072352856 -0.005106779 17.196404193
-0.005327232 0.006782865 -0.999962806 -203.982288581 -0.070745872 0.997468797 0.007142842 4.540640996 0.997480146 0.070781292 -0.004833888 17.183270282
-0.004342924 0.007242178 -0.999964344 -204.925639510 -0.075495041 0.997117598 0.007549442 4.543166283 0.997136720 0.075525136 -0.003783657 17.163685045
-0.002987339 0.011772754 -0.999926236 -205.892436877 -0.077171604 0.996945989 0.011968220 4.535104458 0.997013350 0.077201665 -0.002069694 17.153136420
-0.001067606 0.011185760 -0.999936868 -206.846118234 -0.075200804 0.997105124 0.011234373 4.533314710 0.997167839 0.075208051 -0.000223337 17.158208869
0.001058971 0.011851676 -0.999929206 -207.818981573 -0.074492624 0.997152458 0.011739873 4.546925691 0.997221002 0.074474918 0.001938818 17.150431262
0.002827871 0.016607959 -0.999858079 -208.790223829 -0.075327578 0.997024826 0.016347851 4.547830312 0.997154832 0.075270657 0.004070495 17.148633001
0.004913538 0.021203107 -0.999763115 -209.794297568 -0.072840769 0.997126888 0.020789207 4.544016956 0.997331479 0.072721366 0.006443871 17.144083767
0.006311869 0.021506726 -0.999748779 -210.792736197 -0.071934462 0.997188317 0.020997490 4.556065228 0.997389389 0.071783857 0.007841196 17.146566866
0.008503985 0.022478862 -0.999711150 -211.778304746 -0.074862092 0.996956014 0.021780102 4.562836126 0.997157635 0.074655251 0.010160914 17.152538826
0.011880085 0.024426697 -0.999631032 -212.793631316 -0.077907290 0.996685278 0.023428829 4.574279320 0.996889822 0.077600208 0.013743723 17.139104081
0.014845023 0.024451781 -0.999590784 -213.825569869 -0.079270773 0.996583093 0.023200949 4.585957508 0.996742580 0.078893915 0.016732610 17.153776158
0.017836634 0.021721370 -0.999604940 -214.833089368 -0.081911407 0.996435070 0.020190888 4.596051287 0.996479993 0.081518909 0.019552275 17.176467362
