1.000000000 0.000000000 0.000000000 0.000000000 0.000000000 1.000000000 0.000000000 0.000000000 0.000000000 0.000000000 1.000000000 0.000000000
0.999995828 -0.002594375 -0.001343769 -0.006886094 0.002598425 0.999992013 0.003021497 -0.018200671 0.001335920 -0.003024975 0.999994457 1.527996659
0.999993384 -0.002422145 -0.002711575 -0.018711621 0.002432224 0.999990106 0.003720042 -0.032046817 0.002702537 -0.003726613 0.999989390 3.048526049
0.999991238 -0.001257961 -0.003990228 -0.032175530 0.001271676 0.999993205 0.003436490 -0.048466988 0.003985879 -0.003441534 0.999986112 4.570465565
0.999983311 -0.000910042 -0.005724310 -0.041169938 0.000928785 0.999994218 0.003272580 -0.064642698 0.005721299 -0.003277842 0.999978244 6.076593399
0.999973834 -0.000709290 -0.007201550 -0.057538621 0.000734694 0.999993503 0.003525485 -0.078958675 0.007199002 -0.003530684 0.999967873 7.578084469
0.999959290 -0.000999513 -0.008968723 -0.076307721 0.001033950 0.999992132 0.003835921 -0.093579143 0.008964818 -0.003845037 0.999952435 9.070167542
0.999942839 -0.002473429 -0.010400240 -0.100469150 0.002505464 0.999992073 0.003068371 -0.107024193 0.010392567 -0.003094252 0.999941230 10.573352814
0.999922037 -0.004069681 -0.011799227 -0.123305999 0.004111737 0.999985278 0.003542313 -0.124075964 0.011784635 -0.003590552 0.999924123 12.063030243
0.999911368 -0.003493158 -0.012846940 -0.149630725 0.003536723 0.999988079 0.003369979 -0.138293847 0.012835016 -0.003415117 0.999911785 13.545230865
0.999897003 -0.002926563 -0.014044785 -0.177874088 0.002974364 0.999989867 0.003383805 -0.151197135 0.014034739 -0.003425231 0.999895632 15.028364182
0.999890208 -0.001642823 -0.014725510 -0.205503643 0.001703125 0.999990225 0.004083517 -0.168295801 0.014718659 -0.004108149 0.999883235 16.489049911
0.999881923 -0.000660306 -0.015353266 -0.234378606 0.000733778 0.999988258 0.004780286 -0.183943123 0.015349927 -0.004790988 0.999870658 17.962053299
0.999868572 0.000135441 -0.016209899 -0.264204830 -0.000044088 0.999984145 0.005635854 -0.198547736 0.016210405 -0.005634400 0.999852657 19.423526764
0.999868393 0.000067871 -0.016224882 -0.296841592 0.000023020 0.999984443 0.005601707 -0.209131479 0.016225006 -0.005601344 0.999852657 20.879501343
0.999854326 0.000716010 -0.017052649 -0.320006967 -0.000620025 0.999983907 0.005633387 -0.218207955 0.017056407 -0.005621993 0.999838829 22.347574234
0.999850094 0.001330984 -0.017256217 -0.348835289 -0.001226767 0.999980927 0.006048578 -0.226547495 0.017263938 -0.006026504 0.999832809 23.792112350
0.999851346 0.002609552 -0.017038468 -0.377978474 -0.002486248 0.999970615 0.007253960 -0.238764808 0.017056894 -0.007210521 0.999828517 25.233575821
0.999846935 0.003004114 -0.017234424 -0.406643867 -0.002898451 0.999976993 0.006152563 -0.252964288 0.017252509 -0.006101669 0.999832571 26.668663025
0.999847710 0.003306776 -0.017133778 -0.439020693 -0.003241652 0.999987364 0.003827294 -0.260849774 0.017146219 -0.003771170 0.999845862 28.101737976
0.999859810 0.001352800 -0.016689627 -0.472957641 -0.001292278 0.999992549 0.003636590 -0.274732590 0.016694425 -0.003614512 0.999854028 29.512666702
0.999862432 0.000706959 -0.016567633 -0.498903155 -0.000599547 0.999978781 0.006487367 -0.290741920 0.016571864 -0.006476542 0.999841690 30.932109833
0.999866188 -0.001078170 -0.016324576 -0.529504299 0.001202768 0.999970198 0.007624650 -0.303031206 0.016315872 -0.007643263 0.999837816 32.332691193
0.999866784 -0.002095334 -0.016183468 -0.553328872 0.002208929 0.999972939 0.007004515 -0.315411031 0.016168350 -0.007039330 0.999844432 33.727081299
0.999873698 -0.002168997 -0.015745057 -0.583187819 0.002251365 0.999983847 0.005215492 -0.328084111 0.015733490 -0.005250282 0.999862373 35.106014252
0.999883533 -0.001011172 -0.015222605 -0.613137901 0.001079155 0.999989450 0.004458344 -0.342401713 0.015217934 -0.004474254 0.999874115 36.465610504
0.999896884 -0.000469927 -0.014354445 -0.639459133 0.000521916 0.999993265 0.003618317 -0.359729886 0.014352649 -0.003625436 0.999890387 37.816036224
0.999915481 0.000199756 -0.012999315 -0.665772796 -0.000139351 0.999989331 0.004647542 -0.374269426 0.013000101 -0.004645336 0.999904692 39.142566681
0.999932051 0.000340837 -0.011650564 -0.684855044 -0.000263508 0.999977946 0.006638183 -0.390371501 0.011652567 -0.006634662 0.999910116 40.460906982
0.999948919 0.000201491 -0.010104767 -0.703910112 -0.000124236 0.999970794 0.007645465 -0.404797614 0.010106015 -0.007643817 0.999919653 41.751358032
0.999968648 0.000376152 -0.007908181 -0.717361689 -0.000310725 0.999965727 0.008272937 -0.417054892 0.007911023 -0.008270221 0.999934435 43.026901245
0.999990165 0.000365418 -0.004425536 -0.736380458 -0.000330670 0.999969125 0.007849718 -0.432539880 0.004428267 -0.007848178 0.999959409 44.288326263
0.999999464 -0.000561208 -0.000898467 -0.744033873 0.000566507 0.999982357 0.005907643 -0.442768514 0.000895136 -0.005908149 0.999982119 45.544055939
0.999996603 -0.000467259 0.002533623 -0.749790251 0.000456056 0.999990046 0.004420709 -0.461322486 -0.002535664 -0.004419540 0.999987006 46.766849518
0.999977231 -0.000278496 0.006737276 -0.747152090 0.000244959 0.999987602 0.004978099 -0.473617733 -0.006738579 -0.004976335 0.999964893 47.984706879
0.999927044 0.000288852 0.012069579 -0.744223177 -0.000344867 0.999989152 0.004639207 -0.484457850 -0.012068108 -0.004643032 0.999916375 49.190814972
0.999830902 0.001978444 0.018281881 -0.725019038 -0.002047098 0.999990940 0.003737341 -0.498016477 -0.018274320 -0.003774134 0.999825895 50.394641876
0.999669135 0.003059892 0.025538536 -0.699289560 -0.003156364 0.999988019 0.003738037 -0.512776017 -0.025526788 -0.003817409 0.999666870 51.586051941
0.999420285 0.004121601 0.033793967 -0.663871408 -0.004288768 0.999978840 0.004875674 -0.527377069 -0.033773158 -0.005017782 0.999416947 52.771850586
0.999008715 0.006489184 0.044038814 -0.620243311 -0.006734392 0.999962628 0.005421943 -0.540443242 -0.044001989 -0.005713143 0.999015093 53.931739807
0.998340487 0.008623433 0.056937300 -0.565736055 -0.008942975 0.999945641 0.005359769 -0.551611006 -0.056887984 -0.005860064 0.998363376 55.091693878
0.997349143 0.010980269 0.071930200 -0.498575211 -0.011432010 0.999917388 0.005871588 -0.566466451 -0.071859784 -0.006678331 0.997392297 56.228637695
0.996019244 0.013172731 0.088159390 -0.412247658 -0.013851009 0.999878883 0.007086421 -0.575837374 -0.088055387 -0.008279308 0.996081114 57.357254028
0.994322300 0.013197879 0.105588704 -0.295390129 -0.014127886 0.999867678 0.008064661 -0.589671493 -0.105468296 -0.009510617 0.994377196 58.477390289
0.992139339 0.012816703 0.124480158 -0.162671566 -0.013793885 0.999880552 0.006991376 -0.595762312 -0.124375686 -0.008653483 0.992197454 59.572017670
0.989414752 0.012008720 0.144617349 -0.008460045 -0.013023260 0.999896765 0.006070672 -0.605708838 -0.144529507 -0.007889802 0.989469051 60.657806396
0.986144185 0.008969866 0.165647835 0.164506912 -0.010083864 0.999931812 0.005885310 -0.616706491 -0.165583745 -0.007474134 0.986167371 61.725799561
0.982338309 0.004100735 0.187068552 0.368929863 -0.005701914 0.999951541 0.008022042 -0.626750708 -0.187026590 -0.008947010 0.982314110 62.780509949
0.977640569 -0.001434427 0.210278645 0.592355728 -0.000566536 0.999955118 0.009455222 -0.635342479 -0.210282773 -0.009362939 0.977595747 63.824337006
0.972161353 -0.006398706 0.234225571 0.844896317 0.004439051 0.999950588 0.008892777 -0.644730151 -0.234270945 -0.007605474 0.972141623 64.852851868
0.965750217 -0.012390288 0.259177327 1.122237206 0.010898713 0.999914765 0.007191196 -0.654415846 -0.259244293 -0.004120200 0.965802968 65.853805542
0.958266139 -0.015950464 0.285432696 1.419576645 0.014330241 0.999867141 0.007764229 -0.659661233 -0.285518646 -0.003349877 0.958367288 66.839225769
0.949645996 -0.018589936 0.312772930 1.732934952 0.016142726 0.999815464 0.010412126 -0.672417402 -0.312908798 -0.004838826 0.949770868 67.799842834
0.939984381 -0.022709539 0.340460837 2.072071075 0.019429240 0.999726176 0.013041542 -0.673647225 -0.340663791 -0.005643950 0.940168202 68.740509033
0.929115355 -0.025753224 0.368892193 2.446224213 0.022700358 0.999662697 0.012614227 -0.677461803 -0.369092643 -0.003346087 0.929386556 69.659065247
0.916985571 -0.025052112 0.398132920 2.831390381 0.023460992 0.999685407 0.008868500 -0.682480752 -0.398229867 0.001208306 0.917284846 70.563247681
0.904049098 -0.026333276 0.426616728 3.254957199 0.027396481 0.999617994 0.003646007 -0.690495729 -0.426549703 0.008391629 0.904425323 71.432319641
0.889857948 -0.028136346 0.455369204 3.700292587 0.030945089 0.999520361 0.001287110 -0.699521661 -0.455186993 0.012946098 0.890301704 72.292236328
0.874213099 -0.028956022 0.484678239 4.171398163 0.030491099 0.999523878 0.004717606 -0.709483325 -0.484584033 0.010654178 0.874679804 73.135803223
0.856489658 -0.027844649 0.515412509 4.662967682 0.026271004 0.999601305 0.010346476 -0.716378748 -0.515495002 0.004678753 0.856879771 73.964897156
0.836920083 -0.028126298 0.546601832 5.185132980 0.024415780 0.999603093 0.014052414 -0.723588526 -0.546780050 0.001584960 0.837274730 74.769241333
0.815769315 -0.021662954 0.577971756 5.722017288 0.020081004 0.999756694 0.009128860 -0.724724829 -0.578028917 0.004159210 0.816005707 75.549507141
0.793821037 -0.015131067 0.607963145 6.289119720 0.017526804 0.999844313 0.001999412 -0.729556441 -0.607898831 0.009068477 0.793962657 76.298965454
0.771445990 -0.012603518 0.636169970 6.883533478 0.016438032 0.999864876 -0.000124550 -0.733634889 -0.636082470 0.010553464 0.771548927 77.018478394
0.748165250 -0.015251124 0.663337171 7.514312744 0.017817255 0.999837101 0.002892026 -0.739992142 -0.663273215 0.009655135 0.748315036 77.725128174
0.723430932 -0.015514636 0.690222442 8.151428223 0.017887192 0.999833047 0.003726189 -0.756159425 -0.690165043 0.009650501 0.723587692 78.400390625
0.698176026 -0.013560809 0.715797722 8.809753418 0.018535275 0.999827802 0.000862804 -0.764422655 -0.715686142 0.012665118 0.698307037 79.039962769
0.672231376 -0.011243879 0.740255713 9.493778229 0.018543055 0.999826670 -0.001652532 -0.773725033 -0.740108848 0.014837486 0.672323406 79.651611328
0.645106673 -0.008824592 0.764041483 10.187900543 0.016628981 0.999858618 -0.002492171 -0.785475492 -0.763911426 0.014312949 0.645162284 80.243896484
0.616986930 -0.007242163 0.786940098 10.909557343 0.016534502 0.999856234 -0.003761976 -0.798984528 -0.786799729 0.015332754 0.617017925 80.811912537
0.588273466 -0.000921049 0.808661520 11.646556854 0.015225683 0.999834597 -0.009937366 -0.817281365 -0.808518708 0.018158317 0.588190138 81.351333618
0.558210969 0.008489350 0.829655588 12.411167145 0.014135054 0.999705255 -0.019739741 -0.831087470 -0.829578638 0.022746164 0.557926476 81.872138977
0.527383924 0.016781120 0.849461257 13.196781158 0.012968329 0.999529481 -0.027797036 -0.857742727 -0.849528134 0.025675805 0.526918232 82.362052917
0.495631605 0.021904074 0.868256509 14.004333496 0.010322391 0.999462903 -0.031106476 -0.881049931 -0.868471503 0.024379842 0.495139182 82.829734802
0.462973058 0.021216001 0.886118412 14.836870193 0.008654863 0.999557614 -0.028453965 -0.917572260 -0.886330009 0.020842656 0.462584674 83.274406433
0.429800808 0.020131970 0.902699172 15.693901062 0.004171456 0.999696374 -0.024281349 -0.944502950 -0.902913988 0.014201717 0.429586440 83.687751770
0.395481884 0.021439776 0.918223500 16.559253693 -0.000125676 0.999728799 -0.023288729 -0.976638734 -0.918473780 0.009094870 0.395377249 84.070594788
0.360195994 0.024211504 0.932562411 17.438184738 -0.006789693 0.999704659 -0.023332199 -1.005056381 -0.932851970 0.002072352 0.360254019 84.429428101
0.324958473 0.026176156 0.945365965 18.356510162 -0.011831924 0.999651194 -0.023612168 -1.035221100 -0.945654273 -0.003512525 0.325154871 84.744056702
0.288379461 0.025503533 0.957176507 19.277139664 -0.014067396 0.999650180 -0.022396980 -1.061708450 -0.957412899 -0.007006152 0.288637340 85.042213440
0.251971424 0.025200486 0.967406511 20.210649490 -0.014925987 0.999643147 -0.022152603 -1.088841558 -0.967619598 -0.008857676 0.252257675 85.289489746
0.215807617 0.024820009 0.976120412 21.169605255 -0.014349067 0.999649525 -0.022245901 -1.118073821 -0.976330459 -0.009205583 0.216088131 85.512855530
0.180380940 0.023787325 0.983309090 22.136135101 -0.012357782 0.999683440 -0.021916494 -1.141501427 -0.983519197 -0.008198203 0.180617779 85.686462402
0.146390021 0.022304842 0.988975465 23.105770111 -0.004065236 0.999750912 -0.021946119 -1.176755428 -0.989218593 -0.000807726 0.146444231 85.810653687
0.112777777 0.025921764 0.993282080 24.094169617 -0.001384912 0.999662757 -0.025931036 -1.208909154 -0.993619263 0.001548836 0.112775624 85.915092468
0.080048688 0.030806096 0.996314764 25.072154999 -0.000265606 0.999522924 -0.030883951 -1.240777612 -0.996790826 0.002207593 0.080018684 85.989624023
0.051242407 0.034772497 0.998080730 26.080383301 0.006274891 0.999362648 -0.035139322 -1.279750943 -0.998666525 0.008063470 0.050991550 86.030258179
0.025820551 0.032986615 0.999122143 27.073661804 0.008255540 0.999414325 -0.033209603 -1.315954328 -0.999632478 0.009105784 0.025533108 86.048568726
0.003741473 0.030080471 0.999540448 28.074405670 0.009867717 0.999497652 -0.030116118 -1.352830410 -0.999944329 0.009975862 0.003442768 86.042930603
-0.015173431 0.027522495 0.999505937 29.077960968 0.009891680 0.999576330 -0.027374264 -1.390019178 -0.999835968 0.009471432 -0.015439248 86.027145386
-0.031578377 0.030598674 0.999032736 30.080482483 0.012052165 0.999470234 -0.030231116 -1.427855253 -0.999428630 0.011085859 -0.031930424 85.991767883
-0.046080820 0.034969762 0.998325408 31.082414627 0.014594210 0.999303997 -0.034330405 -1.463083744 -0.998831093 0.012987799 -0.046559095 85.940605164
-0.058032382 0.039962370 0.997514665 32.078830719 0.019179149 0.999058843 -0.038908448 -1.508073330 -0.998130441 0.016873531 -0.058744211 85.878608704
-0.066754095 0.043560613 0.996818244 33.080291748 0.024857365 0.998808980 -0.041982990 -1.553616285 -0.997459769 0.021975735 -0.067757420 85.799530029
-0.073049128 0.048934869 0.996127129 34.082092285 0.028336346 0.998494148 -0.046973158 -1.602982998 -0.996925712 0.024795255 -0.074325748 85.724098206
-0.076191872 0.053238004 0.995670915 35.087902069 0.030486699 0.998231053 -0.051041957 -1.665433049 -0.996626914 0.026465734 -0.077680141 85.636581421
-0.079340488 0.057475112 0.995189369 36.092082977 0.032329317 0.997959673 -0.055057701 -1.722098470 -0.996323168 0.027805485 -0.081036761 85.558387756
-0.081854992 0.060362868 0.994814575 37.099304199 0.032884944 0.997784257 -0.057837229 -1.785889745 -0.996101558 0.027980158 -0.083658665 85.472999573
-0.084197916 0.063812904 0.994403601 38.117675781 0.033905633 0.997552931 -0.061144147 -1.851930261 -0.995872021 0.028567677 -0.086155474 85.381492615
-0.086087517 0.067347422 0.994008660 39.126041412 0.035406802 0.997289181 -0.064503230 -1.924003839 -0.995658159 0.029641751 -0.088238709 85.287513733
-0.088273361 0.068930298 0.993708432 40.146583557 0.038053822 0.997107863 -0.065785691 -1.993386269 -0.995369077 0.032007284 -0.090641119 85.191696167
-0.090455800 0.067711592 0.993595958 41.172599792 0.038003556 0.997193933 -0.064497001 -2.066237688 -0.995175123 0.031926055 -0.092775263 85.095108032
-0.092573911 0.067373283 0.993423820 42.204025269 0.037613809 0.997232676 -0.064126506 -2.139551401 -0.994995117 0.031430017 -0.094851874 84.996604919
-0.094589204 0.068708085 0.993142545 43.233596802 0.037755076 0.997145355 -0.065389127 -2.213246822 -0.994800150 0.031311069 -0.096913271 84.891113281
-0.097198471 0.070969336 0.992731512 44.253799438 0.036573865 0.997035384 -0.067696065 -2.285314560 -0.994592786 0.029728074 -0.099505924 84.799247742
-0.099838503 0.073381573 0.992294014 45.282653809 0.034995023 0.996918738 -0.070202596 -2.360543251 -0.994388044 0.027716434 -0.102098875 84.696754456
-0.102267496 0.076797426 0.991787970 46.312950134 0.032585714 0.996739030 -0.073820755 -2.443189144 -0.994222999 0.024768662 -0.104436502 84.592956543
-0.104617007 0.080964684 0.991211355 47.343788147 0.029544627 0.996493816 -0.078277878 -2.526377916 -0.994073570 0.021095777 -0.106642283 84.488166809
-0.107215926 0.083404183 0.990731299 48.386470795 0.027207097 0.996348083 -0.080932721 -2.608197689 -0.993863404 0.018277640 -0.109093592 84.374160767
-0.109836198 0.081727207 0.990584016 49.428455353 0.025422674 0.996518791 -0.079397976 -2.698156595 -0.993624508 0.016462523 -0.111531556 84.260002136
-0.112962045 0.077419929 0.990578473 50.479076385 0.022655040 0.996901214 -0.075330578 -2.787758350 -0.993340969 0.013932098 -0.114365950 84.149650574
-0.115024932 0.075777933 0.990468025 51.533344269 0.023167241 0.997019470 -0.073588714 -2.873847008 -0.993092418 0.014481874 -0.116437666 84.024475098
-0.117146902 0.076225027 0.990185022 52.577919006 0.022253312 0.997001231 -0.074116997 -2.958908319 -0.992865264 0.013352320 -0.118491851 83.907196045
-0.118368171 0.078923449 0.989828229 53.625541687 0.023688095 0.996777058 -0.076644771 -3.045197010 -0.992687166 0.014374846 -0.119856216 83.782264709
-0.119074076 0.081842020 0.989506543 54.683502197 0.024017982 0.996542752 -0.079533741 -3.130087376 -0.992594779 0.014295547 -0.120628081 83.655342102
-0.119454376 0.082486406 0.989407361 55.742408752 0.022542886 0.996511221 -0.080356993 -3.219989061 -0.992583752 0.012705101 -0.120897114 83.530532837
-0.119567990 0.081421934 0.989481688 56.795715332 0.019671267 0.996630132 -0.079633094 -3.307009220 -0.992631137 0.009942787 -0.120766729 83.411018372
-0.119565003 0.080533072 0.989554763 57.866561890 0.016002452 0.996731579 -0.079183631 -3.401134491 -0.992697418 0.006367713 -0.120462947 83.288391113
-0.119728819 0.081783943 0.989432335 58.940376282 0.012442561 0.996646643 -0.080874622 -3.490494490 -0.992728770 0.002628050 -0.120344922 83.165641785
-0.119914599 0.081851818 0.989404202 60.000549316 0.008511472 0.996643603 -0.081419125 -3.585545778 -0.992747724 -0.001342057 -0.120208800 83.046829224
-0.120189026 0.081163205 0.989427805 61.084590912 0.005345063 0.996690869 -0.081109710 -3.679358959 -0.992736578 -0.004459943 -0.120225132 82.922576904
-0.120519310 0.075941287 0.989801884 62.166618347 0.005614528 0.997105837 -0.075818032 -3.769920826 -0.992695034 -0.003580266 -0.120596878 82.797668457
-0.120536692 0.067322299 0.990423381 63.268898010 0.008877281 0.997730970 -0.066738643 -3.857106924 -0.992669165 0.000747813 -0.120860830 82.658569336
-0.120478831 0.061888821 0.990784824 64.366386414 0.014494690 0.998058021 -0.060580596 -3.938592911 -0.992610097 0.007062439 -0.121141948 82.525199890
-0.119710483 0.064227834 0.990729094 65.462348938 0.022861805 0.997818947 -0.061925054 -4.011738777 -0.992545605 0.015236773 -0.120917752 82.379150391
-0.118441872 0.070184715 0.990477502 66.547058105 0.028304808 0.997332156 -0.067285709 -4.080933571 -0.992557406 0.020065829 -0.120112449 82.244033813
-0.117517784 0.075565033 0.990191638 67.651184082 0.032190539 0.996866643 -0.072253995 -4.166889668 -0.992548883 0.023383683 -0.119582035 82.106056213
-0.116907395 0.080124617 0.989905417 68.757408142 0.032845158 0.996506870 -0.076779947 -4.250200748 -0.992599487 0.023537453 -0.119130760 81.974952698
-0.117208205 0.077319816 0.990092874 69.872482300 0.029966298 0.996786058 -0.074295051 -4.337985516 -0.992655158 0.020961422 -0.119148463 81.856681824
-0.116474047 0.072942540 0.990511596 70.993659973 0.029198421 0.997119904 -0.069995746 -4.422885418 -0.992764473 0.020768689 -0.118268408 81.717025757
-0.116493396 0.070695572 0.990672290 72.120529175 0.027062051 0.997319102 -0.067987666 -4.511775017 -0.992822707 0.018889509 -0.118094258 81.599563599
-0.116375275 0.071266875 0.990645111 73.249732971 0.024740452 0.997320831 -0.068840750 -4.593464851 -0.992897153 0.016497647 -0.117826656 81.467010498
-0.116073459 0.076664045 0.990277469 74.386466980 0.025834600 0.996912360 -0.074149542 -4.681120872 -0.992904603 0.016976628 -0.117695637 81.334449768
-0.115365162 0.079184301 0.990161955 75.526718140 0.025139136 0.996730983 -0.076780632 -4.769587994 -0.993004918 0.016034003 -0.116978668 81.198204041
-0.115110658 0.078207090 0.990269244 76.678520203 0.025701316 0.996796668 -0.075735033 -4.859833717 -0.993020117 0.016733317 -0.116751932 81.066795349
-0.114287637 0.071262702 0.990888417 77.834785461 0.026995432 0.997278333 -0.068608642 -4.952443123 -0.993080854 0.018908342 -0.115900330 80.927421570
-0.114913426 0.069972955 0.990907967 78.988494873 0.026150541 0.997383356 -0.067397594 -5.034845829 -0.993031204 0.018167891 -0.116442584 80.798904419
-0.114309773 0.072942562 0.990763664 80.144157410 0.023742381 0.997216702 -0.070678331 -5.120330811 -0.993161380 0.015443861 -0.115723431 80.669204712
-0.114335984 0.075915538 0.990537286 81.302368164 0.022809584 0.997013748 -0.073779039 -5.208694935 -0.993180275 0.014158146 -0.115726151 80.544357300
-0.114079900 0.075540297 0.990595520 82.476806641 0.021678608 0.997056901 -0.073536456 -5.295223713 -0.993235052 0.013085702 -0.115381740 80.412384033
-0.113730043 0.072106145 0.990891695 83.657180786 0.021629732 0.997306168 -0.070090361 -5.384853363 -0.993276238 0.013461341 -0.114983290 80.278091431
-0.113128081 0.070750207 0.991058230 84.838157654 0.021801542 0.997398257 -0.068714187 -5.481305599 -0.993341208 0.013833095 -0.114376195 80.147354126
-0.112014733 0.071253747 0.991148651 86.022018433 0.023515759 0.997336626 -0.069040984 -5.567302704 -0.993428171 0.015574005 -0.113391988 80.013267517
-0.110772327 0.071646810 0.991259933 87.216682434 0.025822010 0.997268856 -0.069195539 -5.653492928 -0.993510187 0.017931374 -0.112319849 79.872917175
-0.109948039 0.070873462 0.991407275 88.401214600 0.025472837 0.997327805 -0.068471730 -5.744898796 -0.993610859 0.017725622 -0.111459598 79.747627258
-0.108895004 0.071365863 0.991488159 89.598510742 0.026483115 0.997273803 -0.068873659 -5.834419250 -0.993700564 0.018757695 -0.110488109 79.618263245
-0.107549831 0.069779120 0.991747916 90.798278809 0.026637040 0.997378051 -0.067286603 -5.919270515 -0.993842721 0.019180566 -0.109126575 79.482704163
-0.106501773 0.068617724 0.991941988 92.008972168 0.025103621 0.997483432 -0.066305771 -6.010450840 -0.993995547 0.017839652 -0.107956342 79.357574463
-0.105105318 0.067859367 0.992143035 93.220504761 0.026238039 0.997511029 -0.065446906 -6.096894264 -0.994114816 0.019153077 -0.106624208 79.231391907
-0.103334047 0.068680666 0.992272615 94.441650391 0.024128245 0.997492731 -0.066529296 -6.185046196 -0.994353950 0.017067056 -0.104732104 79.105911255
-0.101808399 0.071329616 0.992243469 95.660942078 0.024339808 0.997306049 -0.069196194 -6.269937038 -0.994506240 0.017106261 -0.103270300 78.972412109
-0.100339964 0.070432648 0.992457092 96.886268616 0.022191385 0.997401536 -0.068539940 -6.357198715 -0.994705617 0.015146699 -0.101642258 78.848388672
-0.100136034 0.069087036 0.992572248 98.118171692 0.018733108 0.997540474 -0.067542940 -6.449934959 -0.994797409 0.011830481 -0.101183958 78.738044739
-0.099984966 0.069881260 0.992531896 99.354431152 0.015805913 0.997516274 -0.068639949 -6.539131165 -0.994863331 0.008824912 -0.100841157 78.618255615
-0.100432254 0.069493674 0.992513955 100.597579956 0.012864958 0.997565031 -0.068545520 -6.626232147 -0.994860649 0.005884470 -0.101081729 78.502960205
-0.101583034 0.067100681 0.992561460 101.839866638 0.010129044 0.997740865 -0.066414163 -6.710982800 -0.994775474 0.003307147 -0.102033190 78.381401062
-0.102505349 0.065346763 0.992583871 103.098999023 0.007712648 0.997862101 -0.064897783 -6.807089806 -0.994702578 0.001003081 -0.102790199 78.255302429
-0.104044773 0.064405784 0.992484987 104.341468811 0.005704482 0.997923255 -0.064160667 -6.895318508 -0.994556367 -0.001013968 -0.104196079 78.129966736
-0.105597146 0.064700298 0.992302060 105.594161987 0.005811926 0.997904181 -0.064447105 -6.981490612 -0.994391978 -0.001038246 -0.105751902 78.003440857
-0.107926309 0.063392021 0.992135763 106.851707458 0.005685003 0.997987986 -0.063147537 -7.070326805 -0.994142652 -0.001174985 -0.108069547 77.870330811
-0.111119501 0.058703132 0.992071688 108.111396790 0.003130816 0.998269618 -0.058719184 -7.154583454 -0.993802071 -0.003418853 -0.111111000 77.742179871
-0.115573719 0.058579527 0.991570055 109.361618042 0.001972208 0.998270988 -0.058745530 -7.234966755 -0.993296862 -0.004833857 -0.115489438 77.598793030
-0.120993249 0.064821519 0.990534544 110.594924927 -0.002669015 0.997840703 -0.065625675 -7.316362381 -0.992649734 -0.010584014 -0.120558955 77.453552246
-0.128216073 0.067665644 0.989435196 111.824287415 -0.002140974 0.997648478 -0.068504781 -7.405956745 -0.991743863 -0.010901770 -0.127769738 77.303237915
-0.137004375 0.063625731 0.988525093 113.055923462 -0.000307403 0.997932374 -0.064273834 -7.500924110 -0.990570366 -0.009109671 -0.136701539 77.135871887
-0.147867709 0.061284408 0.987106562 114.291679382 0.002014000 0.998094857 -0.061664920 -7.592873096 -0.989005089 -0.007130218 -0.147709399 76.956504822
-0.160472229 0.062057927 0.985087514 115.512649536 0.002495766 0.998043895 -0.062467575 -7.680420876 -0.987037182 -0.007565765 -0.160313219 76.755386353
-0.174573928 0.062298175 0.982671261 116.732101440 0.004073957 0.998033643 -0.062548354 -7.763283730 -0.984635651 -0.006915950 -0.174484462 76.539932251
-0.188852519 0.060511224 0.980139256 117.949401855 0.004939459 0.998145580 -0.060671154 -7.848154545 -0.981993020 -0.006616543 -0.188801199 76.310462952
-0.204028651 0.063190073 0.976923406 119.143066406 0.009204845 0.997994304 -0.062630571 -7.935808182 -0.978921652 -0.003786002 -0.204201087 76.060226440
-0.219371304 0.066383965 0.973380506 120.330558777 0.009102934 0.997778475 -0.065996327 -8.017760277 -0.975598991 -0.005617088 -0.219488293 75.800994873
-0.234422266 0.070416525 0.969581187 121.503067017 0.009249863 0.997489512 -0.070206977 -8.109790802 -0.972090960 -0.007489587 -0.234485075 75.520530701
-0.250366896 0.067999803 0.965760052 122.674697876 0.005241975 0.997610927 -0.068883486 -8.205762863 -0.968136787 -0.012183657 -0.250125229 75.225685120
-0.266656995 0.062404532 0.961768985 123.854568481 -0.000020020 0.997901201 -0.064754508 -8.298566818 -0.963791490 -0.017286504 -0.266096115 74.923858643
-0.282282948 0.058325268 0.957556546 125.025268555 -0.003995336 0.998069882 -0.061970774 -8.384984016 -0.959322870 -0.021319050 -0.281505108 74.595695496
-0.297414839 0.059766687 0.952875853 126.171989441 -0.006021442 0.997901440 -0.064470224 -8.470792770 -0.954729378 -0.024912087 -0.296430886 74.251159668
-0.311438054 0.062048793 0.948238432 127.319190979 -0.005892366 0.997720659 -0.067221984 -8.554214478 -0.950248182 -0.026522852 -0.310362607 73.879158020
-0.325398088 0.064247951 0.943391919 128.458312988 -0.004105290 0.997583628 -0.069354594 -8.646436691 -0.945568204 -0.026440753 -0.324348032 73.495193481
-0.339675337 0.063885048 0.938370585 129.601135254 -0.001914228 0.997641444 -0.068613172 -8.743413925 -0.940540791 -0.025102459 -0.338751853 73.091171265
-0.353720337 0.061996788 0.933294356 130.736740112 -0.001989605 0.997748792 -0.067032427 -8.836897850 -0.935349107 -0.025567621 -0.352800697 72.671203613
-0.368115336 0.060746338 0.927793622 131.855087280 -0.002388433 0.997798324 -0.066277474 -8.926648140 -0.929776967 -0.026613723 -0.367159754 72.227966309
-0.382919312 0.061970823 0.921700835 132.957473755 -0.003931578 0.997628987 -0.068709239 -9.018373489 -0.923773408 -0.029933834 -0.381767780 71.783699036
-0.397989362 0.064371958 0.915128767 134.048370361 -0.002794046 0.997445405 -0.071377411 -9.108256340 -0.917385757 -0.030964363 -0.396792799 71.320831299
-0.412602693 0.066126466 0.908507764 135.140594482 -0.001618953 0.997306764 -0.073325031 -9.201094627 -0.910909653 -0.031724937 -0.411384404 70.834075928
-0.427404493 0.068423331 0.901467502 136.225097656 0.001375509 0.997179985 -0.075035945 -9.302507401 -0.904059470 -0.030830730 -0.426293224 70.332466125
-0.442477733 0.071799017 0.893900633 137.308380127 0.001195942 0.996836126 -0.079474933 -9.400463104 -0.896778703 -0.034096830 -0.441163599 69.811981201
-0.457234591 0.074103795 0.886253417 138.378067017 0.002181474 0.996612966 -0.082206026 -9.500243187 -0.889343441 -0.035654094 -0.455847591 69.263717651
-0.472905606 0.071140744 0.878236473 139.459915161 0.000474186 0.996755779 -0.080485955 -9.603694916 -0.881112993 -0.037645813 -0.471405059 68.703338623
-0.488745749 0.066868149 0.869859874 140.529907227 -0.002172619 0.996961951 -0.077859499 -9.705877304 -0.872423589 -0.039943375 -0.487115651 68.118118286
-0.504780591 0.066877432 0.860653222 141.587371826 -0.002761497 0.996864319 -0.079081424 -9.806327820 -0.863243222 -0.042295467 -0.503013134 67.509338379
-0.520996988 0.065806754 0.851018012 142.637207031 -0.004101425 0.996819079 -0.079592034 -9.907333374 -0.853548825 -0.044957589 -0.519069791 66.889709473
-0.536808968 0.064981952 0.841197610 143.672180176 -0.004773998 0.996779680 -0.080047071 -10.003736496 -0.843690336 -0.046985872 -0.534769952 66.239242554
-0.552377462 0.064464055 0.831097722 144.702728271 -0.005973483 0.996673584 -0.081277162 -10.109956741 -0.833572626 -0.049860232 -0.550155044 65.570358276
-0.567689240 0.063481592 0.820791721 145.727813721 -0.006478652 0.996647120 -0.081563473 -10.221824646 -0.823217452 -0.051620319 -0.565374553 64.870819092
-0.582719803 0.061034691 0.810377955 146.744247437 -0.006565959 0.996789515 -0.079795919 -10.321910858 -0.812646627 -0.051819574 -0.580448270 64.150115967
-0.597425580 0.057463683 0.799862862 147.754608154 -0.006785463 0.997031510 -0.076696776 -10.424835205 -0.801895618 -0.051248074 -0.595262170 63.401115417
-0.612404108 0.056017201 0.788557827 148.748519897 -0.005619655 0.997152686 -0.075199559 -10.528040886 -0.790524900 -0.050483935 -0.610345483 62.637981415
-0.627056360 0.054155428 0.777089119 149.730377197 -0.006625994 0.997173548 -0.074839845 -10.630179405 -0.778945684 -0.052077785 -0.624925196 61.861537933
-0.642088294 0.055241786 0.764637768 150.704574585 -0.007970585 0.996865630 -0.078712367 -10.734985352 -0.766589284 -0.056634907 -0.639635265 61.066860199
-0.657486320 0.054633014 0.751483202 151.661743164 -0.010093786 0.996639609 -0.081287190 -10.838869095 -0.753398895 -0.061030533 -0.654725432 60.254726410
-0.673389673 0.051374853 0.737500429 152.628936768 -0.012111368 0.996681929 -0.080488175 -10.943333626 -0.739188552 -0.063132055 -0.670533061 59.405166626
-0.689593852 0.043756384 0.722873271 153.557342529 -0.015746664 0.997031033 -0.075373203 -11.051448822 -0.724025130 -0.063359737 -0.686857462 58.541160583
-0.706685543 0.041350473 0.706318378 154.479598999 -0.016792510 0.997029245 -0.075170979 -11.152168274 -0.707328439 -0.064983100 -0.703891814 57.653293610
-0.723952949 0.038723670 0.688761592 155.381408691 -0.018480983 0.996976256 -0.075477406 -11.253268242 -0.689601660 -0.067371085 -0.721048295 56.732315063
-0.741535842 0.034662604 0.670017242 156.267608643 -0.021864669 0.996885478 -0.075771317 -11.357316971 -0.670556903 -0.070836850 -0.738468409 55.794631958
-0.758096039 0.033153374 0.651299715 157.116058350 -0.021161748 0.996930420 -0.075378865 -11.458883286 -0.651799500 -0.070927054 -0.755067348 54.833526611
-0.774222255 0.034999203 0.631945372 157.938491821 -0.019272218 0.996703207 -0.078811869 -11.565382957 -0.632620335 -0.073196895 -0.770995319 53.849185944
-0.789404154 0.034446489 0.612906635 158.745971680 -0.016074954 0.996922016 -0.076732881 -11.669679642 -0.613663316 -0.070425697 -0.786420703 52.839206696
-0.804093719 0.035850104 0.593420625 159.525131226 -0.011833432 0.997017145 -0.076266922 -11.783015251 -0.594384789 -0.068347953 -0.801271081 51.803283691
-0.818756640 0.036708642 0.572965801 160.281814575 -0.010335353 0.996849895 -0.078634970 -11.894395828 -0.574047446 -0.070304707 -0.815798223 50.757942200
-0.832467079 0.038617983 0.552727044 161.007476807 -0.008929862 0.996503413 -0.083073147 -12.006576538 -0.554002523 -0.074091442 -0.829211473 49.697223663
-0.845408857 0.039009735 0.532693207 161.705688477 -0.006366067 0.996522546 -0.083079733 -12.116368294 -0.534081757 -0.073627509 -0.842220545 48.609897614
-0.857085526 0.037334088 0.513819635 162.381439209 -0.004924067 0.996731460 -0.080636106 -12.229626656 -0.515150666 -0.071642108 -0.854100227 47.507228851
-0.867647767 0.039305195 0.495623261 163.033294678 -0.001970780 0.996590376 -0.082484260 -12.339445114 -0.497175455 -0.072544046 -0.864611983 46.389503479
-0.877037346 0.042312816 0.478555143 163.649398804 0.001033923 0.996277869 -0.086193867 -12.454683304 -0.480421096 -0.075100459 -0.873816609 45.266139984
-0.886060834 0.039873764 0.461850941 164.256042480 -0.000906777 0.996142864 -0.087741338 -12.572266579 -0.463568121 -0.078162968 -0.882606983 44.119941711
-0.894467235 0.036869422 0.445610762 164.847198486 -0.002264614 0.996208251 -0.086971030 -12.696960449 -0.447127759 -0.078801885 -0.890992165 42.981147766
-0.901691496 0.034605559 0.430992901 165.413711548 -0.003351931 0.996202767 -0.087000422 -12.820143700 -0.432366908 -0.079892196 -0.898151457 41.828453064
-0.908308804 0.032763734 0.417015105 165.957595825 -0.003854912 0.996229827 -0.086667471 -12.939054489 -0.418282360 -0.080328405 -0.904757977 40.663070679
-0.914629757 0.030259237 0.403158456 166.490386963 -0.004982717 0.996275783 -0.086080030 -13.055850983 -0.404261708 -0.080740184 -0.911072731 39.491165161
-0.920178473 0.025453661 0.390670747 167.004882812 -0.007400533 0.996575058 -0.082361639 -13.173646927 -0.391429126 -0.078678608 -0.916838527 38.293884277
-0.925340950 0.022017408 0.378496081 167.510162354 -0.008658255 0.996824741 -0.079153612 -13.287734985 -0.379037112 -0.076521188 -0.922212243 37.096061707
-0.929678023 0.022286862 0.367698193 167.994247437 -0.006249215 0.997070312 -0.076234624 -13.393646240 -0.368319958 -0.073171489 -0.926815152 35.888031006
-0.932865679 0.026408004 0.359255165 168.460388184 -0.001712004 0.996972859 -0.077730648 -13.506510735 -0.360220373 -0.073127285 -0.929996610 34.689746857
-0.935154319 0.031714156 0.352818131 168.918289185 0.003892301 0.996844172 -0.079287805 -13.610992432 -0.354219168 -0.072773062 -0.932326555 33.484657288
-0.937133074 0.035011776 0.347211361 169.367416382 0.006965904 0.996632934 -0.081696376 -13.722880363 -0.348902583 -0.074141741 -0.934221506 32.289733887
-0.938866794 0.032278702 0.342764139 169.816131592 0.004986006 0.996765494 -0.080209978 -13.841589928 -0.344244480 -0.073597461 -0.935990989 31.069177628
-0.940753222 0.025013329 0.338168174 170.266616821 -0.000917440 0.997084141 -0.076303698 -13.955562592 -0.339090705 -0.072093189 -0.937987268 29.861734390
-0.942666650 0.018372050 0.333229721 170.717010498 -0.007021017 0.997170925 -0.074838921 -14.055337906 -0.333661944 -0.072887748 -0.939870775 28.642204285
-0.944202721 0.012078722 0.329143286 171.153747559 -0.013916284 0.996971905 -0.076507524 -14.159639359 -0.329070747 -0.076819070 -0.941175401 27.423280716
-0.945532203 0.009440257 0.325391680 171.587814331 -0.017396979 0.996685565 -0.079468444 -14.262750626 -0.325063407 -0.080800809 -0.942234039 26.212408066
-0.946315885 0.010029082 0.323088139 172.012390137 -0.017316295 0.996510446 -0.081651919 -14.375320435 -0.322779655 -0.082863174 -0.942839980 24.995229721
-0.946518421 0.010671410 0.322473317 172.430618286 -0.017290091 0.996339262 -0.083720833 -14.487369537 -0.322186232 -0.084818900 -0.942868888 23.787845612
-0.946418822 0.013579396 0.322656214 172.849517822 -0.014744601 0.996256649 -0.085177757 -14.605381966 -0.322605133 -0.085371256 -0.942675829 22.577056885
-0.946049035 0.014169375 0.323713392 173.270111084 -0.014840515 0.996100247 -0.086971916 -14.722130775 -0.323683292 -0.087083787 -0.942149401 21.369274139
-0.945597053 0.015079643 0.324990451 173.691711426 -0.014569708 0.995960295 -0.088605046 -14.845710754 -0.325013787 -0.088519692 -0.941557407 20.159568787
-0.944812775 0.016362133 0.327202320 174.109130859 -0.013386068 0.995989859 -0.088458575 -14.965341568 -0.327337533 -0.087956727 -0.940804839 18.952320099
-0.944081843 0.015381966 0.329352200 174.539642334 -0.014708196 0.995951891 -0.088675395 -15.091756821 -0.329383016 -0.088560998 -0.940033913 17.752971649
-0.942932844 0.014090702 0.332684636 174.976593018 -0.016273631 0.995960295 -0.088308029 -15.216840744 -0.332585007 -0.088682525 -0.938894331 16.569843292
-0.941289485 0.012761855 0.337359130 175.415344238 -0.017228246 0.996167421 -0.085753456 -15.338973999 -0.337160587 -0.086530924 -0.937462032 15.372558594
-0.939230859 0.010527436 0.343124658 175.856460571 -0.019081322 0.996383369 -0.082801193 -15.460578918 -0.342755407 -0.084316693 -0.935633183 14.185478210
-0.936717331 0.008154842 0.349991471 176.305191040 -0.021095140 0.996597230 -0.079679862 -15.574485779 -0.349450290 -0.082020633 -0.933357954 13.006156921
-0.933893025 0.010236392 0.357405633 176.749786377 -0.019669332 0.996605635 -0.079939149 -15.681676865 -0.357010722 -0.081684552 -0.930521846 11.833839417
-0.930767119 0.010840062 0.365451664 177.215042114 -0.019657496 0.996630788 -0.079627767 -15.796563148 -0.365083516 -0.081298761 -0.927418172 10.678718567
-0.926806867 0.014095929 0.375273705 177.681320190 -0.017880650 0.996505499 -0.081590004 -15.911003113 -0.375112474 -0.082328305 -0.923316121 9.513954163
-0.922597945 0.015085830 0.385468125 178.168533325 -0.017475318 0.996574819 -0.080828577 -16.017705917 -0.385367274 -0.081308447 -0.919174135 8.358234406
-0.917696834 0.017250882 0.396906614 178.666824341 -0.016669730 0.996504903 -0.081853904 -16.127803802 -0.396931410 -0.081733383 -0.914201856 7.221023560
-0.912063718 0.019300608 0.409594238 179.190399170 -0.016165890 0.996422589 -0.082950071 -16.240816116 -0.409729958 -0.082277216 -0.908488691 6.072711945
-0.905929327 0.021466106 0.422884375 179.724365234 -0.015031467 0.996454239 -0.082782522 -16.353389740 -0.423161924 -0.081351690 -0.902394533 4.924674988
-0.899572790 0.020682979 0.436280876 180.279495239 -0.016038490 0.996640265 -0.080318160 -16.464855194 -0.436476290 -0.079249337 -0.896218717 3.778938293
-0.892744482 0.023539029 0.449948072 180.842834473 -0.014311261 0.996649086 -0.080534726 -16.581119537 -0.450336039 -0.078336261 -0.889415979 2.651855469
-0.885977209 0.026439330 0.462974489 181.430023193 -0.011819635 0.996761501 -0.079541400 -16.683696747 -0.463578165 -0.075944059 -0.882795453 1.523460388
-0.878663361 0.027935088 0.476623803 182.026397705 -0.010019526 0.996988058 -0.076904975 -16.795970917 -0.477336586 -0.072349146 -0.875737011 0.432106018
-0.871125698 0.029401882 0.490179151 182.641220093 -0.008457869 0.997159481 -0.074842498 -16.894708633 -0.490987301 -0.069343090 -0.868402541 -0.652214050
-0.862641037 0.032692198 0.504758954 183.260070801 -0.004613608 0.997359097 -0.072481647 -17.002286911 -0.505795538 -0.064854383 -0.860212088 -1.724929810
-0.853523791 0.035748944 0.519826293 183.895980835 -0.001247866 0.997500479 -0.070647977 -17.110424042 -0.521052659 -0.060948409 -0.851345658 -2.772109985
-0.842869520 0.038487926 0.536739826 184.541213989 0.001365615 0.997588634 -0.069389455 -17.212654114 -0.538116276 -0.057753272 -0.840889692 -3.813354492
-0.831953704 0.041648846 0.553279698 185.206588745 0.004611972 0.997663379 -0.068165503 -17.310079575 -0.554825902 -0.054158818 -0.830201805 -4.825851440
-0.820659935 0.043524437 0.569756866 185.888793945 0.006276431 0.997721374 -0.067176796 -17.405538559 -0.571382403 -0.051553268 -0.819063127 -5.815101624
-0.808843851 0.045400586 0.586268187 186.599090576 0.007758265 0.997752130 -0.066562206 -17.505607605 -0.587972283 -0.049290013 -0.807377934 -6.796310425
-0.796262860 0.048001505 0.603043377 187.326354980 0.010005384 0.997755647 -0.066208921 -17.595413208 -0.604868054 -0.046686027 -0.794955969 -7.754066467
-0.782763302 0.048880361 0.620396912 188.077270508 0.011617127 0.997884691 -0.063964680 -17.685123444 -0.622211158 -0.042861976 -0.781675220 -8.700477600
-0.767493963 0.050681591 0.639049590 188.845397949 0.013313922 0.997915089 -0.063152492 -17.769287109 -0.640917897 -0.039960895 -0.766568601 -9.628593445
