1.000000000 0.000000000 0.000000000 0.000000000 0.000000000 1.000000000 0.000000000 0.000000000 0.000000000 0.000000000 1.000000000 0.000000000
0.999996126 -0.002510811 -0.001209025 -0.015361890 0.002514487 0.999992192 0.003048862 -0.016726917 0.001201361 -0.003051891 0.999994636 1.529307604
0.999994218 -0.002145347 -0.002645674 -0.023047807 0.002154786 0.999991417 0.003570372 -0.026567942 0.002637992 -0.003576053 0.999990106 3.075668097
0.999990642 -0.001304358 -0.004122037 -0.033062175 0.001318077 0.999993563 0.003327170 -0.045682877 0.004117670 -0.003332572 0.999985933 4.589171886
0.999982238 -0.000812834 -0.005901378 -0.038826019 0.000832183 0.999994278 0.003277030 -0.064437978 0.005898680 -0.003281883 0.999977231 6.112480164
0.999973059 -0.000720431 -0.007305770 -0.061533503 0.000744636 0.999994218 0.003311047 -0.077582262 0.007303344 -0.003316398 0.999967813 7.613564491
0.999957263 -0.001094890 -0.009190101 -0.081264585 0.001130775 0.999991715 0.003900395 -0.092719182 0.009185756 -0.003910618 0.999950171 9.114413261
0.999936998 -0.002699574 -0.010895789 -0.100808375 0.002731645 0.999991953 0.002929569 -0.105282225 0.010887792 -0.002959148 0.999936342 10.621132851
0.999916732 -0.004258373 -0.012180314 -0.129221946 0.004301299 0.999984622 0.003500215 -0.125303894 0.012165222 -0.003552315 0.999919713 12.099400520
0.999899268 -0.003979668 -0.013623804 -0.153424069 0.004026855 0.999985993 0.003437893 -0.139666438 0.013609931 -0.003492407 0.999901295 13.586625099
0.999887407 -0.003349423 -0.014625432 -0.189296022 0.003397724 0.999988794 0.003278916 -0.153477177 0.014614289 -0.003328240 0.999887645 15.063632011
0.999883831 -0.001479527 -0.015170824 -0.223746687 0.001538609 0.999991298 0.003883551 -0.171266317 0.015164943 -0.003906441 0.999877393 16.519641876
0.999871969 -0.000436935 -0.015996011 -0.259218782 0.000509249 0.999989688 0.004516996 -0.184855580 0.015993878 -0.004524566 0.999861777 18.006381989
0.999862373 0.000720411 -0.016573863 -0.296428323 -0.000627937 0.999984205 0.005584025 -0.202804521 0.016577628 -0.005572849 0.999847054 19.466182709
0.999857903 0.000684688 -0.016838495 -0.325250775 -0.000594741 0.999985516 0.005346186 -0.208812922 0.016841909 -0.005335414 0.999843955 20.945058823
0.999843657 0.001901730 -0.017575534 -0.356345862 -0.001808947 0.999984264 0.005293493 -0.218526766 0.017585326 -0.005260871 0.999831438 22.402660370
0.999847651 0.002820142 -0.017227044 -0.399426013 -0.002719286 0.999978960 0.005875156 -0.229405046 0.017243251 -0.005827416 0.999834359 23.867473602
0.999840021 0.003869684 -0.017464217 -0.427146882 -0.003742710 0.999966383 0.007297388 -0.245448157 0.017491866 -0.007230857 0.999821007 25.297973633
0.999827981 0.004493278 -0.017994724 -0.455480874 -0.004379824 0.999970317 0.006339371 -0.262407184 0.018022679 -0.006259466 0.999817967 26.732448578
0.999834239 0.004493697 -0.017639261 -0.491731644 -0.004421959 0.999981821 0.004103793 -0.270885795 0.017657386 -0.004025112 0.999835908 28.156129837
0.999847174 0.002499500 -0.017299302 -0.525094986 -0.002434856 0.999989986 0.003756851 -0.282414138 0.017308516 -0.003714156 0.999843299 29.581443787
0.999852479 0.001931881 -0.017062560 -0.562886596 -0.001820163 0.999976814 0.006560614 -0.298877001 0.017074842 -0.006528591 0.999832928 31.007829666
0.999862492 0.000225098 -0.016576376 -0.596964240 -0.000094680 0.999969065 0.007868062 -0.314599395 0.016577635 -0.007865410 0.999831557 32.417728424
0.999859869 -0.000574600 -0.016731787 -0.624291420 0.000696222 0.999973357 0.007263974 -0.325160503 0.016727168 -0.007274606 0.999833643 33.820075989
0.999867082 -0.001031509 -0.016272698 -0.658753276 0.001121773 0.999984026 0.005538812 -0.338603169 0.016266726 -0.005556331 0.999852180 35.200996399
0.999872983 0.000059551 -0.015939094 -0.696288109 0.000017816 0.999988139 0.004853774 -0.350227058 0.015939191 -0.004853441 0.999861181 36.565269470
0.999880791 0.000757265 -0.015423005 -0.719901919 -0.000694414 0.999991417 0.004080123 -0.366270602 0.015425960 -0.004068927 0.999872744 37.921546936
0.999898970 0.001400772 -0.014139038 -0.746984124 -0.001328307 0.999985933 0.005133264 -0.379876137 0.014146030 -0.005113966 0.999886870 39.263717651
0.999918401 0.001598571 -0.012674573 -0.774668694 -0.001507480 0.999972999 0.007193227 -0.396371484 0.012685728 -0.007173534 0.999893725 40.582374573
0.999935985 0.001360169 -0.011234237 -0.792275965 -0.001268436 0.999965847 0.008168591 -0.407050788 0.011244965 -0.008153817 0.999903440 41.883563995
0.999957383 0.001897686 -0.009027202 -0.812748015 -0.001817620 0.999958932 0.008869321 -0.418062657 0.009043663 -0.008852538 0.999919832 43.161270142
0.999983311 0.001831982 -0.005479698 -0.828397155 -0.001786291 0.999963701 0.008331531 -0.431952745 0.005494761 -0.008321606 0.999950290 44.415977478
0.999998212 0.000706032 -0.001749086 -0.840241134 -0.000694863 0.999979436 0.006378456 -0.441476107 0.001753554 -0.006377229 0.999978125 45.670581818
0.999997139 0.001170291 0.002094448 -0.853959441 -0.001180526 0.999987364 0.004892190 -0.457821667 -0.002088696 -0.004894649 0.999985754 46.884357452
0.999980211 0.001587892 0.006091577 -0.853112459 -0.001621901 0.999983132 0.005582070 -0.471187681 -0.006082610 -0.005591840 0.999965787 48.102535248
0.999932706 0.001985070 0.011430658 -0.853845537 -0.002041913 0.999985516 0.004963378 -0.479386330 -0.011420642 -0.004986384 0.999922276 49.305347443
0.999831140 0.003944583 0.017939892 -0.847614288 -0.004013347 0.999984741 0.003798759 -0.488285959 -0.017924631 -0.003870117 0.999831855 50.503849030
0.999680042 0.005043650 0.024783123 -0.820267320 -0.005145235 0.999978602 0.004036862 -0.503878593 -0.024762232 -0.004163085 0.999684691 51.704494476
0.999433458 0.005823508 0.033146609 -0.775766611 -0.005993755 0.999969363 0.005039128 -0.514829576 -0.033116244 -0.005234946 0.999437809 52.905685425
0.999033868 0.008207269 0.043173600 -0.740688562 -0.008460897 0.999947906 0.005695132 -0.528924346 -0.043124616 -0.006054917 0.999051273 54.047615051
0.998366416 0.010556522 0.056151699 -0.687556267 -0.010898583 0.999923766 0.005788920 -0.542663932 -0.056086313 -0.006391437 0.998405457 55.201045990
0.997422099 0.012433399 0.070670180 -0.614571095 -0.012889796 0.999899030 0.006005773 -0.553773880 -0.070588380 -0.006901218 0.997481585 56.327915192
0.996116877 0.015449406 0.086674772 -0.533518314 -0.016154954 0.999841809 0.007444622 -0.566894054 -0.086546041 -0.008815940 0.996208847 57.442253113
0.994421601 0.015243217 0.104370996 -0.427340508 -0.016154872 0.999838352 0.007894920 -0.572503209 -0.104233786 -0.009536981 0.994507015 58.547351837
0.992323637 0.014572525 0.122806273 -0.292647362 -0.015566952 0.999853313 0.007141871 -0.585831165 -0.122684188 -0.008998767 0.992404878 59.623752594
0.989641547 0.013442840 0.142929107 -0.137273788 -0.014447097 0.999877691 0.005990757 -0.591418028 -0.142831072 -0.007993613 0.989714801 60.709991455
0.986458063 0.010527981 0.163675547 0.033582687 -0.011637348 0.999915361 0.005820455 -0.601430774 -0.163600445 -0.007646384 0.986497045 61.763614655
0.982697904 0.005671976 0.185128301 0.234832764 -0.007282143 0.999941349 0.008018786 -0.612053275 -0.185071945 -0.009228178 0.982681632 62.809871674
0.978008509 0.000514239 0.208564386 0.453897476 -0.002519061 0.999953151 0.009346982 -0.621180952 -0.208549812 -0.009666814 0.977963984 63.840282440
0.972696960 -0.005080270 0.232023239 0.713529587 0.003151291 0.999957323 0.008683617 -0.629288375 -0.232057467 -0.007715357 0.972671390 64.856651306
0.966335416 -0.011040607 0.257048607 0.987035751 0.009564865 0.999929845 0.006990756 -0.640632868 -0.257107735 -0.004296780 0.966373205 65.858039856
0.958850920 -0.014592973 0.283534676 1.271593094 0.012992952 0.999887288 0.007522972 -0.644491076 -0.283612549 -0.003529456 0.958932400 66.824409485
0.950304925 -0.016927499 0.310859978 1.588571548 0.014580148 0.999844968 0.009873538 -0.651221216 -0.310979009 -0.004850489 0.950404346 67.796958923
0.940842569 -0.021270623 0.338175654 1.930204391 0.017966954 0.999755383 0.012896685 -0.662011921 -0.338367254 -0.006057765 0.940994620 68.714576721
0.929937065 -0.024214482 0.366920501 2.299171448 0.021131370 0.999699593 0.012417844 -0.667192459 -0.367111027 -0.003794280 0.930169404 69.637847900
0.918051839 -0.023527792 0.395761609 2.688989639 0.021934282 0.999722838 0.008551767 -0.670156598 -0.395853132 0.000829781 0.918313384 70.547203064
0.905158937 -0.024588231 0.424361557 3.111032486 0.025591653 0.999666929 0.003335672 -0.677702069 -0.424302220 0.007840798 0.905486703 71.416755676
0.891061902 -0.026808530 0.453089416 3.554574966 0.029458718 0.999565184 0.001208016 -0.690080106 -0.452924818 0.012271014 0.891464233 72.271903992
0.875526130 -0.027314480 0.482398033 4.024230957 0.028856868 0.999574602 0.004224564 -0.697146535 -0.482308179 0.010221778 0.875941932 73.117881775
0.857701480 -0.026177363 0.513481021 4.510263443 0.024449447 0.999649763 0.010122802 -0.708505332 -0.513566136 0.003871984 0.858041227 73.949699402
0.838148117 -0.026479235 0.544799626 5.031177521 0.022638747 0.999648988 0.013757941 -0.715571582 -0.544972718 0.000802387 0.838453412 74.758865356
0.816998065 -0.019972242 0.576294422 5.562839508 0.018260827 0.999794960 0.008761298 -0.718740225 -0.576351166 0.003365649 0.817195177 75.534072876
0.795322359 -0.013345556 0.606039822 6.131080627 0.015609191 0.999876976 0.001533853 -0.722810328 -0.605985701 0.008239884 0.795432866 76.278274536
0.772985160 -0.010864982 0.634330988 6.723377228 0.014706695 0.999891520 -0.000794938 -0.725523412 -0.634253502 0.009943387 0.773061156 76.995025635
0.749740958 -0.013294720 0.661597908 7.354125977 0.015843069 0.999872148 0.002138495 -0.731762171 -0.661541760 0.008878422 0.749855757 77.701675415
0.725224018 -0.013639747 0.688377857 7.986515045 0.016194653 0.999865055 0.002750168 -0.746544480 -0.688322484 0.009153554 0.725347042 78.366195679
0.700037360 -0.011621056 0.714011669 8.640651703 0.016837202 0.999858201 -0.000234256 -0.755156457 -0.713907719 0.012185946 0.700133741 79.004707336
0.673896790 -0.009231214 0.738767803 9.313819885 0.016784692 0.999855101 -0.002817224 -0.765336752 -0.738634825 0.014298510 0.673954129 79.613609314
0.647044182 -0.006975607 0.762420595 10.007175446 0.015174022 0.999877810 -0.003729579 -0.777256668 -0.762301505 0.013982189 0.647071004 80.202728271
0.619012952 -0.005464621 0.785361767 10.726791382 0.015287191 0.999870121 -0.005091993 -0.790278733 -0.785232008 0.015157986 0.619016111 80.765319824
0.590595186 0.000799508 0.806967497 11.458179474 0.013925576 0.999840498 -0.011182305 -0.811837256 -0.806847811 0.017841704 0.590489805 81.296401978
0.561004400 0.010227478 0.827749670 12.226249695 0.013080984 0.999689400 -0.021217518 -0.824701130 -0.827709436 0.022730900 0.560696304 81.815437317
0.530188680 0.018474767 0.847678363 13.005649567 0.011975187 0.999499679 -0.029273639 -0.853076100 -0.847795129 0.025671663 0.529702187 82.303283691
0.498855352 0.023623824 0.866363227 13.807312012 0.009492298 0.999419689 -0.032717682 -0.876006842 -0.866633296 0.024545169 0.498341560 82.759613037
0.466447473 0.022924809 0.884251773 14.633010864 0.007943518 0.999515235 -0.030103337 -0.913150907 -0.884513259 0.021065695 0.466039240 83.202545166
0.433456808 0.021693900 0.900913179 15.486667633 0.003591129 0.999660671 -0.025799533 -0.943168759 -0.901167214 0.014418279 0.433231741 83.612892151
0.399345875 0.023056377 0.916510344 16.342687607 -0.000373412 0.999687731 -0.024986135 -0.973654747 -0.916800201 0.009635874 0.399229884 83.987380981
0.364352494 0.026168745 0.930893362 17.219909668 -0.007186036 0.999654353 -0.025289094 -1.001157284 -0.931233406 0.002524711 0.364414662 84.347244263
0.328692496 0.027916184 0.944024324 18.118551254 -0.011819093 0.999606371 -0.025444625 -1.033416271 -0.944363117 -0.002794053 0.328893036 84.664794922
0.292360634 0.027529271 0.955911815 19.028533936 -0.014575443 0.999597728 -0.024329554 -1.059257746 -0.956197083 -0.006819834 0.292644262 84.958969116
0.256305397 0.027382474 0.966207922 19.962364197 -0.015274973 0.999588609 -0.024276501 -1.088453650 -0.966475189 -0.008536601 0.256618202 85.206947327
0.220796734 0.026568344 0.974957883 20.903720856 -0.014262363 0.999609947 -0.024010165 -1.119714499 -0.975215673 -0.008603837 0.221089527 85.407981873
0.185816571 0.025499960 0.982253492 21.868597031 -0.012215098 0.999645889 -0.023640702 -1.144598365 -0.982508540 -0.007605489 0.186062261 85.579727173
0.151790008 0.024347939 0.988112807 22.836788177 -0.003928477 0.999703407 -0.024030067 -1.178413391 -0.988404989 -0.000234253 0.151840642 85.713371277
0.118152872 0.027572149 0.992612541 23.810405731 -0.001247850 0.999617755 -0.027618198 -1.214369297 -0.992994606 0.002024538 0.118142098 85.824218750
0.085614860 0.032509051 0.995797753 24.785989761 -0.000085673 0.999467731 -0.032621492 -1.246550202 -0.996328235 0.002707572 0.085572079 85.900375366
0.056652166 0.036314156 0.997733235 25.760389328 0.006721589 0.999301732 -0.036752891 -1.286970735 -0.998371303 0.008788484 0.056368526 85.947814941
0.031302042 0.034325402 0.998920500 26.741086960 0.008849466 0.999361455 -0.034617867 -1.326872468 -0.999470770 0.009923522 0.030978300 85.968612671
0.008783096 0.031271890 0.999472320 27.727766037 0.010471868 0.999453187 -0.031363316 -1.367033362 -0.999906600 0.010741808 0.008450820 85.976165771
-0.009874259 0.028903818 0.999533415 28.718677521 0.010664344 0.999528348 -0.028798319 -1.402800560 -0.999894381 0.010375006 -0.010177844 85.960556030
-0.026075572 0.031918537 0.999150276 29.709051132 0.012893958 0.999417722 -0.031590570 -1.445641994 -0.999576807 0.012059259 -0.026471948 85.929885864
-0.040644985 0.036274657 0.998514950 30.698459625 0.015534231 0.999242842 -0.035668787 -1.481613398 -0.999052882 0.014061405 -0.041177712 85.886070251
-0.052291278 0.041215997 0.997780979 31.690979004 0.019978708 0.998991072 -0.040218953 -1.528092504 -0.998431921 0.017831273 -0.053061970 85.826728821
-0.061344497 0.044795163 0.997110963 32.685634613 0.025673654 0.998732686 -0.043288525 -1.573693395 -0.997786403 0.022943966 -0.062416811 85.760993958
-0.067538880 0.050443802 0.996440768 33.694469452 0.028720768 0.998405457 -0.048596572 -1.620309949 -0.997303188 0.025336387 -0.068879969 85.688499451
-0.070702940 0.054728381 0.995994866 34.699737549 0.031062622 0.998130202 -0.052640665 -1.684642315 -0.997013628 0.027216362 -0.072270758 85.606781006
-0.073797062 0.059119679 0.995519400 35.710651398 0.032892469 0.997842491 -0.056819346 -1.739004731 -0.996730626 0.028551994 -0.075582445 85.534431458
-0.075870238 0.062112380 0.995181262 36.724784851 0.033193011 0.997662127 -0.059736662 -1.802803516 -0.996564984 0.028500831 -0.077754572 85.448928833
-0.078056104 0.065322034 0.994806588 37.745807648 0.034514882 0.997430027 -0.062786140 -1.874182224 -0.996351242 0.029434800 -0.080110066 85.364295959
-0.080833904 0.068901859 0.994343221 38.745506287 0.035729703 0.997166932 -0.066192925 -1.946210623 -0.996086895 0.030176951 -0.083066732 85.289939880
-0.083119072 0.070419669 0.994048417 39.754768372 0.038613241 0.996978581 -0.067398563 -2.017611980 -0.995791256 0.032781325 -0.085587077 85.203193665
-0.085240364 0.068930887 0.993973136 40.768596649 0.038481757 0.997087359 -0.065846793 -2.094852448 -0.995617032 0.032637022 -0.087644696 85.117996216
-0.087215796 0.068904772 0.993803561 41.792182922 0.037776846 0.997116208 -0.065819152 -2.161937475 -0.995472908 0.031802297 -0.089567289 85.026481628
-0.089448422 0.070142165 0.993518531 42.839653015 0.037812110 0.997037172 -0.066986300 -2.238054276 -0.995273590 0.031575203 -0.091835633 84.926856995
-0.092650585 0.072577313 0.993049979 43.828804016 0.036961537 0.996903241 -0.069410436 -2.310247898 -0.995012343 0.030273736 -0.095046237 84.856178284
-0.095638335 0.074768268 0.992604136 44.862876892 0.035304401 0.996802449 -0.071682893 -2.390088081 -0.994789898 0.028187662 -0.097972177 84.766372681
-0.098363645 0.078393146 0.992058039 45.877063751 0.032665364 0.996609569 -0.075513989 -2.472716331 -0.994614422 0.024978101 -0.100590877 84.672492981
-0.100473531 0.082788669 0.991489351 46.917858124 0.029015316 0.996351957 -0.080254428 -2.551493168 -0.994516492 0.020704929 -0.102509163 84.572784424
-0.102573000 0.085051090 0.991082788 47.969367981 0.026844289 0.996211946 -0.082712963 -2.639352798 -0.994363189 0.018120799 -0.104467571 84.454589844
-0.105292134 0.083415478 0.990936637 49.008316040 0.024624476 0.996388793 -0.081257969 -2.731949806 -0.994136393 0.015845470 -0.106965959 84.349929810
-0.108357891 0.079108305 0.990959287 50.063606262 0.021705158 0.996779382 -0.077199511 -2.822067738 -0.993874967 0.013143750 -0.109725960 84.244628906
-0.110623978 0.077511534 0.990835071 51.119922638 0.022160240 0.996898651 -0.075511754 -2.909221411 -0.993615270 0.013603735 -0.111998565 84.130371094
-0.113351867 0.077775747 0.990505993 52.156311035 0.020903416 0.996897399 -0.075885445 -2.997928619 -0.993335009 0.012103203 -0.114625953 84.032890320
-0.113986395 0.080857225 0.990186453 53.222351074 0.022305278 0.996639490 -0.078816473 -3.080076218 -0.993231893 0.013102375 -0.115406878 83.901138306
-0.114273041 0.083549373 0.989929795 54.282623291 0.023074888 0.996411622 -0.081432790 -3.170624018 -0.993181288 0.013536951 -0.115790904 83.771850586
-0.115083724 0.084517434 0.989753783 55.339302063 0.020730969 0.996361256 -0.082671165 -3.258157492 -0.993139446 0.011004447 -0.116417095 83.658432007
-0.114870429 0.083294384 0.989882231 56.390281677 0.017379414 0.996494412 -0.081833974 -3.348861217 -0.993228376 0.007803270 -0.115915358 83.542465210
-0.115667544 0.082809344 0.989830017 57.460281372 0.013316083 0.996558487 -0.081816174 -3.443091393 -0.993198633 0.003717185 -0.116372168 83.436927795
-0.115167335 0.083594106 0.989822447 58.532970428 0.009935308 0.996499836 -0.083002046 -3.540320158 -0.993296444 0.000275068 -0.115594760 83.311004639
-0.115487643 0.083698221 0.989776492 59.608795166 0.006220967 0.996485054 -0.083539665 -3.638107777 -0.993289411 -0.003490433 -0.115602374 83.193916321
-0.115826130 0.082841352 0.989808738 60.681301117 0.002727025 0.996538699 -0.083085477 -3.738115788 -0.993265748 -0.006924239 -0.115651116 83.080413818
-0.116211362 0.077878200 0.990166605 61.772483826 0.002795576 0.996942937 -0.078083061 -3.829260588 -0.993220568 -0.006306052 -0.116073810 82.962539673
-0.116836794 0.069136031 0.990741849 62.864273071 0.006069077 0.997605145 -0.068899252 -3.918069839 -0.993132591 -0.002037079 -0.116976567 82.840286255
-0.116673581 0.063547552 0.991135120 63.960834503 0.011726909 0.997969389 -0.062605277 -4.004936218 -0.993101060 0.004318569 -0.117181882 82.711608887
-0.116228886 0.065850094 0.991037130 65.058700562 0.019919027 0.997753620 -0.063960269 -4.082023144 -0.993022680 0.012306465 -0.117279485 82.576530457
-0.114699550 0.071755603 0.990805268 66.141487122 0.025711758 0.997268140 -0.069247149 -4.153163433 -0.993067443 0.017532729 -0.116231166 82.442131042
-0.113928862 0.077143185 0.990489364 67.237213135 0.029624939 0.996801198 -0.074227244 -4.242332458 -0.993047118 0.020886559 -0.115849786 82.311752319
-0.113529302 0.081497401 0.990186453 68.337768555 0.030489577 0.996446371 -0.078516856 -4.330915451 -0.993066669 0.021276401 -0.115610696 82.188796997
-0.113600753 0.078727216 0.990402341 69.454345703 0.027534222 0.996722162 -0.076071344 -4.420285225 -0.993144810 0.018628195 -0.115396090 82.069908142
-0.112752348 0.074354202 0.990837157 70.572082520 0.026636790 0.997063994 -0.071790345 -4.507286549 -0.993265986 0.018298192 -0.114401862 81.932716370
-0.112023659 0.072461925 0.991060019 71.719360352 0.024452474 0.997236788 -0.070149593 -4.595050335 -0.993404686 0.016375458 -0.113485962 81.805580139
-0.112463437 0.072655335 0.990996182 72.823951721 0.022497419 0.997253656 -0.070561007 -4.683099270 -0.993401170 0.014359321 -0.113789156 81.689285278
-0.112048037 0.077950172 0.990640700 73.960960388 0.023708958 0.996844411 -0.075756676 -4.773770332 -0.993420005 0.014998670 -0.113542564 81.559486389
-0.111607879 0.080634654 0.990475535 75.094070435 0.022965422 0.996645689 -0.078549199 -4.862190723 -0.993486881 0.013979979 -0.113085315 81.434425354
-0.111361459 0.079382956 0.990604281 76.243263245 0.023390561 0.996737659 -0.077244960 -4.955457687 -0.993504643 0.014568680 -0.112854958 81.310386658
-0.110549413 0.072457597 0.991225898 77.390281677 0.024764262 0.997230113 -0.070134580 -5.050903320 -0.993562043 0.016793642 -0.112037547 81.180755615
-0.111437164 0.071149416 0.991221249 78.531410217 0.023772122 0.997339129 -0.068916008 -5.133956909 -0.993487120 0.015883626 -0.112832025 81.065902710
-0.110596940 0.074103497 0.991098762 79.679336548 0.021472860 0.997161865 -0.072160669 -5.220695496 -0.993633270 0.013300982 -0.111874267 80.940093994
-0.110584229 0.076905347 0.990886807 80.834815979 0.020399474 0.996967256 -0.075100660 -5.313787460 -0.993657351 0.011908621 -0.111817695 80.823028564
-0.110149279 0.076394543 0.990974784 81.997062683 0.019598538 0.997014821 -0.074681744 -5.403757095 -0.993721783 0.011195516 -0.111317687 80.695037842
-0.109633222 0.072924577 0.991293371 83.180374146 0.019450845 0.997271478 -0.071213163 -5.494942665 -0.993781745 0.011474163 -0.110752530 80.563438416
-0.108449481 0.071757630 0.991508663 84.363769531 0.020297971 0.997343302 -0.069959722 -5.587654591 -0.993894815 0.012538517 -0.109617874 80.432174683
-0.107296720 0.072324775 0.991592944 85.544273376 0.022042027 0.997278512 -0.070354365 -5.676516533 -0.993982673 0.014307923 -0.108598910 80.305694580
-0.106642552 0.072724812 0.991634250 86.732887268 0.024196144 0.997216046 -0.070532069 -5.763226509 -0.994002998 0.016472004 -0.108105317 80.180313110
-0.106676623 0.072872169 0.991619766 87.955307007 0.022585794 0.997230887 -0.070854783 -5.858983994 -0.994037211 0.014837973 -0.108027101 80.075019836
-0.105063207 0.072299525 0.991833925 89.156578064 0.023810655 0.997250676 -0.070172168 -5.958622456 -0.994180381 0.016243700 -0.106495842 79.945266724
-0.102863289 0.070733875 0.992177248 90.353828430 0.024259828 0.997350097 -0.068587534 -6.046040058 -0.994399548 0.017014910 -0.104306720 79.809867859
-0.102191523 0.070218846 0.992283344 91.560203552 0.022147469 0.997418880 -0.068301342 -6.131780148 -0.994518161 0.014996746 -0.103482924 79.699928284
-0.100294471 0.069177009 0.992549956 92.768722534 0.023295492 0.997469842 -0.067165926 -6.222496986 -0.994685054 0.016385572 -0.101652220 79.576156616
-0.098511077 0.070156693 0.992659867 93.989662170 0.020887271 0.997437835 -0.068421550 -6.310027599 -0.994916737 0.013993680 -0.099724054 79.457687378
-0.097870231 0.072800040 0.992532909 95.207473755 0.020637052 0.997254789 -0.071111448 -6.398093700 -0.994985104 0.013523260 -0.099103935 79.350807190
-0.096451402 0.071670324 0.992753983 96.431503296 0.018427424 0.997361839 -0.070212670 -6.487902641 -0.995167017 0.011521793 -0.097517654 79.235176086
-0.096716121 0.070467375 0.992814362 97.656768799 0.014380587 0.997485399 -0.069398031 -6.578045845 -0.995208025 0.007565345 -0.097486287 79.137039185
-0.096118517 0.071610875 0.992790580 98.897544861 0.012213933 0.997418582 -0.070762165 -6.667420864 -0.995294869 0.005324323 -0.096745022 79.015487671
-0.096909508 0.071057029 0.992753386 100.135009766 0.009177719 0.997469664 -0.070498705 -6.759913921 -0.995250881 0.002279217 -0.097316444 78.910186768
-0.098000757 0.068534881 0.992823660 101.387283325 0.006378416 0.997648656 -0.068238363 -6.850775242 -0.995165825 -0.000354768 -0.098207496 78.787483215
-0.098709896 0.066798866 0.992871642 102.642646790 0.004386249 0.997763991 -0.066691928 -6.950993538 -0.995106578 -0.002228171 -0.098782167 78.663169861
-0.100784153 0.066103324 0.992709875 103.903640747 0.001968281 0.997801602 -0.066242546 -7.042374611 -0.994906366 -0.004722266 -0.100692719 78.551704407
-0.102442555 0.066085555 0.992541313 105.149749756 0.001703057 0.997800946 -0.066259958 -7.136057854 -0.994737446 -0.005097487 -0.102329828 78.428161621
-0.104707278 0.065025851 0.992374957 106.412460327 0.001296369 0.997868299 -0.065249026 -7.223929405 -0.994502246 -0.005545563 -0.104568355 78.300132751
-0.108236492 0.060209874 0.992300272 107.670982361 -0.001720659 0.998151362 -0.060752589 -7.313500404 -0.994123697 -0.008283056 -0.107932806 78.181312561
-0.112867400 0.060269609 0.991780460 108.925056458 -0.002939002 0.998134017 -0.060990173 -7.395331383 -0.993605733 -0.009798647 -0.112479679 78.046813965
-0.118359178 0.065897800 0.990781784 110.156394958 -0.008072538 0.997698605 -0.067322209 -7.485967159 -0.992938042 -0.015966326 -0.117554829 77.907882690
-0.125998631 0.068964712 0.989630342 111.379623413 -0.007423672 0.997487187 -0.070457406 -7.574949741 -0.992002606 -0.016224230 -0.125170052 77.768989563
-0.134968653 0.064870708 0.988723993 112.597267151 -0.005809020 0.997785628 -0.066258237 -7.670510292 -0.990832806 -0.014686301 -0.134292945 77.613044739
-0.145621657 0.062516287 0.987363279 113.822250366 -0.003440976 0.997963428 -0.063694969 -7.766632080 -0.989334285 -0.012672858 -0.145110011 77.437782288
-0.158208966 0.063229099 0.985379100 115.051345825 -0.003334046 0.997907698 -0.064568311 -7.859850407 -0.987400055 -0.013500585 -0.157667115 77.238517761
-0.172158509 0.063625388 0.983012319 116.272262573 -0.001022872 0.997899830 -0.064768121 -7.947697639 -0.985068738 -0.012155878 -0.171731830 77.025360107
-0.186153129 0.061622817 0.980586290 117.484741211 -0.000488609 0.998025298 -0.062811479 -8.035673141 -0.982520640 -0.012171678 -0.185755417 76.792922974
-0.201315641 0.063830964 0.977444351 118.685188293 0.003531866 0.997915328 -0.064440355 -8.131323814 -0.979519963 -0.009520649 -0.201121405 76.545448303
-0.216485009 0.067361809 0.973959267 119.877365112 0.003750854 0.997666836 -0.068167783 -8.219465256 -0.976278722 -0.011104121 -0.216232553 76.288635254
-0.231672704 0.071309537 0.970176637 121.043777466 0.003837574 0.997368813 -0.072391830 -8.310993195 -0.972786188 -0.013048088 -0.231336847 76.013237000
-0.247613579 0.069222778 0.966382802 122.211822510 0.000058826 0.997445345 -0.071432754 -8.403823853 -0.968858778 -0.017630868 -0.246985108 75.718345642
-0.264180571 0.063837342 0.962358415 123.400703430 -0.005630420 0.997688174 -0.067726545 -8.497041702 -0.964456797 -0.023310514 -0.263210326 75.426040649
-0.279829204 0.059660140 0.958194256 124.566925049 -0.009198899 0.997854829 -0.064815961 -8.589009285 -0.960005701 -0.026951730 -0.278680116 75.102546692
-0.295381188 0.060895078 0.953436732 125.708694458 -0.011213442 0.997676790 -0.067194633 -8.679599762 -0.955313683 -0.030539345 -0.294012100 74.770698547
-0.308990479 0.062789202 0.948990226 126.847885132 -0.011385419 0.997502744 -0.069706060 -8.769549370 -0.950996995 -0.032343164 -0.307503939 74.398109436
-0.323526859 0.065174319 0.943971694 127.988281250 -0.009998967 0.997333884 -0.072285533 -8.859819412 -0.946166158 -0.032825053 -0.322012603 74.026031494
-0.338429600 0.065016076 0.938742876 129.126876831 -0.008003061 0.997375250 -0.071962073 -8.955072403 -0.940957665 -0.031866916 -0.337021023 73.637908936
-0.352588326 0.062712185 0.933674812 130.256454468 -0.008140670 0.997508585 -0.070073918 -9.053996086 -0.935743034 -0.032307990 -0.351199389 73.227920532
-0.367052525 0.061417345 0.928170443 131.376495361 -0.008615956 0.997550607 -0.069415502 -9.148000717 -0.930160344 -0.033476215 -0.365624309 72.787414551
-0.381611139 0.062779143 0.922188520 132.490829468 -0.010374544 0.997337222 -0.072188064 -9.239675522 -0.924264729 -0.037115067 -0.379943699 72.335311890
-0.397246599 0.064943746 0.915411115 133.579528809 -0.009266800 0.997158170 -0.074764654 -9.334978104 -0.917665124 -0.038182933 -0.395515800 71.882675171
-0.412023932 0.066794813 0.908721447 134.676193237 -0.007968619 0.997007191 -0.076897234 -9.432388306 -0.911138177 -0.038924757 -0.410258532 71.395103455
-0.426783234 0.069562353 0.901674628 135.754776001 -0.005068875 0.996837795 -0.079303205 -9.531219482 -0.904339731 -0.038415749 -0.425080985 70.893859863
-0.441741198 0.072843067 0.894180417 136.836334229 -0.005182628 0.996474445 -0.083736606 -9.632736206 -0.897127569 -0.041624114 -0.439806312 70.375869751
-0.456666976 0.075087719 0.886463284 137.903411865 -0.004033282 0.996246755 -0.086464681 -9.736391068 -0.889628589 -0.043060921 -0.454650134 69.834342957
-0.472633153 0.072198316 0.878296852 138.971069336 -0.005692040 0.996367514 -0.084967062 -9.846133232 -0.881240904 -0.045157541 -0.470505297 69.281372070
-0.488391221 0.067834862 0.869984269 140.043151855 -0.008492074 0.996557236 -0.082471363 -9.950317383 -0.872583449 -0.047666255 -0.486133814 68.696441650
-0.504440486 0.067931391 0.860770047 141.101104736 -0.009033701 0.996430576 -0.083931692 -10.054882050 -0.863399088 -0.050114498 -0.502026320 68.086692810
-0.520812333 0.067176230 0.851024032 142.160827637 -0.010097839 0.996344447 -0.084826931 -10.158597946 -0.853611469 -0.052772410 -0.518230200 67.470092773
-0.536528826 0.066244274 0.841277897 143.194030762 -0.010734516 0.996297896 -0.085296892 -10.262672424 -0.843813717 -0.054794956 -0.533831358 66.818534851
-0.552473128 0.066086456 0.830906689 144.230346680 -0.011631420 0.996143699 -0.086962417 -10.371875763 -0.833449423 -0.057709027 -0.549574018 66.147613525
-0.567488372 0.065085419 0.820805132 145.246734619 -0.012061255 0.996106803 -0.087324828 -10.491559029 -0.823293090 -0.059455767 -0.564494073 65.448242188
-0.582686305 0.062879883 0.810260952 146.266448975 -0.011828252 0.996240556 -0.085818835 -10.599905014 -0.812611103 -0.059589431 -0.579751909 64.732482910
-0.596879303 0.059158649 0.800147235 147.257385254 -0.011692324 0.996530712 -0.082400233 -10.715744019 -0.802245855 -0.058538567 -0.594116926 63.985939026
-0.611802638 0.057445675 0.788921654 148.245666504 -0.011017954 0.996643841 -0.081115395 -10.823996544 -0.790933728 -0.058318917 -0.609116316 63.228870392
-0.626348019 0.056179766 0.777516603 149.229919434 -0.011398682 0.996633232 -0.081194595 -10.930383682 -0.779460371 -0.059718736 -0.623598754 62.449043274
-0.641474307 0.056746356 0.765042782 150.206924438 -0.013071799 0.996307075 -0.084860623 -11.046307564 -0.767033160 -0.064436406 -0.638363540 61.657939911
-0.657003641 0.056304548 0.751781881 151.176483154 -0.015198226 0.996015191 -0.087878495 -11.156816483 -0.753734171 -0.069162250 -0.653529942 60.839408875
-0.672665775 0.053113140 0.738037705 152.141647339 -0.016562622 0.996089995 -0.086779505 -11.275211334 -0.739761055 -0.070597470 -0.669155777 59.985752106
-0.689070225 0.044988092 0.723296762 153.087783813 -0.020664185 0.996445596 -0.081663951 -11.392049789 -0.724399745 -0.071218528 -0.685691476 59.113586426
-0.706271529 0.042921405 0.706638753 154.014190674 -0.021248784 0.996425450 -0.081760861 -11.498523712 -0.707622111 -0.072760582 -0.702834904 58.223258972
-0.723587513 0.040365104 0.689051330 154.906478882 -0.022319190 0.996398211 -0.081807561 -11.612693787 -0.689871669 -0.074574001 -0.720080376 57.306556702
-0.740855575 0.036687352 0.670661628 155.786270142 -0.025423527 0.996259868 -0.082583055 -11.720030785 -0.671182930 -0.078232720 -0.737151980 56.366767883
-0.757836699 0.035008505 0.651504278 156.642364502 -0.024563231 0.996320605 -0.082109362 -11.834156036 -0.651981711 -0.078228548 -0.754188359 55.418594360
-0.774198174 0.036831710 0.631870687 157.474517822 -0.022537127 0.996068180 -0.085674345 -11.948071480 -0.632541895 -0.080569468 -0.770324171 54.427314758
-0.789458454 0.035875354 0.612754703 158.286972046 -0.019578489 0.996310651 -0.083556131 -12.061466217 -0.613491654 -0.077960901 -0.785843551 53.419975281
-0.804112375 0.037479103 0.593294740 159.067031860 -0.015159840 0.996393323 -0.083489954 -12.179676056 -0.594283998 -0.076129556 -0.800643981 52.383911133
-0.818922520 0.038365044 0.572620273 159.824951172 -0.013456549 0.996205151 -0.085989475 -12.299664497 -0.573746324 -0.078124218 -0.815298498 51.335521698
-0.832718432 0.039560638 0.552281618 160.546569824 -0.012678286 0.995820403 -0.090447955 -12.423429489 -0.553551495 -0.082319655 -0.828736484 50.288417816
-0.845484674 0.040364094 0.532471895 161.240844727 -0.009353302 0.995866776 -0.090343431 -12.544986725 -0.533917785 -0.081364334 -0.841612458 49.198875427
-0.857212603 0.038413860 0.513527930 161.915939331 -0.007939220 0.996109545 -0.087765478 -12.669124603 -0.514901459 -0.079310670 -0.853572667 48.096649170
-0.867804766 0.040248867 0.495272428 162.555480957 -0.004784260 0.995991349 -0.089323200 -12.793174744 -0.496882111 -0.079884626 -0.864133418 46.983402252
-0.877076745 0.043330833 0.478391945 163.166183472 -0.001696422 0.995637357 -0.093291067 -12.915005684 -0.480347306 -0.082634971 -0.873176932 45.870296478
-0.886250198 0.040790062 0.461407304 163.770095825 -0.003674546 0.995464623 -0.095060565 -13.040775299 -0.463192284 -0.085942902 -0.882080913 44.747261047
-0.894825637 0.037648778 0.444825411 164.366897583 -0.005035765 0.995522738 -0.094388373 -13.174058914 -0.446387410 -0.086701155 -0.890629649 43.615909576
-0.902155638 0.035341013 0.429960817 164.931716919 -0.006087778 0.995496809 -0.094599307 -13.300892830 -0.431367755 -0.087960809 -0.897877812 42.485488892
-0.908736646 0.033394691 0.416031927 165.476013184 -0.006453250 0.995550513 -0.094008163 -13.436641693 -0.417320102 -0.088113435 -0.904477715 41.316749573
-0.914821923 0.031214006 0.402649313 165.995162964 -0.007177591 0.995594561 -0.093487561 -13.559611320 -0.403793693 -0.088414527 -0.910567641 40.153297424
-0.920464993 0.026247898 0.389942586 166.505249023 -0.009521083 0.995940089 -0.089513600 -13.688460350 -0.390709013 -0.086106814 -0.916478097 38.971328735
-0.925652325 0.022759579 0.377689958 167.002471924 -0.010701749 0.996215165 -0.086260021 -13.814338684 -0.378223598 -0.083888739 -0.921905398 37.793731689
-0.929872215 0.022989890 0.367163420 167.486968994 -0.008363312 0.996466458 -0.083574422 -13.926968575 -0.367787361 -0.080784246 -0.926394284 36.574569702
-0.932987750 0.026949851 0.358897507 167.944091797 -0.003966316 0.996362031 -0.085128307 -14.048129082 -0.359886020 -0.080847166 -0.929486811 35.384613037
-0.935517251 0.031887047 0.351838768 168.415878296 0.001382527 0.996241093 -0.086612992 -14.165923119 -0.353278100 -0.080541514 -0.932044864 34.190765381
-0.937350154 0.035454664 0.346579820 168.861038208 0.004721136 0.996009529 -0.089121804 -14.284538269 -0.348356634 -0.081902094 -0.933777094 32.987922668
-0.939025640 0.031961177 0.342358261 169.303039551 0.001848054 0.996125281 -0.087925352 -14.403314590 -0.343841970 -0.081931442 -0.935446382 31.787969589
-0.941174030 0.024545884 0.337029606 169.763885498 -0.004039042 0.996469975 -0.083852217 -14.530132294 -0.337898105 -0.080280796 -0.937752545 30.579137802
-0.943165302 0.018418726 0.331813216 170.213439941 -0.009615471 0.996532381 -0.082648434 -14.638982773 -0.332184911 -0.081141673 -0.939717650 29.385896683
-0.944601536 0.012074535 0.327997237 170.643585205 -0.016780227 0.996239662 -0.084999979 -14.745685577 -0.327790201 -0.085794978 -0.940846860 28.163789749
-0.945938170 0.009229316 0.324215651 171.079147339 -0.020418795 0.995917976 -0.087924659 -14.860082626 -0.323703647 -0.089791380 -0.941888154 26.954172134
-0.946722031 0.009882838 0.321900219 171.498168945 -0.020079479 0.995773017 -0.089626364 -14.986806870 -0.321425319 -0.091314845 -0.942521811 25.739692688
-0.947009087 0.010646735 0.321030349 171.922058105 -0.019966997 0.995566368 -0.091917977 -15.108187675 -0.320585638 -0.093457170 -0.942597806 24.522361755
-0.946965635 0.013060561 0.321069717 172.342773438 -0.017936582 0.995467424 -0.093396164 -15.236432076 -0.320834279 -0.094201855 -0.942439079 23.322780609
-0.946386397 0.013868426 0.322739005 172.757324219 -0.017741758 0.995338619 -0.094795905 -15.367165565 -0.322549284 -0.095439531 -0.941728890 22.107242584
-0.946347535 0.014758998 0.322813421 173.187652588 -0.017487040 0.995153844 -0.096762650 -15.496359825 -0.322677165 -0.097216137 -0.941503227 20.911460876
-0.945553541 0.016119918 0.325067073 173.605621338 -0.016274799 0.995181561 -0.096690610 -15.626556396 -0.325059414 -0.096716553 -0.940734982 19.700172424
-0.944984674 0.015185633 0.326761752 174.037261963 -0.017425572 0.995166600 -0.096642695 -15.764090538 -0.326649934 -0.097019881 -0.940152645 18.508411407
-0.943907082 0.014305122 0.329901159 174.468978882 -0.018393965 0.995232224 -0.095783561 -15.902948380 -0.329698473 -0.096478976 -0.939143538 17.332324982
-0.942512333 0.012520550 0.333936661 174.908981323 -0.019899910 0.995421410 -0.093488201 -16.033817291 -0.333578259 -0.094759077 -0.937947810 16.147869110
-0.940642893 0.010330142 0.339240760 175.354415894 -0.021672590 0.995668590 -0.090412401 -16.164964676 -0.338705331 -0.092397988 -0.936344683 14.961071014
-0.937953413 0.007846330 0.346672535 175.794738770 -0.023729838 0.995947838 -0.086744733 -16.295499802 -0.345948368 -0.089588985 -0.933966696 13.773479462
-0.934894562 0.010041709 0.354783565 176.235946655 -0.022462904 0.995921850 -0.087380625 -16.409236908 -0.354214072 -0.089661159 -0.930856347 12.582080841
-0.931773186 0.010737902 0.362881899 176.701797485 -0.022543618 0.995922029 -0.087355323 -16.529434204 -0.362340093 -0.089576021 -0.927731514 11.424976349
-0.927799344 0.013682419 0.372828543 177.166030884 -0.021309106 0.995752394 -0.089571677 -16.650228500 -0.372470468 -0.091049187 -0.923566878 10.265628815
-0.923696041 0.014743614 0.382842422 177.639617920 -0.020834347 0.995847702 -0.088618696 -16.765327454 -0.382559240 -0.089833029 -0.919553399 9.139072418
-0.918744028 0.016798856 0.394496173 178.134490967 -0.020243235 0.995776772 -0.089547776 -16.884874344 -0.394334435 -0.090257376 -0.914523900 8.004459381
-0.912700057 0.019141853 0.408181369 178.651062012 -0.019562397 0.995710135 -0.090436094 -17.011697769 -0.408161461 -0.090526059 -0.908410311 6.839923859
-0.906593680 0.021725859 0.421445310 179.187438965 -0.017968008 0.995781004 -0.089985289 -17.136121750 -0.421622306 -0.089152612 -0.902378261 5.682312012
-0.900189638 0.021208996 0.434981316 179.741424561 -0.018919719 0.995965838 -0.087715887 -17.251775742 -0.435086936 -0.087190650 -0.896156788 4.531280518
-0.893627346 0.023738904 0.448181421 180.310211182 -0.017530359 0.995991886 -0.087708585 -17.379104614 -0.448467165 -0.086235590 -0.889629483 3.403892517
-0.886338890 0.026028521 0.462304771 180.877334595 -0.015903538 0.996118426 -0.086573660 -17.495214462 -0.462763757 -0.084085882 -0.882484734 2.284942627
-0.878878295 0.027642312 0.476244539 181.476501465 -0.014679973 0.996279776 -0.084917247 -17.605199814 -0.476820141 -0.081623189 -0.875202954 1.182067871
-0.871599734 0.029226555 0.489346147 182.089279175 -0.013059957 0.996482491 -0.082777426 -17.717239380 -0.490044236 -0.078539610 -0.868152201 0.112968445
-0.863396108 0.032455057 0.503481746 182.709609985 -0.009788962 0.996663392 -0.081032746 -17.823268890 -0.504431725 -0.074891917 -0.860197544 -0.949348450
-0.853957176 0.035556689 0.519127190 183.333526611 -0.006762489 0.996819854 -0.079399623 -17.937831879 -0.520299375 -0.071314469 -0.851000965 -1.998283386
-0.843378007 0.038241066 0.535958171 183.981445312 -0.004529461 0.996922791 -0.078258783 -18.046218872 -0.537301600 -0.068429351 -0.840609550 -3.039077759
-0.832331657 0.041396812 0.552729905 184.645660400 -0.001650692 0.997017503 -0.077157520 -18.151693344 -0.554275453 -0.065133043 -0.829780936 -4.051826477
-0.820829332 0.042904720 0.569559753 185.327850342 -0.000662036 0.997102618 -0.076065473 -18.260143280 -0.571173131 -0.062813833 -0.818422616 -5.052223206
-0.809460163 0.044565793 0.585480988 186.040817261 -0.000152249 0.997099578 -0.076107964 -18.366817474 -0.587174773 -0.061695505 -0.807105720 -6.027809143
-0.796634197 0.047197551 0.602616251 186.773605347 0.002016533 0.997148931 -0.075431988 -18.467151642 -0.604458332 -0.058876496 -0.794458091 -6.994384766
-0.783442378 0.048342533 0.619581282 187.540435791 0.003432401 0.997291327 -0.073473006 -18.562623978 -0.621454895 -0.055435225 -0.781486213 -7.941314697
-0.768245459 0.049928199 0.638205409 188.311874390 0.004656544 0.997363329 -0.072420552 -18.656044006 -0.640138507 -0.052664921 -0.766452312 -8.875091553
