1.000000000 0.000000000 0.000000000 0.000000000 0.000000000 1.000000000 0.000000000 0.000000000 0.000000000 0.000000000 1.000000000 0.000000000
0.999996572 -0.002340642 -0.001173272 -0.012641014 0.002344142 0.999992783 0.002989888 -0.021162377 0.001166265 -0.002992628 0.999994842 1.568661184
0.999992766 -0.002846274 -0.002523126 -0.021744427 0.002855133 0.999989747 0.003514756 -0.031419466 0.002513096 -0.003521934 0.999990640 3.097588145
0.999993065 -0.001145613 -0.003543658 -0.054071466 0.001156249 0.999994829 0.003000785 -0.037556655 0.003540202 -0.003004861 0.999989219 4.636252479
0.999986332 -0.000639944 -0.005189039 -0.059386051 0.000655997 0.999995003 0.003092535 -0.062832725 0.005187034 -0.003095896 0.999981755 6.145524751
0.999978856 -0.000423626 -0.006489076 -0.076268643 0.000442440 0.999995702 0.002898149 -0.072345858 0.006487820 -0.002900958 0.999974746 7.642287097
0.999966772 -0.000076733 -0.008151655 -0.089688606 0.000103043 0.999994788 0.003227115 -0.086414348 0.008151365 -0.003227848 0.999961567 9.140451553
0.999946994 -0.002277380 -0.010041061 -0.091341051 0.002301250 0.999994552 0.002366322 -0.103556964 0.010035618 -0.002389303 0.999946787 10.619310231
0.999923833 -0.004287447 -0.011573527 -0.096341218 0.004319063 0.999987006 0.002708162 -0.117527271 0.011561766 -0.002757943 0.999929357 12.085974418
0.999911885 -0.003553342 -0.012790433 -0.121443150 0.003586198 0.999990326 0.002546831 -0.136492201 0.012781260 -0.002592476 0.999914956 13.567011109
0.999895301 -0.003358796 -0.014075025 -0.143333542 0.003394428 0.999991093 0.002508460 -0.155990876 0.014066474 -0.002555974 0.999897795 15.073275601
0.999889634 -0.002447764 -0.014653608 -0.175475085 0.002493088 0.999992163 0.003075520 -0.174644531 0.014645965 -0.003111714 0.999887900 16.530693309
0.999886097 -0.001876533 -0.014975718 -0.232158447 0.001934298 0.999990742 0.003843670 -0.192978440 0.014968366 -0.003872199 0.999880470 17.893208685
0.999879692 -0.001144145 -0.015469108 -0.262601234 0.001219569 0.999987411 0.004867194 -0.213339547 0.015463345 -0.004885474 0.999868500 19.341752894
0.999871229 -0.000733013 -0.016030827 -0.280680899 0.000813425 0.999987118 0.005010117 -0.237503032 0.016026948 -0.005022512 0.999858946 20.756427106
0.999859758 -0.000933452 -0.016721054 -0.305532929 0.001021185 0.999985754 0.005239096 -0.255413185 0.016715925 -0.005255437 0.999846467 22.139821723
0.999853786 0.000095429 -0.017099654 -0.340363000 -0.000000083 0.999984455 0.005575814 -0.256920524 0.017099920 -0.005574997 0.999838243 23.530667102
0.999850104 0.000710992 -0.017299271 -0.362700232 -0.000600344 0.999979337 0.006400464 -0.254391569 0.017303464 -0.006389119 0.999829870 25.049309099
0.999843568 0.000879041 -0.017665391 -0.391396497 -0.000786351 0.999985892 0.005253234 -0.275434293 0.017669760 -0.005238521 0.999830154 26.585788435
0.999841033 0.000414984 -0.017825172 -0.410391428 -0.000362485 0.999995588 0.002948375 -0.288766127 0.017826317 -0.002941445 0.999836772 28.004768619
0.999843012 -0.001317976 -0.017669575 -0.439255811 0.001370923 0.999994606 0.002984726 -0.311681661 0.017665546 -0.003008481 0.999839426 29.439161876
0.999842840 -0.001562808 -0.017659353 -0.463814179 0.001665345 0.999981833 0.005793151 -0.326789568 0.017649978 -0.005821649 0.999827278 30.846457912
0.999834917 -0.004328902 -0.017646514 -0.485115836 0.004453446 0.999965411 0.007024537 -0.348000422 0.017615496 -0.007101965 0.999819612 32.313786015
0.999833759 -0.005179743 -0.017482109 -0.510444481 0.005293600 0.999965040 0.006472771 -0.366131448 0.017447970 -0.006564239 0.999826224 33.734698245
0.999840427 -0.004902216 -0.017178168 -0.542794557 0.004984537 0.999976283 0.004752626 -0.380905844 0.017154462 -0.004837493 0.999841149 35.094650689
0.999860166 -0.003426769 -0.016367828 -0.589663070 0.003491923 0.999986087 0.003953724 -0.394782829 0.016354051 -0.004010326 0.999858221 36.441056743
0.999875706 -0.002373468 -0.015586493 -0.624826277 0.002416758 0.999993273 0.002759204 -0.406746182 0.015579839 -0.002796530 0.999874716 37.810373763
0.999901856 -0.001301678 -0.013949319 -0.661872456 0.001354117 0.999992050 0.003750455 -0.429789441 0.013944326 -0.003768976 0.999895670 39.072248228
0.999919597 -0.000991147 -0.012641882 -0.682572726 0.001066611 0.999981646 0.005964095 -0.447362065 0.012635739 -0.005977100 0.999902301 40.379659266
0.999937333 -0.000981366 -0.011152038 -0.708471310 0.001055705 0.999977251 0.006662065 -0.455379947 0.011145246 -0.006673421 0.999915621 41.686729077
0.999961202 -0.000777129 -0.008774387 -0.729658907 0.000840418 0.999973643 0.007211560 -0.468855080 0.008768551 -0.007218654 0.999935500 43.016271383
0.999981909 -0.000816898 -0.005959440 -0.733370272 0.000855572 0.999978574 0.006489919 -0.476430512 0.005954011 -0.006494901 0.999961182 44.313075789
0.999997037 -0.000857340 -0.002278422 -0.739812113 0.000867515 0.999989639 0.004468688 -0.478915970 0.002274568 -0.004470651 0.999987420 45.646078398
0.999998934 -0.000422010 0.001397840 -0.753781233 0.000417653 0.999995058 0.003116011 -0.500051771 -0.001399148 -0.003115424 0.999994168 46.863977411
0.999984070 -0.000151691 0.005642415 -0.753293357 0.000131448 0.999993555 0.003587930 -0.516185878 -0.005642922 -0.003587131 0.999977645 48.067182202
0.999937839 0.000107700 0.011149278 -0.757704267 -0.000147616 0.999993583 0.003579437 -0.535516461 -0.011148821 -0.003580860 0.999931438 49.263962701
0.999844146 0.001256195 0.017609796 -0.737577427 -0.001301073 0.999995935 0.002537215 -0.552867826 -0.017606537 -0.002559731 0.999841716 50.400574823
0.999683433 0.002631794 0.025022157 -0.725786554 -0.002698886 0.999992852 0.002647889 -0.572572483 -0.025015009 -0.002714583 0.999683390 51.572456681
0.999438649 0.003131223 0.033355395 -0.689431069 -0.003249671 0.999988604 0.003497469 -0.588316394 -0.033344063 -0.003603900 0.999437434 52.752799973
0.999016323 0.006249118 0.043901428 -0.654682957 -0.006420296 0.999972324 0.003759247 -0.585774144 -0.043876721 -0.004037409 0.999028795 53.937272683
0.998342691 0.008292605 0.056948250 -0.602453529 -0.008502377 0.999957929 0.003442258 -0.597311498 -0.056917309 -0.003920749 0.998371197 55.144148572
0.997360742 0.010609233 0.071826135 -0.531952239 -0.010901648 0.999933802 0.003680350 -0.607669305 -0.071782334 -0.004453660 0.997410378 56.282723144
0.996016251 0.013052739 0.088211415 -0.446387554 -0.013511736 0.999898093 0.004608244 -0.620321300 -0.088142276 -0.005781775 0.996091115 57.401217546
0.994340663 0.013284089 0.105404832 -0.331630077 -0.013906691 0.999889911 0.005173967 -0.633095200 -0.105324497 -0.006610519 0.994415935 58.513885929
0.992158486 0.012929696 0.124315572 -0.202661349 -0.013574049 0.999898460 0.004337546 -0.647601712 -0.124246866 -0.005990998 0.992233251 59.605913625
0.989457782 0.012019270 0.144321982 -0.048711997 -0.012628567 0.999914790 0.003306414 -0.658507043 -0.144269944 -0.005094137 0.989525256 60.685638926
0.986264534 0.009257024 0.164913843 0.131505498 -0.009893569 0.999946440 0.003038849 -0.670379656 -0.164876880 -0.004628696 0.986303295 61.769649692
0.982461089 0.004371538 0.186416467 0.325449605 -0.005430822 0.999971878 0.005172055 -0.685271115 -0.186388615 -0.006093737 0.982457200 62.775031832
0.977849068 -0.000825681 0.209309621 0.557278867 -0.000544603 0.999978798 0.006488966 -0.695198952 -0.209310541 -0.006459220 0.977827887 63.866417730
0.972425687 -0.005560756 0.233146651 0.817030947 0.004398341 0.999975172 0.005505366 -0.696523783 -0.233171476 -0.004328101 0.972426002 64.948925501
0.966086061 -0.011476689 0.257965132 1.085147360 0.010923922 0.999933938 0.003575996 -0.705688713 -0.257989130 -0.000636729 0.966147609 65.927143885
0.958668139 -0.014863909 0.284138105 1.378364647 0.014130489 0.999889436 0.004630902 -0.723367727 -0.284175523 -0.000424488 0.958772179 66.906314491
0.950143746 -0.017646529 0.311312484 1.698535682 0.016305644 0.999843179 0.006909635 -0.730923100 -0.311385595 -0.001488996 0.950282481 67.890052899
0.940434766 -0.021376698 0.339301469 2.063408912 0.019525178 0.999770018 0.008870066 -0.714720490 -0.339413049 -0.001716797 0.940635867 68.903420367
0.929537727 -0.024616085 0.367904421 2.432187833 0.023153941 0.999696718 0.008388478 -0.722435269 -0.367999333 0.000721031 0.929825774 69.829099910
0.917531976 -0.023815290 0.396948240 2.825668908 0.024046544 0.999701178 0.004395282 -0.721294795 -0.396934298 0.005512422 0.917830472 70.737205962
0.904645157 -0.024969957 0.425433475 3.243213843 0.028005247 0.999607388 -0.000880650 -0.732669213 -0.425244455 0.012711045 0.904989272 71.598224992
0.890633303 -0.026786077 0.453932622 3.685494142 0.031641368 0.999494471 -0.003102487 -0.747794005 -0.453620042 0.017126227 0.891030611 72.437764632
0.875006732 -0.027494027 0.483329389 4.154476142 0.031214340 0.999512653 0.000347322 -0.761049873 -0.483103389 0.014782898 0.875438508 73.287467300
0.857352665 -0.026447539 0.514049546 4.651581440 0.027219076 0.999611291 0.006032320 -0.769539326 -0.514009270 0.008820128 0.857739282 74.125217808
0.837814913 -0.026120128 0.545329176 5.173269388 0.025051663 0.999642031 0.009392713 -0.776327704 -0.545379304 0.005792047 0.838169354 74.936080683
0.816749126 -0.020083301 0.576643326 5.706428930 0.021444792 0.999760150 0.004445501 -0.784899940 -0.576594299 0.008735137 0.816983912 75.698939136
0.795029421 -0.013004563 0.606431448 6.274166009 0.018509737 0.999824688 -0.002825551 -0.788846787 -0.606288388 0.013471283 0.795130754 76.441023257
0.772835774 -0.010630968 0.634517020 6.874105643 0.017987773 0.999824905 -0.005157448 -0.793923077 -0.634351091 0.015399409 0.772891682 77.161013697
0.749593527 -0.013036372 0.661770048 7.508556772 0.019154337 0.999814537 -0.002000714 -0.801420105 -0.661621232 0.014175489 0.749704209 77.871063351
0.725308202 -0.013409696 0.688293682 8.144407143 0.019844801 0.999802045 -0.001433336 -0.818923566 -0.688138210 0.014698662 0.725430736 78.532735693
0.700372554 -0.011349059 0.713687245 8.800463402 0.020681670 0.999776441 -0.004397378 -0.828947173 -0.713477788 0.017840047 0.700450697 79.153860679
0.674592295 -0.008781850 0.738138276 9.476601814 0.020868596 0.999756462 -0.007177628 -0.832194592 -0.737895479 0.020245882 0.674611271 79.745867842
0.647510650 -0.006580284 0.762027991 10.161145157 0.019452100 0.999779614 -0.007895521 -0.850179446 -0.761808096 0.019935478 0.647495948 80.330118609
0.619483199 -0.004862523 0.784994854 10.879722562 0.019493640 0.999767738 -0.009190619 -0.863689723 -0.784767841 0.020995841 0.619434106 80.892888909
0.590423029 0.002097920 0.807091225 11.596357532 0.017478999 0.999728852 -0.015385318 -0.884680097 -0.806904661 0.023190992 0.590226267 81.443240036
0.560808263 0.011635688 0.827863940 12.342015001 0.016370435 0.999549935 -0.025138341 -0.909232050 -0.827783849 0.027650282 0.560365381 81.932636404
0.530821598 0.020036149 0.847246708 13.142383712 0.015398809 0.999327420 -0.033280381 -0.941898097 -0.847343678 0.030712535 0.530156045 82.409663496
0.498999940 0.025222198 0.866234899 13.946927651 0.013136139 0.999241378 -0.036662107 -0.967162741 -0.866502454 0.029673372 0.498290065 82.886487814
0.466719378 0.024912218 0.884054525 14.783239865 0.011353373 0.999352057 -0.034155037 -1.002434617 -0.884332586 0.025977818 0.466134133 83.326509510
0.433487985 0.024163555 0.900835329 15.632298169 0.006962030 0.999520813 -0.030160820 -1.030670609 -0.901132453 0.019345995 0.433112035 83.740262518
0.399728830 0.025383572 0.916281909 16.503586681 0.003020585 0.999574594 -0.029008746 -1.071355983 -0.916628462 0.014363339 0.399482110 84.112356669
0.364005704 0.028415401 0.930963164 17.372446461 -0.004499121 0.999576493 -0.028750506 -1.114893835 -0.931385852 0.006276832 0.363979389 84.482280121
0.328565813 0.030626446 0.943984389 18.287962198 -0.009566789 0.999530760 -0.029098739 -1.143143658 -0.944432625 0.000529951 0.328704633 84.797804204
0.292638799 0.029997188 0.955752427 19.215169643 -0.011906402 0.999544648 -0.027726064 -1.176507348 -0.956148927 -0.003265851 0.292862704 85.083297269
0.255685091 0.029901806 0.966297582 20.149495782 -0.012384593 0.999540847 -0.027653510 -1.208497901 -0.966680793 -0.004896612 0.255938014 85.346394688
0.219966409 0.029272045 0.975068165 21.106761335 -0.011309215 0.999559037 -0.027456018 -1.243884093 -0.975441890 -0.004987854 0.220200456 85.559725724
0.184753688 0.027942138 0.982387557 22.071326378 -0.008938688 0.999602171 -0.026750712 -1.274799588 -0.982744206 -0.003838963 0.184929954 85.739891650
0.150507537 0.027014624 0.988239693 23.027061403 -0.000541048 0.999628679 -0.027243554 -1.309886019 -0.988608714 0.003565675 0.150466267 85.872773154
0.117523155 0.030661551 0.992596684 24.007705924 0.001953537 0.999514166 -0.031106532 -1.346647348 -0.993068221 0.005594812 0.117406160 85.967496873
0.085502839 0.035254258 0.995714016 24.989981633 0.003354777 0.999357944 -0.035671353 -1.387892555 -0.996332279 0.006390400 0.085329671 86.037296450
0.056273569 0.039081316 0.997650207 25.971534626 0.010678194 0.999152896 -0.039742497 -1.426442900 -0.998358283 0.012889554 0.055808581 86.093321767
0.031219955 0.037251592 0.998818118 26.953048430 0.012952505 0.999206252 -0.037670923 -1.466975222 -0.999428610 0.014113281 0.030712673 86.113669122
0.009545855 0.034145047 0.999371299 27.957034822 0.015084185 0.999298201 -0.034286632 -1.509833053 -0.999840659 0.015401997 0.009024106 86.110225125
-0.009395944 0.031110844 0.999471776 28.942686064 0.015458889 0.999400969 -0.030963312 -1.556247842 -0.999836356 0.015159794 -0.009871255 86.103519309
-0.026323524 0.034558681 0.999055939 29.916547796 0.017391003 0.999266838 -0.034107751 -1.596157142 -0.999502189 0.016476749 -0.026905234 86.080450981
-0.040974034 0.038990468 0.998399155 30.905761549 0.020226221 0.999065912 -0.038186428 -1.633659274 -0.998955469 0.018629190 -0.041724391 86.041429643
-0.053196919 0.044050842 0.997611954 31.877904273 0.024097958 0.998792226 -0.042817952 -1.684013874 -0.998293232 0.021762628 -0.054194205 85.974912332
-0.061845141 0.047467869 0.996956358 32.877949074 0.029340737 0.998523203 -0.045722349 -1.737027284 -0.997654399 0.026423729 -0.063146551 85.900901042
-0.067780867 0.052928920 0.996295279 33.915518169 0.031889308 0.998196519 -0.050860403 -1.788586699 -0.997190466 0.028323805 -0.069346492 85.826769305
-0.071223958 0.057676087 0.995791452 34.931899547 0.033479880 0.997902563 -0.055403715 -1.850578032 -0.996898312 0.029392906 -0.073005559 85.745958344
-0.074111443 0.062098007 0.995314690 35.948133650 0.035460604 0.997592312 -0.059599701 -1.906570983 -0.996619305 0.030877440 -0.076135039 85.671286212
-0.076634921 0.065356548 0.994914876 36.950853473 0.035738272 0.997388178 -0.062766223 -1.976151857 -0.996418519 0.030746454 -0.078770494 85.594899666
-0.078881008 0.068709097 0.994513372 37.974301916 0.036834001 0.997141579 -0.065969142 -2.050938503 -0.996203314 0.031428194 -0.081186364 85.508432149
-0.080556870 0.072524588 0.994108030 38.975184778 0.038758898 0.996823010 -0.069581857 -2.115656154 -0.995996154 0.032925235 -0.083111915 85.413690877
-0.083009833 0.073720875 0.993818193 39.990356953 0.041171873 0.996662243 -0.070492916 -2.197638890 -0.995697868 0.035065751 -0.085767993 85.324014251
-0.084724730 0.073019100 0.993725280 41.016965599 0.041636122 0.996699578 -0.069687768 -2.264835613 -0.995534105 0.035470589 -0.087485335 85.223215452
-0.086803856 0.072555497 0.993579786 42.041069518 0.040878621 0.996763760 -0.069216654 -2.350869403 -0.995386372 0.034607899 -0.089488907 85.129290750
-0.088341480 0.074149938 0.993326517 43.086492178 0.041223697 0.996643211 -0.070731294 -2.419827352 -0.995236851 0.034700085 -0.091101671 85.022445470
-0.089868207 0.076352019 0.993022696 44.131151078 0.040576975 0.996509963 -0.072947948 -2.502320628 -0.995126733 0.033738156 -0.092652698 84.898134678
-0.092154485 0.078577230 0.992639496 45.140590577 0.039232111 0.996393976 -0.075232211 -2.586779005 -0.994971554 0.032010357 -0.094904924 84.801201336
-0.094438947 0.082111481 0.992138594 46.123935247 0.037186433 0.996188166 -0.078906958 -2.681013372 -0.994835893 0.029442206 -0.097132395 84.703339191
-0.096287865 0.086244202 0.991610097 47.165401884 0.034094212 0.995940259 -0.083310178 -2.770467533 -0.994769437 0.025786406 -0.098837389 84.595984060
-0.098784689 0.088998027 0.991121050 48.215930379 0.031482516 0.995773552 -0.086277948 -2.857044619 -0.994610696 0.022680044 -0.101169063 84.493097162
-0.101686372 0.087876494 0.990927648 49.249386977 0.029618659 0.995916731 -0.085279543 -2.944287047 -0.994375491 0.020678180 -0.103873943 84.393839684
-0.103775722 0.084143562 0.991035045 50.328971714 0.026208958 0.996300305 -0.081846150 -3.036802496 -0.994255344 0.017480352 -0.105597099 84.265456049
-0.105887872 0.082562302 0.990944612 51.363172800 0.026375496 0.996429698 -0.080200936 -3.124902925 -0.994028215 0.017644349 -0.107687442 84.143593206
-0.107534511 0.082883097 0.990740491 52.425315644 0.026128739 0.996410352 -0.080521423 -3.220005948 -0.993857947 0.017227968 -0.109314131 84.029580761
-0.108385667 0.085968847 0.990384726 53.475960066 0.026977878 0.996141180 -0.083516123 -3.307015061 -0.993742794 0.017666528 -0.110286684 83.915537871
-0.109111093 0.089091416 0.990029034 54.536967082 0.027609071 0.995862818 -0.086573595 -3.399712107 -0.993646068 0.017887642 -0.111119412 83.806321791
-0.109064003 0.089726899 0.989976831 55.594334343 0.026300570 0.995829570 -0.087359876 -3.501521192 -0.993686733 0.016509137 -0.110969028 83.690312543
-0.109369071 0.088639715 0.990041114 56.658098349 0.022018419 0.995987652 -0.086739759 -3.597039335 -0.993757312 0.012312493 -0.110881951 83.596516655
-0.109939754 0.088054092 0.990030165 57.698564426 0.018041835 0.996080760 -0.086588747 -3.694683765 -0.993774493 0.008342415 -0.111097531 83.504615882
-0.109862858 0.089531889 0.989906154 58.749257015 0.014393786 0.995973666 -0.088483197 -3.790395451 -0.993842528 0.004527481 -0.110709216 83.392930899
-0.110128261 0.089864935 0.989846483 59.812729969 0.010401069 0.995953853 -0.089262202 -3.892641391 -0.993862960 0.000465171 -0.110617358 83.281226113
-0.110655758 0.089136449 0.989853523 60.889362093 0.006962462 0.996015065 -0.088912963 -3.997686439 -0.993834406 -0.002946914 -0.110835411 83.177277336
-0.111010153 0.084276401 0.990239483 61.958668345 0.007007036 0.996439554 -0.084018552 -4.088057632 -0.993794570 -0.002388269 -0.111205435 83.067257683
-0.111045905 0.075464523 0.990945969 63.058137872 0.010643432 0.997145955 -0.074743969 -4.184162084 -0.993758283 0.002247054 -0.111532177 82.939152655
-0.110799091 0.069793476 0.991389143 64.151965741 0.015433546 0.997531661 -0.068501032 -4.275716854 -0.993722983 0.007710798 -0.111602763 82.810741720
-0.109459222 0.072532923 0.991341341 65.265646472 0.024325331 0.997230810 -0.070277947 -4.350646623 -0.993693593 0.016422137 -0.110920496 82.667544640
-0.108277640 0.078184603 0.991041432 66.356379936 0.029709171 0.996711750 -0.075386025 -4.430357717 -0.993676667 0.021280398 -0.110244395 82.536995998
-0.107579276 0.084071466 0.990635497 67.449033770 0.032702688 0.996178236 -0.080990469 -4.519194789 -0.993658510 0.023683548 -0.109917496 82.421812340
-0.106473024 0.088365096 0.990381293 68.570699548 0.033678986 0.995792177 -0.085227143 -4.618038040 -0.993745048 0.024280646 -0.109001051 82.280838051
-0.106309503 0.085954607 0.990610971 69.687501908 0.030637940 0.996066791 -0.083140030 -4.709118013 -0.993860959 0.021511704 -0.108524837 82.159409103
-0.105753384 0.081127452 0.991077473 70.813134471 0.029456088 0.996484598 -0.078426942 -4.809000302 -0.993956015 0.020899351 -0.107771316 82.041052399
-0.104467180 0.079333793 0.991359046 71.966231031 0.027742798 0.996657824 -0.076834356 -4.900017542 -0.994141311 0.019476405 -0.106318974 81.902308871
-0.104191646 0.080022588 0.991332682 73.109350418 0.026152941 0.996633565 -0.077701744 -4.991423729 -0.994213319 0.017830393 -0.105933717 81.781120147
-0.103996208 0.085481174 0.990897451 74.227424055 0.027079683 0.996173695 -0.083094283 -5.077473230 -0.994208972 0.018191698 -0.105913090 81.673024188
-0.102508713 0.088516127 0.990785980 75.377227208 0.027184402 0.995910250 -0.086161373 -5.179662254 -0.994360585 0.018101633 -0.104495736 81.543950941
-0.102169831 0.087145949 0.990942435 76.509306653 0.028013505 0.996012329 -0.084703512 -5.288937582 -0.994372450 0.019105627 -0.104203674 81.433394032
-0.101484919 0.080441971 0.991579498 77.634070634 0.029533446 0.996529819 -0.077820914 -5.393328987 -0.994398606 0.021387110 -0.103508477 81.309034651
-0.101451035 0.078964921 0.991701683 78.798794501 0.029145988 0.996652890 -0.076377531 -5.491034923 -0.994413495 0.021155546 -0.103412978 81.185396748
-0.100907579 0.081655561 0.991539222 79.914357448 0.026698213 0.996489532 -0.079346191 -5.596485575 -0.994537514 0.018465693 -0.102733404 81.077111561
-0.100290835 0.084572130 0.991357303 81.068203285 0.026593773 0.996252769 -0.082299396 -5.697752037 -0.994602694 0.018110056 -0.102164114 80.960817486
-0.099868247 0.084191074 0.991432396 82.233133029 0.025724807 0.996299198 -0.082013063 -5.791563107 -0.994668069 0.017313907 -0.101664453 80.843048423
-0.099408151 0.080542177 0.991781719 83.421713506 0.025871187 0.996590982 -0.078339617 -5.895436640 -0.994710360 0.017870974 -0.101152988 80.721619089
-0.098162656 0.079368145 0.992000399 84.606989392 0.026384734 0.996671788 -0.077131012 -6.000070875 -0.994820556 0.018602281 -0.099930057 80.598609373
-0.097199329 0.079640403 0.992073433 85.768290936 0.027821474 0.996621203 -0.077279648 -6.101775840 -0.994876000 0.020089415 -0.099086625 80.490003262
-0.096002890 0.080104859 0.992152537 86.939657723 0.030453729 0.996526257 -0.077511216 -6.193320471 -0.994915080 0.022773444 -0.098108893 80.369941735
-0.094621807 0.079772145 0.992312007 88.119949487 0.030131034 0.996557104 -0.077240268 -6.286256363 -0.995057202 0.022590774 -0.096699651 80.259281382
-0.093399790 0.080747144 0.992348919 89.321883793 0.030705547 0.996465336 -0.078192092 -6.376737393 -0.995155088 0.023167491 -0.095549039 80.145535168
-0.092406976 0.079371549 0.992552824 90.501170739 0.029769768 0.996592500 -0.076923015 -6.470562177 -0.995276199 0.022439844 -0.094454972 80.039168265
-0.091270205 0.078354958 0.992738762 91.742031950 0.027968971 0.996708085 -0.076096844 -6.575785643 -0.995433316 0.020820507 -0.093161259 79.938489374
-0.089566746 0.078045524 0.992918272 92.958745711 0.029065557 0.996705310 -0.075721319 -6.668944869 -0.995556624 0.022077611 -0.091540088 79.828452793
-0.087598552 0.079160626 0.993005584 94.182426935 0.026921997 0.996661588 -0.077077137 -6.766861567 -0.995791996 0.019981848 -0.089437274 79.719132726
-0.086368888 0.082043098 0.992879321 95.377355043 0.026715302 0.996435750 -0.080013052 -6.861113752 -0.995904969 0.019614433 -0.088252854 79.619001803
-0.084628839 0.081533700 0.993071103 96.601009570 0.024407145 0.996517112 -0.079736666 -6.955829580 -0.996113573 0.017490009 -0.086324091 79.502245825
-0.084032676 0.080545653 0.993202350 97.820226709 0.020331643 0.996658871 -0.079105750 -7.059634344 -0.996255556 0.013545968 -0.085389538 79.406134065
-0.083602355 0.082091529 0.993112092 99.047877041 0.017521585 0.996568025 -0.080902194 -7.153928353 -0.996345141 0.010637284 -0.084753808 79.302432263
-0.083617545 0.081870838 0.993129031 100.299800128 0.014386812 0.996614582 -0.080946864 -7.255586159 -0.996394061 0.007519382 -0.084512325 79.193835405
-0.084661116 0.079438991 0.993238109 101.527175995 0.010557465 0.996832439 -0.078826573 -7.358103734 -0.996353871 0.003812531 -0.085231621 79.096229367
-0.086301718 0.077881614 0.993220251 102.785643814 0.008764228 0.996960560 -0.077413373 -7.470012181 -0.996230496 0.002023902 -0.086721981 78.999870149
-0.087983372 0.077276466 0.993119970 104.054952192 0.006298666 0.997009567 -0.077021105 -7.577154364 -0.996102029 -0.000521246 -0.088207003 78.897256156
-0.090074040 0.077720525 0.992897874 105.331277570 0.006853329 0.996975171 -0.077417958 -7.677938971 -0.995911492 -0.000168693 -0.090334226 78.803189268
-0.092121940 0.076982882 0.992767437 106.583145203 0.006105678 0.997031905 -0.076747000 -7.776435002 -0.995729014 -0.001008564 -0.092318546 78.686026782
-0.095491582 0.072457396 0.992789647 107.860475006 0.004565983 0.997368678 -0.072352411 -7.877034060 -0.995419766 -0.002375986 -0.095571152 78.577682661
-0.100622088 0.072509260 0.992278994 109.109356823 0.003373004 0.997359909 -0.072538500 -7.977246648 -0.994919001 -0.003952014 -0.100601011 78.473327922
-0.106406118 0.078383681 0.991228398 110.328415629 -0.002803510 0.996860364 -0.079129992 -8.077830021 -0.994318801 -0.011198834 -0.105852292 78.365564542
-0.113916163 0.081772221 0.990119393 111.545840484 -0.002472827 0.996580514 -0.082590340 -8.179435678 -0.993487289 -0.011856769 -0.113324420 78.236657791
-0.122188626 0.078016536 0.989435880 112.780131228 -0.000781267 0.996897929 -0.078701396 -8.283596176 -0.992506589 -0.010389429 -0.121748636 78.078811596
-0.133812366 0.076383211 0.988058630 113.997679379 0.002828229 0.997050565 -0.076695319 -8.375180116 -0.991002650 -0.007468326 -0.133633725 77.922284223
-0.146782597 0.077161649 0.986154627 115.221904805 0.002814759 0.996981392 -0.077589831 -8.485780791 -0.989164772 -0.008613049 -0.146556709 77.746562097
-0.160681663 0.077663161 0.983946054 116.468451222 0.005445093 0.996954063 -0.077800685 -8.588631014 -0.986991264 -0.007143466 -0.160615120 77.547097056
-0.175418285 0.075617099 0.981585696 117.675925573 0.005980374 0.997109346 -0.075744226 -8.691212682 -0.984475830 -0.007416672 -0.175363430 77.332802559
-0.191000953 0.078105166 0.978477500 118.883511551 0.009415765 0.996929198 -0.077740060 -8.797427396 -0.981544690 -0.005635311 -0.191149847 77.110992730
-0.205916985 0.081622179 0.975159482 120.054400225 0.010080263 0.996639393 -0.081291505 -8.898827564 -0.978517544 -0.006909438 -0.206047752 76.857841738
-0.220758173 0.085660224 0.971559651 121.227000997 0.010370351 0.996285581 -0.085483898 -9.008241340 -0.975273441 -0.008795855 -0.220826511 76.597349302
-0.237600676 0.083910360 0.967731869 122.404553901 0.007214765 0.996386870 -0.084623593 -9.112163505 -0.971336124 -0.013124665 -0.237347588 76.332779248
-0.253297022 0.078072700 0.964232997 123.553956815 0.001526642 0.996769083 -0.080306067 -9.228662520 -0.967387352 -0.018869249 -0.252597829 76.032871728
-0.268573823 0.074223388 0.960395226 124.719101951 -0.001805155 0.996986354 -0.077556115 -9.334820129 -0.963257413 -0.022563204 -0.267630451 75.707304434
-0.284004140 0.076662271 0.955753391 125.867721535 -0.002465222 0.996736832 -0.080682154 -9.425932590 -0.958819885 -0.025270210 -0.282888397 75.376699105
-0.298761157 0.078858247 0.951064218 127.039772119 -0.002772128 0.996504193 -0.083496758 -9.526224270 -0.954323890 -0.027582060 -0.297498141 75.031044730
-0.313017004 0.081630014 0.946233003 128.190040664 -0.000635475 0.996281299 -0.086157818 -9.627285459 -0.949747309 -0.027570170 -0.311801114 74.664849755
-0.327298271 0.081694324 0.941382961 129.313694157 0.001796487 0.996307647 -0.085836154 -9.736032980 -0.944919369 -0.026402842 -0.326236533 74.269165175
-0.341043280 0.079908427 0.936645143 130.449731012 0.001783038 0.996433749 -0.084359975 -9.847826359 -0.940045904 -0.027100328 -0.339969514 73.861945357
-0.355468867 0.078639520 0.931374098 131.569334232 0.001669248 0.996506229 -0.083501792 -9.961535646 -0.934686631 -0.028127593 -0.354358209 73.436805223
-0.370502466 0.079970377 0.925382441 132.660466228 -0.000391723 0.996273145 -0.086253499 -10.068939642 -0.928831400 -0.032319628 -0.369090331 73.012734428
-0.385193089 0.082425816 0.919147577 133.759316757 0.000605952 0.996025541 -0.089066012 -10.181602918 -0.922835802 -0.033750653 -0.383712101 72.545355159
-0.400412011 0.084259897 0.912453008 134.891753716 0.002723074 0.995868354 -0.090767867 -10.300828130 -0.916331166 -0.033859867 -0.398987096 72.071509605
-0.414983342 0.087771858 0.905585405 135.966647345 0.007041087 0.995615834 -0.093271289 -10.418277859 -0.909801763 -0.032329726 -0.413781996 71.595315264
-0.430104819 0.091159984 0.898164630 137.046758352 0.006269180 0.995166360 -0.098003130 -10.524108310 -0.902757189 -0.036520862 -0.428597345 71.084882872
-0.444736349 0.093840119 0.890732065 138.150973543 0.007556543 0.994854010 -0.101036612 -10.644678185 -0.895629655 -0.038203799 -0.443156847 70.527572426
-0.460133318 0.091840069 0.883087047 139.250081489 0.006915822 0.994976166 -0.099872918 -10.762700358 -0.887822900 -0.039847584 -0.458456834 69.974532075
-0.476289666 0.088358339 0.874837675 140.331919372 0.004967458 0.995192737 -0.097809720 -10.875501855 -0.879274405 -0.042240040 -0.474438932 69.403508421
-0.492028264 0.088723741 0.866046353 141.377100300 0.005591055 0.995094791 -0.098767895 -11.002278936 -0.870561272 -0.043754483 -0.490110822 68.802242224
-0.508056754 0.087547106 0.856862789 142.429265217 0.004635511 0.995084500 -0.098920932 -11.132949038 -0.861311121 -0.046285451 -0.505965226 68.195740589
-0.523711276 0.085643961 0.847579856 143.436516054 0.003135060 0.995120708 -0.098615148 -11.263140708 -0.851890058 -0.048988651 -0.521424435 67.564422721
-0.539186542 0.085929097 0.837791181 144.470480883 0.002824807 0.994960150 -0.100231336 -11.384300885 -0.842181627 -0.051676789 -0.536711856 66.905942621
-0.554379423 0.085932202 0.827815868 145.508767891 0.003302433 0.994874619 -0.101062288 -11.506064369 -0.832257502 -0.053293047 -0.551821803 66.213920507
-0.569738557 0.083745626 0.817547947 146.561124791 0.003458367 0.995029959 -0.099515927 -11.627861355 -0.821818725 -0.053870679 -0.567196557 65.499228751
-0.584559207 0.080235823 0.807373982 147.588919536 0.003559427 0.995342240 -0.096338760 -11.756428751 -0.811343247 -0.053441920 -0.582122063 64.763851053
-0.599792443 0.078586734 0.796287103 148.606039049 0.004875976 0.995505784 -0.094575153 -11.887508585 -0.800140769 -0.052842785 -0.597480033 64.019887022
-0.614117450 0.077450886 0.785405066 149.583360676 0.004994384 0.995534411 -0.094267133 -12.012716554 -0.789198843 -0.053968476 -0.611761873 63.247932349
-0.628888971 0.078598186 0.773512112 150.595356822 0.003904127 0.995183823 -0.097948539 -12.138399957 -0.777485318 -0.058578867 -0.626166987 62.431129086
-0.644521257 0.078099185 0.760587185 151.564304251 0.002027152 0.994940505 -0.100445421 -12.267353492 -0.764583703 -0.063197383 -0.641418624 61.628104648
-0.660622363 0.074868691 0.746975751 152.546966999 0.000739984 0.995079055 -0.099081418 -12.398725236 -0.750718020 -0.064902650 -0.657426878 60.787568520
-0.677520632 0.067431741 0.732406140 153.526748275 -0.001947802 0.995620436 -0.093467397 -12.531513623 -0.735501189 -0.064752672 -0.674422043 59.931742668
-0.694740019 0.064589488 0.716355012 154.456837636 -0.002753915 0.995713666 -0.092448423 -12.660844081 -0.719255672 -0.066200400 -0.691584258 59.057580840
-0.712136960 0.062348018 0.699266526 155.397117236 -0.004288733 0.995643666 -0.093141274 -12.768114908 -0.702027461 -0.069328312 -0.708767260 58.087167608
-0.730253264 0.058105272 0.680701071 156.320948303 -0.007493271 0.995635379 -0.093027105 -12.894865788 -0.683135434 -0.073034025 -0.726630587 57.159400949
-0.747479054 0.056082936 0.661913716 157.215574146 -0.006980247 0.995711624 -0.092247703 -13.025626752 -0.664248703 -0.073573547 -0.743882110 56.199429377
-0.763386791 0.058739933 0.643265285 158.031251814 -0.003570405 0.995457728 -0.095137609 -13.153522043 -0.645931776 -0.074923512 -0.759709555 55.238124662
-0.778787861 0.058296251 0.624572665 158.842828339 0.000507560 0.995730518 -0.092306433 -13.287045091 -0.627287182 -0.071570121 -0.775492430 54.246624332
-0.793501549 0.059637623 0.605639040 159.627789664 0.004906928 0.995781386 -0.091626160 -13.413975585 -0.608548449 -0.069733673 -0.790446709 53.222723366
-0.808233502 0.061008016 0.585693288 160.407036097 0.007140336 0.995560932 -0.093847991 -13.541593403 -0.588818836 -0.071669044 -0.805081317 52.176859411
-0.822457725 0.063276091 0.565295875 161.143033878 0.009104087 0.995130606 -0.098143735 -13.668974108 -0.568753379 -0.075572570 -0.819028925 51.125051637
-0.835514139 0.063427336 0.545795838 161.876131903 0.011771981 0.995153474 -0.097626755 -13.806311634 -0.549342829 -0.075143436 -0.832211464 50.014986735
-0.847589066 0.061949149 0.527024741 162.570506797 0.013773908 0.995396095 -0.094851955 -13.934296686 -0.530474367 -0.073136290 -0.844540129 48.927340849
-0.858549288 0.064133832 0.508704209 163.242846950 0.016807161 0.995133331 -0.097093630 -14.030047964 -0.512455501 -0.074809793 -0.855448920 47.835892888
-0.868528701 0.067395025 0.491035444 163.888748495 0.020032848 0.994675919 -0.101086603 -14.153205247 -0.495233865 -0.077959777 -0.865254698 46.763246435
-0.877776203 0.065072387 0.474630933 164.514934533 0.018738088 0.994637415 -0.101711836 -14.304945630 -0.478704316 -0.080386553 -0.874288385 45.623483903
-0.886012975 0.061432818 0.459572646 165.121311972 0.016732230 0.994774396 -0.100717093 -14.447052029 -0.463358436 -0.081546976 -0.882410931 44.422879645
-0.893573991 0.059949094 0.444895076 165.722195385 0.016476395 0.994755142 -0.100949175 -14.576383376 -0.448613476 -0.082875290 -0.889875067 43.271507206
-0.900371003 0.057535793 0.431302317 166.291975199 0.015648991 0.994859725 -0.100046170 -14.716045505 -0.434841541 -0.083329224 -0.896643226 42.074625037
-0.906916955 0.055211397 0.417676117 166.848367812 0.015109203 0.995000635 -0.098719033 -14.865122617 -0.421038418 -0.083219212 -0.903217146 40.910683652
-0.913232581 0.049151543 0.404463075 167.397055626 0.011593298 0.995429671 -0.094791167 -14.999449607 -0.407273678 -0.081877321 -0.909628636 39.763150967
-0.918485134 0.046000030 0.392770996 167.909800953 0.010783748 0.995755680 -0.091402061 -15.128835629 -0.395308448 -0.079715890 -0.915082842 38.570336909
-0.923026918 0.045023998 0.382091806 168.419543129 0.012116944 0.996038152 -0.088097556 -15.253452047 -0.384544520 -0.076686631 -0.919915579 37.365257497
-0.926226331 0.048735964 0.373804212 168.896985499 0.016029137 0.995802507 -0.090113448 -15.371508132 -0.376626937 -0.077473689 -0.923119698 36.169874509
-0.928586871 0.054512793 0.367089605 169.385177039 0.022236334 0.995548495 -0.091590065 -15.502123960 -0.370448334 -0.076886605 -0.925665427 34.949762535
-0.930409229 0.057619210 0.361965045 169.835779815 0.025116344 0.995267497 -0.093871078 -15.625785595 -0.365660821 -0.078247278 -0.927453248 33.762144569
-0.932390455 0.054770287 0.357278959 170.301283841 0.022944885 0.995427976 -0.092718262 -15.751043232 -0.360723677 -0.078251898 -0.929384242 32.569505596
-0.934561749 0.046800649 0.352709564 170.779941716 0.016214426 0.995883544 -0.089179928 -15.876641310 -0.355431329 -0.077625167 -0.931473512 31.344809665
-0.936816497 0.040160137 0.347508294 171.252229026 0.010243559 0.996111681 -0.087501931 -15.997224590 -0.349671161 -0.078413530 -0.933585238 30.170667463
-0.938771515 0.033421755 0.342915483 171.704900370 0.002763744 0.995982458 -0.089505896 -16.110876382 -0.344529249 -0.083077856 -0.935092330 28.984930315
-0.940497130 0.029876879 0.338485629 172.157471431 -0.001522799 0.995746559 -0.092122042 -16.234794000 -0.339798219 -0.087155962 -0.936451285 27.814520396
-0.941477083 0.029993828 0.335739889 172.597330634 -0.002115325 0.995487883 -0.094865172 -16.351172556 -0.337070360 -0.090023585 -0.937165581 26.624046670
-0.941347228 0.031019971 0.336010650 173.011129418 -0.001971388 0.995243149 -0.097402194 -16.470863696 -0.337433711 -0.092351693 -0.936808228 25.398667059
-0.941089464 0.033413727 0.336502814 173.447448245 -0.000175176 0.995057905 -0.099296196 -16.606750528 -0.338157641 -0.093505551 -0.936432657 24.183067872
-0.940816319 0.034351483 0.337171514 173.873204367 0.000019539 0.994855649 -0.101302697 -16.736951369 -0.338916884 -0.095300642 -0.935977101 23.024132547
-0.940315476 0.034399385 0.338560907 174.302016898 -0.000597331 0.994709491 -0.102726197 -16.887624609 -0.340303465 -0.096797265 -0.935320181 21.841358104
-0.939477785 0.035145287 0.340802435 174.726640451 -0.000102739 0.994695702 -0.102861316 -17.017282242 -0.342609808 -0.096670934 -0.934490904 20.634733250
-0.938741080 0.034150080 0.342927042 175.179203841 -0.001693654 0.994608900 -0.103683499 -17.153471229 -0.344619088 -0.097912760 -0.933622395 19.448998378
-0.937246620 0.032503027 0.347148853 175.621045178 -0.004018240 0.994572428 -0.103968935 -17.290866725 -0.348643983 -0.098839460 -0.932029042 18.264878366
-0.935889230 0.030030538 0.351012132 176.088242549 -0.006108988 0.994827010 -0.101399705 -17.444609670 -0.352241437 -0.097043220 -0.930864428 17.091365961
-0.933606877 0.027964455 0.357206086 176.554763155 -0.008308239 0.994991943 -0.099609268 -17.568086289 -0.358202696 -0.095963652 -0.928698986 15.885970484
-0.930887806 0.024451949 0.364485931 177.012831312 -0.011697085 0.995250515 -0.096641558 -17.709770171 -0.365117885 -0.094225871 -0.926180552 14.719037495
-0.928044410 0.026762681 0.371506840 177.493888617 -0.010198981 0.995215430 -0.097171132 -17.837974902 -0.372329900 -0.093968117 -0.923331164 13.548679538
-0.924554947 0.026986647 0.380091925 177.974503978 -0.010854297 0.995219010 -0.097063410 -17.975396783 -0.380894126 -0.093866087 -0.919841738 12.396888781
-0.920394356 0.029381172 0.389885850 178.446538347 -0.010249689 0.995016812 -0.099179069 -18.116883814 -0.390856972 -0.095280064 -0.915506710 11.261300728
-0.916006297 0.030463081 0.400005581 178.947558525 -0.009796902 0.995116553 -0.098219481 -18.249043532 -0.401044243 -0.093888478 -0.911234585 10.125317196
-0.911409788 0.030154391 0.410393605 179.477013203 -0.012727449 0.994768628 -0.101357728 -18.366271811 -0.411303064 -0.097601689 -0.906258076 9.012705899
-0.905422187 0.031434840 0.423346800 180.022731908 -0.013610513 0.994592296 -0.102960764 -18.498458473 -0.424294021 -0.098984927 -0.900098088 7.857872278
-0.899222845 0.033255529 0.436225109 180.577994138 -0.013470781 0.994529271 -0.103586040 -18.629936351 -0.437283448 -0.099023227 -0.893855462 6.717779765
-0.892408239 0.032766138 0.450037682 181.158271615 -0.014534841 0.994755063 -0.101247730 -18.761769309 -0.450994760 -0.096895534 -0.887251363 5.559178602
-0.885841411 0.034803423 0.462681009 181.760167567 -0.014704286 0.994576205 -0.102965805 -18.889666549 -0.463755084 -0.098014768 -0.880525029 4.432927069
-0.878607696 0.036572168 0.476141779 182.369070284 -0.014070417 0.994647704 -0.102361947 -19.026907059 -0.477336926 -0.096635508 -0.873390541 3.304439659
-0.871015943 0.037560970 0.489816701 182.982597374 -0.013610811 0.994844783 -0.100491813 -19.161402487 -0.491066159 -0.094196774 -0.866014431 2.220879270
-0.862804507 0.038473780 0.504071573 183.597976189 -0.013267973 0.995033012 -0.098657314 -19.290129918 -0.505363576 -0.091809983 -0.858008498 1.153715788
-0.853965418 0.042249316 0.518611666 184.244202145 -0.009889552 0.995200127 -0.097359667 -19.411117576 -0.520235775 -0.088270626 -0.849448665 0.067510042
-0.844532324 0.046346252 0.533495248 184.898666451 -0.005895734 0.995382682 -0.095804780 -19.532584723 -0.535472123 -0.084055579 -0.840359604 -0.956704971
-0.833950649 0.049050343 0.549654782 185.567379536 -0.003842514 0.995501581 -0.094666985 -19.664698581 -0.551825652 -0.081059650 -0.830010712 -1.965065380
-0.822856799 0.053674024 0.565708217 186.286922961 -0.000195454 0.995502326 -0.094736906 -19.761083794 -0.568248757 -0.078065477 -0.819145367 -2.979736895
-0.811692947 0.055283285 0.581462225 186.963534896 0.000671258 0.995598296 -0.093720774 -19.886979346 -0.584083992 -0.075682180 -0.808157223 -3.919713914
-0.799426559 0.057118851 0.598042318 187.666470979 0.001548404 0.995662510 -0.093025630 -20.018375986 -0.600761833 -0.073441148 -0.796047497 -4.872019372
-0.787534271 0.057838705 0.613550696 188.411727986 0.000695191 0.995668835 -0.092968209 -20.148036154 -0.616270468 -0.072789116 -0.784163539 -5.806457548
-0.773434468 0.058950485 0.631129118 189.179232970 0.001936857 0.995881248 -0.090646508 -20.269242669 -0.633873309 -0.068886727 -0.770363062 -6.739069375
-0.758449216 0.060664343 0.648902631 189.986590666 0.002604412 0.995932642 -0.090063258 -20.381592248 -0.651726940 -0.066618397 -0.755522326 -7.652783345
