1.000000000 0.000000000 0.000000000 0.000000000 0.000000000 1.000000000 0.000000000 0.000000000 0.000000000 0.000000000 1.000000000 0.000000000
0.999990284 -0.002830065 -0.003374093 -0.002267846 0.002822598 0.999993563 -0.002215705 -0.002706510 0.003380343 0.002206160 0.999991775 0.670068145
0.999971926 -0.001450818 -0.007346260 -0.016343635 0.001422575 0.999991596 -0.003848294 -0.005245980 0.007351782 0.003837736 0.999965608 1.361352086
0.999939442 -0.001526333 -0.010900313 -0.039410882 0.001467995 0.999984562 -0.005358028 -0.010652185 0.010908323 0.005341702 0.999926209 2.061680317
0.999876320 -0.000353089 -0.015720222 -0.060845427 0.000259813 0.999982297 -0.005935159 -0.017070027 0.015722042 0.005930341 0.999858856 2.787568569
0.999796271 -0.001272983 -0.020147126 -0.077180535 0.001144536 0.999978960 -0.006385684 -0.023134898 0.020154830 0.006361323 0.999776602 3.526600361
0.999690056 0.000648200 -0.024891833 -0.105332926 -0.000847908 0.999967515 -0.008013280 -0.028091505 0.024885837 0.008031902 0.999658048 4.293407440
0.999550998 0.003644135 -0.029738193 -0.138091296 -0.003900919 0.999955535 -0.008581363 -0.040822707 0.029705601 0.008693518 0.999520898 5.053504944
0.999403477 0.004163242 -0.034284640 -0.167946309 -0.004400239 0.999966919 -0.006840084 -0.056042336 0.034255031 0.006986863 0.999388754 5.841671467
0.999239028 0.003792197 -0.038821146 -0.201343656 -0.003940610 0.999985158 -0.003747202 -0.080805317 0.038806375 0.003897328 0.999239087 6.639867783
0.999091387 0.003581812 -0.042470086 -0.236581638 -0.003654141 0.999991953 -0.001625557 -0.079121567 0.042463928 0.001779271 0.999096394 7.441760540
0.998964548 0.005203771 -0.045198921 -0.282660574 -0.005316090 0.999983072 -0.002365159 -0.085160241 0.045185849 0.002602991 0.998975158 8.256166458
0.998899579 0.002257304 -0.046848062 -0.312087625 -0.002343840 0.999995649 -0.001792302 -0.068993643 0.046843816 0.001900134 0.998900414 9.059252739
0.998867273 -0.000616599 -0.047577888 -0.363837570 0.000503811 0.999997020 -0.002382551 -0.076664418 0.047579214 0.002355882 0.998864710 9.886604309
0.998822093 -0.000383014 -0.048522267 -0.432081342 0.000288654 0.999998093 -0.001951671 -0.079954654 0.048522912 0.001935366 0.998820186 10.741765022
0.998671710 -0.001632242 -0.051499005 -0.459729999 0.001522990 0.999996424 -0.002160617 -0.092779480 0.051502351 0.002079315 0.998670697 11.603101730
0.998537004 0.000321642 -0.054071508 -0.499354959 -0.000586540 0.999987900 -0.004883223 -0.098051451 0.054069288 0.004907796 0.998525083 12.439933777
0.998480022 0.000759305 -0.055108827 -0.557577968 -0.001207882 0.999966383 -0.008106995 -0.103527829 0.055100821 0.008161238 0.998447418 13.308392525
0.998361588 0.004991886 -0.057000417 -0.612553596 -0.005541387 0.999939740 -0.009486321 -0.120232195 0.056949615 0.009786642 0.998329163 14.176765442
0.998270869 0.005550995 -0.058519170 -0.663585901 -0.006051284 0.999946594 -0.008375416 -0.142124400 0.058469553 0.008715049 0.998251140 15.057232857
0.998205125 0.004932416 -0.059683040 -0.722211063 -0.005355339 0.999961674 -0.006928290 -0.158966318 0.059646580 0.007235479 0.998193324 15.947096825
0.998095334 0.004683266 -0.061512616 -0.771465063 -0.005060573 0.999969304 -0.005979437 -0.155349255 0.061482724 0.006279337 0.998088419 16.858579636
0.998070359 0.004324447 -0.061942361 -0.836884797 -0.004718217 0.999969482 -0.006212169 -0.167500257 0.061913610 0.006492440 0.998060405 17.758836746
0.997988462 0.004157661 -0.063260548 -0.902681828 -0.004639785 0.999961257 -0.007476247 -0.177079409 0.063227013 0.007754724 0.997969091 18.655385971
0.997934222 0.002723660 -0.064187124 -0.957186937 -0.003268789 0.999959409 -0.008389328 -0.193666518 0.064161681 0.008581812 0.997902632 19.546226501
0.997841775 0.002632987 -0.065611012 -1.017014027 -0.003022697 0.999978364 -0.005841139 -0.209215194 0.065594211 0.006026855 0.997828186 20.499931335
0.997800231 0.003739598 -0.066186845 -1.076240182 -0.003908368 0.999989450 -0.002420601 -0.222828820 0.066177100 0.002673961 0.997804284 21.433734894
0.997839212 0.004406277 -0.065554768 -1.141502023 -0.004330100 0.999989748 0.001304088 -0.236655429 0.065559857 -0.001017411 0.997848094 22.369520187
0.997918248 0.003643596 -0.064388327 -1.197954059 -0.003379575 0.999985456 0.004208888 -0.245385483 0.064402714 -0.003982523 0.997916043 23.314895630
0.998078465 0.004308796 -0.061813101 -1.271677971 -0.003966720 0.999976158 0.005655692 -0.259626836 0.061835997 -0.005399629 0.998071671 24.250415802
0.998165131 0.004625954 -0.060374614 -1.333589554 -0.004468654 0.999986291 0.002740139 -0.266709924 0.060386464 -0.002465317 0.998172045 25.197662354
0.998158872 0.005473949 -0.060405806 -1.387111187 -0.005624079 0.999981463 -0.002315601 -0.270839095 0.060392004 0.002651067 0.998171210 26.143768311
0.998240292 0.004713695 -0.059111156 -1.450000644 -0.005032496 0.999973595 -0.005245530 -0.280712336 0.059084862 0.005533776 0.998237669 27.080568314
0.998306215 0.001703266 -0.058153179 -1.509815931 -0.001943852 0.999989808 -0.004080792 -0.292514861 0.058145627 0.004186921 0.998299360 28.047876358
0.998347640 0.002195937 -0.057420660 -1.587962151 -0.002191233 0.999997616 0.000144878 -0.299140096 0.057420831 -0.000018816 0.998350084 29.037633896
0.998306215 -0.001730662 -0.058151886 -1.648492098 0.001901346 0.999994040 0.002879927 -0.303322464 0.058146555 -0.002985616 0.998303652 30.016902924
0.998191297 -0.009056705 -0.059430923 -1.698717475 0.009224797 0.999954104 0.002554560 -0.319169730 0.059405074 -0.003098177 0.998229086 31.000160217
0.998051405 -0.010556265 -0.061497845 -1.738901734 0.010462306 0.999943554 -0.001849631 -0.314280748 0.061513904 0.001202618 0.998105526 31.983663559
0.997982919 -0.010657606 -0.062581360 -1.812226295 0.010351190 0.999932826 -0.005218425 -0.330637515 0.062632769 0.004560107 0.998026311 32.960456848
0.997858524 -0.009448937 -0.064723000 -1.881094694 0.009045294 0.999937773 -0.006526676 -0.338358492 0.064780638 0.005927260 0.997881949 33.950214386
0.997801125 -0.009511500 -0.065595232 -1.950752735 0.009199297 0.999944866 -0.005059957 -0.354776889 0.065639749 0.004445400 0.997833490 34.947971344
0.997775078 -0.006183160 -0.066383041 -2.032928467 0.006044454 0.999979198 -0.002290102 -0.369091153 0.066395804 0.001883758 0.997791529 35.945144653
0.997652709 -0.006058528 -0.068206973 -2.079169750 0.006019779 0.999981582 -0.000773632 -0.384044439 0.068210386 0.000361225 0.997670829 36.903862000
0.997578621 -0.004629976 -0.069392629 -2.148958206 0.004755573 0.999987304 0.001644848 -0.393419504 0.069384135 -0.001970867 0.997587979 37.881584167
0.997553051 -0.005131421 -0.069724165 -2.215218306 0.005483644 0.999973118 0.004861215 -0.403863847 0.069697335 -0.005231662 0.997554481 38.879745483
0.997582495 0.001640134 -0.069473103 -2.299591064 -0.001184770 0.999977529 0.006595243 -0.408717155 0.069482356 -0.006496989 0.997562170 39.874671936
0.997571349 0.001695200 -0.069630742 -2.374515295 -0.001277996 0.999980927 0.006035774 -0.417170167 0.069639653 -0.005932128 0.997554600 40.876811981
0.997570872 0.001690760 -0.069638990 -2.446956635 -0.001394799 0.999989808 0.004298344 -0.421920061 0.069645539 -0.004190769 0.997563064 41.865173340
0.997559905 0.003652711 -0.069720082 -2.523152590 -0.003515517 0.999991596 0.002090386 -0.424003363 0.069727138 -0.001840183 0.997564375 42.853012085
0.997488201 0.003137901 -0.070763052 -2.598116398 -0.002990091 0.999993145 0.002194641 -0.434933245 0.070769452 -0.001977541 0.997490764 43.844020844
0.997440577 0.001386856 -0.071486697 -2.663738012 -0.001103365 0.999991298 0.004004974 -0.462677091 0.071491629 -0.003915847 0.997433484 44.848255157
0.997392237 0.001832022 -0.072148539 -2.746088505 -0.001473030 0.999986231 0.005028629 -0.470449865 0.072156779 -0.004909239 0.997381210 45.836986542
0.997378647 0.004641869 -0.072209321 -2.829502821 -0.004579413 0.999988914 0.001030457 -0.478675842 0.072213300 -0.000697079 0.997388959 46.806156158
0.997335315 0.004655787 -0.072804265 -2.913477182 -0.004889036 0.999983490 -0.003025908 -0.487782538 0.072788961 0.003373789 0.997341633 47.767444611
0.997199893 0.005601796 -0.074571796 -2.959037781 -0.005912758 0.999974728 -0.003949857 -0.498582929 0.074547768 0.004379721 0.997207820 48.748569489
0.997207284 0.004611121 -0.074542411 -3.039960146 -0.004649436 0.999989152 -0.000340483 -0.514781594 0.074540034 0.000686112 0.997217774 49.727622986
0.997169375 0.002550166 -0.075144090 -3.105813503 -0.002335538 0.999992967 0.002943957 -0.531939685 0.075151064 -0.002760123 0.997168362 50.705741882
0.997191966 0.001086481 -0.074879602 -3.182808161 -0.000856683 0.999994814 0.003100944 -0.541460097 0.074882582 -0.003028088 0.997187734 51.663158417
0.997163773 -0.001875073 -0.075238742 -3.251976967 0.002015817 0.999996305 0.001794734 -0.553788424 0.075235099 -0.001941311 0.997163951 52.620746613
0.997120202 -0.006309998 -0.075575881 -3.321639061 0.006395461 0.999979138 0.000888830 -0.566004038 0.075568706 -0.001369613 0.997139633 53.566207886
0.997038066 -0.007735453 -0.076520197 -3.394603252 0.007919991 0.999966443 0.002108433 -0.577946484 0.076501325 -0.002708228 0.997065723 54.510467529
0.996888757 -0.010615534 -0.078103825 -3.463273525 0.011195919 0.999912858 0.006996823 -0.597689390 0.078022733 -0.007849497 0.996920586 55.463508606
0.996872306 -0.010938252 -0.078268133 -3.542753220 0.011928712 0.999854505 0.012198367 -0.609154403 0.078123316 -0.013093852 0.996857643 56.387832642
0.996846199 -0.009501091 -0.078786559 -3.621339560 0.010570517 0.999857426 0.013167784 -0.592889488 0.078650206 -0.013959069 0.996804535 57.366386414
0.996773720 -0.008393820 -0.079824172 -3.706026316 0.009162164 0.999915063 0.009264065 -0.598745465 0.079739645 -0.009965536 0.996765852 58.296283722
0.996676683 -0.007080337 -0.081150919 -3.790896893 0.007204868 0.999973238 0.001241829 -0.599527001 0.081139967 -0.001822384 0.996701062 59.226070404
0.996568143 -0.005526747 -0.082591631 -3.863264084 0.005256625 0.999980092 -0.003487665 -0.610528290 0.082609266 0.003041544 0.996577382 60.145866394
0.996517241 -0.001612462 -0.083370842 -3.950891972 0.001425878 0.999996364 -0.002297493 -0.624947488 0.083374217 0.002170615 0.996515930 61.045654297
0.996410608 0.001362796 -0.084641092 -4.032383919 -0.001353518 0.999999046 0.000167002 -0.645934999 0.084641226 -0.000051840 0.996411443 61.932834625
0.996287644 0.003600158 -0.086011879 -4.111708641 -0.003466955 0.999992549 0.001697972 -0.660026491 0.086017348 -0.001393469 0.996292651 62.806690216
0.996186674 0.003971212 -0.087157033 -4.191773415 -0.003835509 0.999991119 0.001724389 -0.674847662 0.087163106 -0.001383522 0.996193111 63.667758942
0.996022046 0.005182815 -0.088956624 -4.269942760 -0.004965302 0.999984145 0.002666268 -0.686936438 0.088969015 -0.002213966 0.996031940 64.513000488
0.995975554 0.007561148 -0.089305498 -4.364015102 -0.007356605 0.999969482 0.002619298 -0.699557245 0.089322574 -0.001951772 0.996000767 65.346496582
0.995829344 0.007749399 -0.090906560 -4.440886021 -0.007466057 0.999966204 0.003456490 -0.719461799 0.090930268 -0.002763361 0.995853364 66.165611267
0.995727360 0.007334891 -0.092049949 -4.516894341 -0.006954790 0.999965847 0.004449374 -0.728237450 0.092079461 -0.003790176 0.995744407 66.974433899
0.995577633 0.009567498 -0.093453772 -4.597175598 -0.008926705 0.999933720 0.007272415 -0.736109972 0.093517154 -0.006406020 0.995597064 67.776626587
0.995439529 0.011368605 -0.094714381 -4.677127838 -0.010343739 0.999882638 0.011304556 -0.745687068 0.094831780 -0.010273303 0.995440364 68.562957764
0.995240808 0.014922979 -0.096296258 -4.755175591 -0.013737785 0.999821663 0.012959095 -0.752803743 0.096472465 -0.011574524 0.995268345 69.325050354
0.995100439 0.017843416 -0.097244911 -4.850919247 -0.017064985 0.999815404 0.008830741 -0.758220017 0.097384520 -0.007127990 0.995221317 70.080535889
0.995004594 0.017482115 -0.098286770 -4.932231903 -0.017392302 0.999847233 0.001770553 -0.769762278 0.098302707 -0.000052274 0.995156586 70.801750183
0.994919956 0.017360130 -0.099160366 -5.014093399 -0.017852793 0.999832273 -0.004083094 -0.779612660 0.099072859 0.005832641 0.995063126 71.509063721
0.994857788 0.017633660 -0.099734560 -5.082394600 -0.018289877 0.999816656 -0.005669049 -0.782874465 0.099616326 0.007464032 0.994997919 72.200645447
0.994700313 0.020375822 -0.100777574 -5.144598484 -0.020674380 0.999784529 -0.001918926 -0.800423741 0.100716747 0.003992271 0.994907141 72.859779358
0.994511962 0.020091286 -0.102675386 -5.222182274 -0.020126034 0.999797225 0.000697611 -0.819011390 0.102668583 0.001372666 0.994714618 73.537048340
0.994471490 0.016990498 -0.103622466 -5.288913727 -0.017382098 0.999844790 -0.002877208 -0.828727901 0.103557505 0.004662478 0.994612515 74.164237976
0.994544268 0.009035874 -0.103923105 -5.338148117 -0.009933814 0.999917626 -0.008126106 -0.842368007 0.103841104 0.009114126 0.994552135 74.779357910
0.994638622 0.004878412 -0.103296392 -5.388775349 -0.006237916 0.999898195 -0.012842255 -0.857097328 0.103223227 0.013417759 0.994567811 75.379547119
0.994932353 0.007315680 -0.100280039 -5.449009895 -0.008691598 0.999873877 -0.013290722 -0.867065370 0.100170173 0.014094963 0.994870424 75.963668823
0.995305300 0.012462613 -0.095979355 -5.518366337 -0.013533859 0.999853075 -0.010518311 -0.877835810 0.095834166 0.011767900 0.995327830 76.539985657
0.995879114 0.010554699 -0.090074390 -5.593757629 -0.011284536 0.999907494 -0.007597178 -0.883240104 0.089985855 0.008582318 0.995906055 77.089393616
0.996379554 0.006943406 -0.084732123 -5.627090931 -0.007250923 0.999968290 -0.003322077 -0.896727085 0.084706351 0.003924437 0.996398211 77.638992310
0.997030318 0.002556385 -0.076968044 -5.652464390 -0.002524274 0.999996722 0.000514478 -0.917774796 0.076969102 -0.000318662 0.997033358 78.169845581
0.997781157 0.006149437 -0.066292979 -5.680102825 -0.006129498 0.999981165 0.000504146 -0.932344496 0.066294812 -0.000096684 0.997800052 78.689849854
0.998661160 0.011303125 -0.050478142 -5.718766212 -0.011311595 0.999936104 0.000117873 -0.944783628 0.050476234 0.000453274 0.998725176 79.184272766
0.999347210 0.016337320 -0.032220464 -5.735498428 -0.016321812 0.999866545 0.000744207 -0.952830017 0.032228306 -0.000217824 0.999480546 79.670936584
0.999830306 0.014924279 -0.010786491 -5.719601631 -0.014911192 0.999887943 0.001292875 -0.957982242 0.010804578 -0.001131816 0.999940991 80.145477295
0.999812186 0.011430523 0.015653078 -5.693984985 -0.011467811 0.999931693 0.002294437 -0.967303813 -0.015625782 -0.002473512 0.999874890 80.611038208
0.998920977 0.010101705 0.045331422 -5.654304981 -0.010283924 0.999939919 0.003788244 -0.976238012 -0.045290425 -0.004250341 0.998964906 81.066574097
0.996851206 0.009717836 0.078696914 -5.603246212 -0.010161323 0.999934673 0.005236880 -0.983918488 -0.078640878 -0.006020054 0.996884823 81.516899109
0.993239880 0.009323694 0.115705118 -5.522879601 -0.010058979 0.999932706 0.005772533 -0.992930770 -0.115643516 -0.006897385 0.993266761 81.947166443
0.987284780 0.010130906 0.158638239 -5.460023880 -0.010835238 0.999934912 0.003575564 -0.962545872 -0.158591688 -0.005248983 0.987330317 82.354858398
0.979016423 0.009756519 0.203547254 -5.341512680 -0.010737598 0.999935448 0.003716076 -0.973074913 -0.203497857 -0.005823709 0.979058087 82.773262024
0.967551351 0.011658588 0.252405077 -5.202514648 -0.012419841 0.999921858 0.001422938 -0.982212067 -0.252368778 -0.004511597 0.967620611 83.178794861
0.952333093 0.012654478 0.304797351 -5.038902283 -0.012881782 0.999916255 -0.001265330 -0.994061291 -0.304787874 -0.002721317 0.952416420 83.555770874
0.932659626 0.012920698 0.360526085 -4.864461899 -0.012598681 0.999915421 -0.003243379 -1.004249573 -0.360537469 -0.001517184 0.932743490 83.916923523
0.908556938 0.013386872 0.417546600 -4.661575317 -0.012468963 0.999910176 -0.004926172 -1.013277769 -0.417575002 -0.000730667 0.908642173 84.264129639
0.879501462 0.013444559 0.475706458 -4.444065094 -0.011615152 0.999909520 -0.006785282 -1.022386193 -0.475754678 0.000442262 0.879577935 84.597526550
0.846259296 0.012921879 0.532614708 -4.195922852 -0.008878140 0.999908984 -0.010152739 -1.017127037 -0.532697439 0.003863220 0.846296906 84.907287598
0.809899867 0.013141041 0.586420953 -3.914569855 -0.006933900 0.999893606 -0.012830169 -1.011719942 -0.586527228 0.006324969 0.809904933 85.209457397
0.769382298 0.012557562 0.638665140 -3.630813599 -0.006281387 0.999907136 -0.012093362 -1.019081116 -0.638757825 0.005292716 0.769389689 85.510955811
0.726297855 0.013292837 0.687251508 -3.346580505 -0.009293259 0.999911487 -0.009519059 -1.033995867 -0.687317252 0.000526868 0.726357222 85.765426636
0.678977907 0.009724585 0.734094322 -3.098159790 -0.002693484 0.999938548 -0.010754981 -1.013861656 -0.734153748 0.005325122 0.678962350 85.954582214
0.632014453 0.008341603 0.774911761 -2.783779144 0.000937100 0.999933124 -0.011528160 -1.025428772 -0.774956048 0.008012134 0.631964326 86.158081055
0.585310638 0.005711473 0.810789049 -2.452995300 0.006891903 0.999903977 -0.012018944 -1.035455346 -0.810779870 0.012622696 0.585215032 86.333915710
0.538438618 0.008117902 0.842625678 -2.116626740 0.005460021 0.999899030 -0.013122039 -1.041655421 -0.842647016 0.011666166 0.538339853 86.507232666
0.491200924 0.011133926 0.870975137 -1.774700165 0.002380938 0.999897420 -0.014124746 -1.049088120 -0.871042967 0.009011827 0.491124094 86.664848328
0.445068926 0.012799192 0.895404875 -1.446014404 0.001848325 0.999882638 -0.015211355 -1.067424417 -0.895494461 0.008425100 0.444992959 86.799980164
0.403215796 0.010536641 0.915044248 -1.074428558 0.009544495 0.999830842 -0.015718747 -1.071857691 -0.915055156 0.015071684 0.403047085 86.914100647
0.363065809 0.002642629 0.931759775 -0.708459854 0.025453404 0.999594688 -0.012753091 -1.077303886 -0.931415796 0.028346667 0.362851351 87.011322021
0.327956796 -0.000283125 0.944692612 -0.339210510 0.029221833 0.999524474 -0.009845007 -1.076080918 -0.944240689 0.030834390 0.327809036 87.100204468
0.292364836 0.003763089 0.956299424 0.050279617 0.020620883 0.999734938 -0.010238336 -1.118003964 -0.956084490 0.022713073 0.292209744 87.218955994
0.261488706 0.011331700 0.965140045 0.417211533 0.010169763 0.999843240 -0.014494481 -1.132322788 -0.965152979 0.013605392 0.261332482 87.312438965
0.232686222 0.015441231 0.972429276 0.796579361 0.005671275 0.999835432 -0.017233457 -1.150840521 -0.972535312 0.009524902 0.232560322 87.399620056
0.206720933 0.017281342 0.978247344 1.193384171 0.007186182 0.999790251 -0.019180477 -1.164511323 -0.978373587 0.010994868 0.206553355 87.469512939
0.183348984 0.018472210 0.982874274 1.596111298 0.014688876 0.999660373 -0.021527804 -1.176724672 -0.982938111 0.018384423 0.183015317 87.518371582
0.163451448 0.024453424 0.986248314 2.009391785 0.021599835 0.999364436 -0.028358385 -1.182179093 -0.986314893 0.025938019 0.162819371 87.562698364
0.143080696 0.030332098 0.989246070 2.438050270 0.023929000 0.999132097 -0.034096215 -1.191316605 -0.989421606 0.028550178 0.142230690 87.623672485
0.126253858 0.033305790 0.991438687 2.848209381 0.021583630 0.999107420 -0.036311954 -1.179699540 -0.991763115 0.025983375 0.125422314 87.648788452
0.110259503 0.028843652 0.993484199 3.302624702 0.019775817 0.999317288 -0.031207774 -1.203453302 -0.993706048 0.023087917 0.109613843 87.703536987
0.095593497 0.025797453 0.995086133 3.769644737 0.019971682 0.999413133 -0.027828224 -1.224745274 -0.995220065 0.022533739 0.095022216 87.743515015
0.082060829 0.023189981 0.996357560 4.262096882 0.022248197 0.999437511 -0.025094051 -1.245045662 -0.996378899 0.024226397 0.081498772 87.776664734
0.070181429 0.022854852 0.997272432 4.751530647 0.025801972 0.999361455 -0.024718501 -1.257055521 -0.997200489 0.027466374 0.069546923 87.801605225
0.061429713 0.022882324 0.997849047 5.261448860 0.028246226 0.999296904 -0.024654415 -1.274522662 -0.997711658 0.029699985 0.060740180 87.806968689
0.053162664 0.023514992 0.998308957 5.789786339 0.030149033 0.999229193 -0.025142185 -1.290226936 -0.998130560 0.031434678 0.052412733 87.838150024
0.047164351 0.024243735 0.998592913 6.330999374 0.031556435 0.999170244 -0.025748186 -1.305405974 -0.998388588 0.032726429 0.046360165 87.860664368
0.043217763 0.026178103 0.998722672 6.906979561 0.033469327 0.999057591 -0.027635202 -1.311237812 -0.998504937 0.034620900 0.042300873 87.865379333
0.034959603 0.027221400 0.999017954 7.497915268 0.033855740 0.999022961 -0.028406285 -1.326446891 -0.998815119 0.034815561 0.034003843 87.903259277
0.032270361 0.025388235 0.999156654 8.086557388 0.036979888 0.998962522 -0.026577663 -1.355906844 -0.998794854 0.037806377 0.031298026 87.896072388
0.029156908 0.024969934 0.999262810 8.707717896 0.038690478 0.998910606 -0.026090054 -1.378137946 -0.998825848 0.039422665 0.028159047 87.915191650
0.026064683 0.024799621 0.999352574 9.345252991 0.039565224 0.998883367 -0.025819894 -1.396856070 -0.998876929 0.040212587 0.025054373 87.931678772
0.024327768 0.024507899 0.999403596 10.029157639 0.042265289 0.998780429 -0.025521446 -1.415666819 -0.998810172 0.042860959 0.023262264 87.939155579
0.023020193 0.024181493 0.999442458 10.718953133 0.045473248 0.998647332 -0.025209639 -1.437130570 -0.998700261 0.046028234 0.021889448 87.949844360
0.024049018 0.023732394 0.999429047 11.406899452 0.049001399 0.998488545 -0.024889171 -1.458330154 -0.998509109 0.049571984 0.022849750 87.967468262
0.027242597 0.024344955 0.999332368 12.130966187 0.050589390 0.998388767 -0.025701078 -1.469503880 -0.998347878 0.051255789 0.025967110 87.975746155
0.030528974 0.024842402 0.999225140 12.868959427 0.052568845 0.998267651 -0.026424717 -1.485800385 -0.998150527 0.053334814 0.029170146 88.000228882
0.035012446 0.023141190 0.999118865 13.610307693 0.053403098 0.998260200 -0.024992721 -1.519950032 -0.997958958 0.054231100 0.033715714 88.020164490
0.039100666 0.021356625 0.999006987 14.369832039 0.054929070 0.998213828 -0.023489572 -1.542740464 -0.997724354 0.055792984 0.037857734 88.055030823
0.043351874 0.020081870 0.998857975 15.146697998 0.054809231 0.998244345 -0.022448333 -1.561318278 -0.997555196 0.055719819 0.042175092 88.087730408
0.047239188 0.017746482 0.998725951 15.941133499 0.051782507 0.998454273 -0.020190934 -1.587999344 -0.997540474 0.052670345 0.046247218 88.135360718
0.051197089 0.016700745 0.998548925 16.738933563 0.051242381 0.998499215 -0.019327184 -1.609386683 -0.997373104 0.052157521 0.050264455 88.186645508
0.055366788 0.018051993 0.998302937 17.551757812 0.048728753 0.998596370 -0.020759841 -1.625343800 -0.997276366 0.049795464 0.054409422 88.240577698
0.058574934 0.021389134 0.998053789 18.336090088 0.045822822 0.998659015 -0.024091400 -1.665509224 -0.997230709 0.047144793 0.057516281 88.271591187
0.059574332 0.026404776 0.997874558 19.133865356 0.039920609 0.998787403 -0.028812235 -1.697875738 -0.997425258 0.041552238 0.058447991 88.337081909
0.059535258 0.029363949 0.997794330 19.935785294 0.037058029 0.998813152 -0.031605072 -1.732573032 -0.997538030 0.038857903 0.058376439 88.387954712
0.059939429 0.029009555 0.997780442 20.751983643 0.034410004 0.998923481 -0.031109890 -1.763325930 -0.997608721 0.036198337 0.058876678 88.436843872
0.059795033 0.027244102 0.997838736 21.587402344 0.031721581 0.999070764 -0.029178638 -1.797256708 -0.997706532 0.033397760 0.058875237 88.499679565
0.060162608 0.026881468 0.997826695 22.414146423 0.032749984 0.999045908 -0.028888941 -1.810160756 -0.997651160 0.034416836 0.059224848 88.544631958
0.060599312 0.026560666 0.997808754 23.237127304 0.030129274 0.999141693 -0.028425975 -1.841975570 -0.997707367 0.031785846 0.059747044 88.606620789
0.061092772 0.026832625 0.997771323 24.047651291 0.028336024 0.999189079 -0.028605746 -1.880525589 -0.997729838 0.030020477 0.060282897 88.657180786
0.060823012 0.027260484 0.997776270 24.844753265 0.025242954 0.999265134 -0.028839940 -1.918018341 -0.997829378 0.026940951 0.060090192 88.715950012
0.059361093 0.028325213 0.997834742 25.658626556 0.022654800 0.999301791 -0.029714590 -1.957803369 -0.997979462 0.024369642 0.058677945 88.778167725
0.056459200 0.027817257 0.998017371 26.472229004 0.019763017 0.999384761 -0.028973393 -1.992807627 -0.998209238 0.021359649 0.055874720 88.835456848
0.052410658 0.025663264 0.998295784 27.278820038 0.016034894 0.999519348 -0.026536549 -2.042572975 -0.998496890 0.017398363 0.051973946 88.866035461
0.046859834 0.023447189 0.998626292 28.089492798 0.013930244 0.999611974 -0.024124000 -2.073601723 -0.998804271 0.015041553 0.046515021 88.919555664
0.041152604 0.021832125 0.998914242 28.902732849 0.011148373 0.999688923 -0.022308338 -2.103290081 -0.999090731 0.012054313 0.040896408 88.956993103
0.033431612 0.024802685 0.999133229 29.717227936 0.013763435 0.999585807 -0.025274457 -2.095775366 -0.999346256 0.014596472 0.033076398 89.001289368
0.025613068 0.022003505 0.999429703 30.510623932 0.010585039 0.999695718 -0.022280628 -2.164172173 -0.999615848 0.011149677 0.025372367 88.990318298
0.015387560 0.022739826 0.999623001 31.309793472 0.011048967 0.999676406 -0.022911122 -2.187360525 -0.999820590 0.011397344 0.015131329 89.008728027
0.004975347 0.022036050 0.999744833 32.101448059 0.012760458 0.999674320 -0.022098003 -2.215144873 -0.999906242 0.012867144 0.004692536 89.012802124
-0.004673754 0.020629261 0.999776244 32.919803619 0.012577523 0.999709249 -0.020569086 -2.247048855 -0.999909997 0.012478572 -0.004931860 89.007553101
-0.016865944 0.019754872 0.999662578 33.694053650 0.014091443 0.999710202 -0.019518066 -2.274898052 -0.999758482 0.013757498 -0.017139431 89.000259399
-0.027835330 0.020415744 0.999404013 34.482383728 0.014099847 0.999700010 -0.020029083 -2.299932003 -0.999513090 0.013533929 -0.028114833 88.980758667
-0.039026551 0.020993171 0.999017656 35.245651245 0.014233788 0.999689579 -0.020451251 -2.331008434 -0.999136806 0.013421665 -0.039313249 88.952293396
-0.049281493 0.021379057 0.998556077 36.006355286 0.013459948 0.999694228 -0.020739142 -2.359688997 -0.998694181 0.012418457 -0.049554203 88.898925781
-0.059200812 0.022571119 0.997990847 36.768920898 0.014602047 0.999656975 -0.021742607 -2.383534431 -0.998139322 0.013285530 -0.059510093 88.846534729
-0.069162078 0.022985110 0.997340620 37.530323029 0.015460812 0.999639153 -0.021965927 -2.414800406 -0.997485638 0.013900488 -0.069492489 88.798896790
-0.078887984 0.023404751 0.996608675 38.282192230 0.016031571 0.999624848 -0.022206580 -2.443418503 -0.996754587 0.014225374 -0.079233609 88.743995667
-0.087892137 0.024009250 0.995840549 39.050857544 0.016851857 0.999602377 -0.022612603 -2.468647957 -0.995987415 0.014794294 -0.088261776 88.658500671
-0.096449070 0.023647152 0.995056987 39.795219421 0.018141877 0.999593496 -0.021996498 -2.493983746 -0.995172560 0.015930660 -0.096838862 88.588142395
-0.104194954 0.022190250 0.994309366 40.521480560 0.019823534 0.999598801 -0.020230962 -2.524578094 -0.994359314 0.017602758 -0.104593046 88.511077881
-0.109273478 0.020786868 0.993794441 41.249168396 0.022487383 0.999577165 -0.018435204 -2.548868418 -0.993757308 0.020333353 -0.109694727 88.425209045
-0.113030575 0.019200776 0.993405938 41.969440460 0.025362939 0.999543250 -0.016433584 -2.574404478 -0.993267715 0.023338193 -0.113465942 88.339424133
-0.115372263 0.018004000 0.993159175 42.636127472 0.027534241 0.999509513 -0.014920551 -2.601006746 -0.992940605 0.025624463 -0.115811393 88.241226196
-0.116644248 0.017130017 0.993026018 43.317565918 0.027828563 0.999515057 -0.013973119 -2.623664141 -0.992783844 0.026004603 -0.117064394 88.159194946
-0.117929727 0.017353486 0.992870271 43.996246338 0.028208027 0.999502301 -0.014118951 -2.649856567 -0.992621243 0.026341865 -0.118360542 88.091003418
-0.117127672 0.018615032 0.992942393 44.673019409 0.028674297 0.999470890 -0.015354997 -2.662270546 -0.992702842 0.026673431 -0.117599465 88.007705688
-0.113979436 0.020161778 0.993278503 45.313194275 0.029679785 0.999416888 -0.016880602 -2.686986685 -0.993039727 0.027556252 -0.114511363 87.936897278
-0.109027416 0.020791579 0.993821204 45.935405731 0.029541204 0.999407411 -0.017667621 -2.706342697 -0.993599713 0.027432423 -0.109577015 87.878005981
-0.101050846 0.021410042 0.994650900 46.532764435 0.028792549 0.999412537 -0.018587381 -2.730986118 -0.994464576 0.026760263 -0.101607949 87.827560425
-0.090338841 0.021164207 0.995686173 47.122444153 0.027435372 0.999447644 -0.018754946 -2.755791426 -0.995533109 0.025622729 -0.090869583 87.784347534
-0.076869354 0.021496223 0.996809423 47.679962158 0.026268309 0.999464273 -0.019527784 -2.778119326 -0.996695161 0.024683414 -0.077392824 87.757987976
-0.059457485 0.022773392 0.997970998 48.227397919 0.025403244 0.999450505 -0.021293670 -2.801355600 -0.997907519 0.024085632 -0.060003314 87.738014221
-0.037773013 0.024878101 0.998976588 48.746479034 0.023498617 0.999435723 -0.024001012 -2.828763008 -0.999009967 0.022567980 -0.038336303 87.715751648
-0.013344470 0.027971642 0.999519587 49.269210815 0.021585578 0.999383807 -0.027679650 -2.850276470 -0.999677956 0.021205841 -0.013940027 87.732856750
0.014969792 0.029864999 0.999441862 49.790126801 0.019589206 0.999353230 -0.030155763 -2.870729446 -0.999696016 0.020029696 0.014375083 87.762283325
0.048179880 0.028786236 0.998423755 50.293521881 0.017426532 0.999408305 -0.029655553 -2.898465395 -0.998686671 0.018827867 0.047649726 87.804130554
0.086745441 0.026460333 0.995879054 50.763031006 0.016219785 0.999477208 -0.027968751 -2.917967081 -0.996098459 0.018579109 0.086270913 87.853683472
0.129212797 0.022634493 0.991358519 51.252971649 0.014532432 0.999588847 -0.024716550 -2.938657284 -0.991510451 0.017600548 0.128830761 87.936103821
0.174280971 0.018094709 0.984529674 51.751914978 0.011292601 0.999728799 -0.020373065 -2.962778807 -0.984631240 0.014668542 0.174029350 88.054840088
0.222128853 0.015026716 0.974901497 52.283374786 0.006290423 0.999838352 -0.016844338 -2.972518921 -0.974997044 0.009874157 0.221998423 88.214141846
0.273918450 0.014021655 0.961650729 52.751655579 0.002156371 0.999882281 -0.015193327 -2.985249519 -0.961750507 0.006235409 0.273855954 88.382461548
0.328800797 0.014068373 0.944294572 53.219696045 0.001383684 0.999880850 -0.015378309 -2.995840311 -0.944398284 0.006363006 0.328742117 88.576683044
0.385884494 0.015739521 0.922412872 53.670982361 0.003235161 0.999825239 -0.018413847 -2.999260902 -0.922541499 0.010089772 0.385766149 88.811950684
0.444351643 0.018725058 0.895656705 54.061767578 0.005083199 0.999712765 -0.023422377 -3.016278744 -0.895838022 0.014960573 0.444128782 89.057098389
0.504718721 0.021496238 0.863016069 54.445056915 0.006004030 0.999578357 -0.028409107 -3.044677496 -0.863262951 0.019520184 0.504376769 89.316955566
0.563485801 0.026646659 0.825695872 54.818115234 0.001770783 0.999438465 -0.033462085 -3.046636820 -0.826123834 0.020317536 0.563122153 89.612731934
0.619528830 0.028923757 0.784440935 55.178413391 -0.002191648 0.999380767 -0.035118081 -3.070560694 -0.784970880 0.020037446 0.619208515 89.947593689
0.674015045 0.029364329 0.738133729 55.514411926 -0.003999534 0.999340117 -0.036103487 -3.092589378 -0.738706827 0.021382101 0.673687577 90.278030396
0.722947657 0.023609802 0.690499246 55.770294189 -0.000242607 0.999424577 -0.033918679 -3.125022888 -0.690902710 0.024353910 0.722537398 90.593467712
0.769475460 0.019492133 0.638378859 56.057918549 -0.002274550 0.999611437 -0.027780285 -3.152284861 -0.638672352 0.019924223 0.769220829 90.972167969
0.812122941 0.014120996 0.583315432 56.325843811 -0.003128712 0.999798119 -0.019847313 -3.177583694 -0.583477795 0.014293433 0.812003136 91.376586914
0.851552188 0.019563474 0.523904622 56.596706390 -0.009751362 0.999721587 -0.021481454 -3.107488632 -0.524179041 0.013183799 0.851505995 91.783622742
0.877171278 0.008398577 0.480103910 56.724380493 -0.002517861 0.999913752 -0.012891495 -3.120635509 -0.480170697 0.010099215 0.877116919 92.298019409
0.903377235 0.009652769 0.428738087 56.894851685 -0.006685065 0.999942124 -0.008427231 -3.128590345 -0.428794622 0.004746829 0.903389573 92.737136841
0.923462927 0.011957845 0.383501381 57.024543762 -0.010953180 0.999928474 -0.004803460 -3.148847818 -0.383531392 0.000235259 0.923527777 93.170478821
0.939142764 0.017482424 0.343081921 57.149063110 -0.018048897 0.999835908 -0.001542094 -3.166306973 -0.343052626 -0.004744002 0.939304233 93.633476257
0.951717138 0.020969100 0.306259215 57.284381866 -0.021372430 0.999769449 -0.002036689 -3.174188137 -0.306231320 -0.004607149 0.951946020 94.102272034
0.960320830 0.021769322 0.278046668 57.366363525 -0.022128798 0.999753356 -0.001845766 -3.181097746 -0.278018355 -0.004380310 0.960565805 94.526275635
0.966515899 0.017110161 0.256035715 57.480049133 -0.016959604 0.999852359 -0.002796105 -3.178234339 -0.256045729 -0.001639786 0.966663301 95.002731323
0.970791757 0.014410531 0.239490464 57.602691650 -0.014287790 0.999895394 -0.002248728 -3.186696529 -0.239497811 -0.001238744 0.970896184 95.486122131
0.973892152 0.020383481 0.226094410 57.707836151 -0.019922238 0.999792099 -0.004321804 -3.178321600 -0.226135552 -0.000295336 0.974095821 95.986785889
0.975882530 0.025950532 0.216748253 57.797424316 -0.025573201 0.999662578 -0.004545999 -3.170656919 -0.216793120 -0.001106586 0.976216972 96.488601685
0.976699531 0.031863488 0.212232575 57.875633240 -0.032037154 0.999483228 -0.002621433 -3.211642504 -0.212206423 -0.004238975 0.977215588 96.986236572
0.977109849 0.038481463 0.209226042 57.972229004 -0.037913240 0.999258339 -0.006727302 -3.217135906 -0.209329739 -0.001359124 0.977844179 97.509704590
0.977133751 0.040128842 0.208804682 58.077236176 -0.039169800 0.999194384 -0.008727750 -3.233767986 -0.208986714 0.000349343 0.977918327 98.039192200
0.976715982 0.038847052 0.210990295 58.198692322 -0.037149515 0.999237537 -0.012004876 -3.248881817 -0.211295769 0.003887166 0.977414489 98.572669983
0.976285338 0.035939071 0.213484317 58.343173981 -0.032758161 0.999293566 -0.018419975 -3.246256828 -0.213995546 0.010989799 0.976772785 99.096900940
0.974646628 0.036269922 0.220790520 58.430274963 -0.031726524 0.999206245 -0.024090616 -3.248422146 -0.221489027 0.016474918 0.975023687 99.666282654
0.973909855 0.040369123 0.223315686 58.572795868 -0.036143094 0.999082386 -0.022980761 -3.273187399 -0.224038512 0.014309873 0.974475205 100.248275757
0.972354531 0.043259859 0.229467764 58.692451477 -0.039912216 0.999018490 -0.019212220 -3.286967993 -0.230073661 0.009522524 0.973126650 100.846504211
0.971880019 0.040809501 0.231913283 58.866485596 -0.038515329 0.999154091 -0.014413554 -3.303264141 -0.232305303 0.005076032 0.972629726 101.427185059
0.970931053 0.036227982 0.236601725 59.007183075 -0.035125013 0.999343574 -0.008876649 -3.319099903 -0.236767977 0.000307976 0.971566141 102.051704407
0.969999373 0.033702478 0.240759686 59.158737183 -0.033731584 0.999422908 -0.004001531 -3.332946062 -0.240755618 -0.004239723 0.970576525 102.671607971
0.969305277 0.030175479 0.244001299 59.314849854 -0.030361952 0.999534428 -0.002997626 -3.342319727 -0.243978143 -0.004502742 0.969770253 103.289703369
0.969299614 0.026845422 0.244412944 59.478752136 -0.025990931 0.999639630 -0.006721209 -3.349091053 -0.244505286 0.000162346 0.969647944 103.931465149
0.969429433 0.026194127 0.243968204 59.639778137 -0.023597334 0.999629617 -0.013561072 -3.362280846 -0.244233042 0.007389504 0.969688356 104.576400757
0.969595850 0.028719671 0.243020743 59.800178528 -0.024595650 0.999497712 -0.019987606 -3.377574682 -0.243472695 0.013402648 0.969815075 105.233367920
0.970165789 0.031691328 0.240362331 59.968139648 -0.026776191 0.999360681 -0.023688124 -3.388715982 -0.240959361 0.016545422 0.970394135 105.906745911
0.970630765 0.031156709 0.238547698 60.123180389 -0.027312923 0.999438584 -0.019402621 -3.401351929 -0.239018321 0.012317350 0.970936954 106.602645874
0.970996976 0.027106300 0.237550169 60.291374207 -0.025006087 0.999616981 -0.011850469 -3.416804314 -0.237780437 0.005566569 0.971302986 107.312232971
0.971552193 0.027793689 0.235189199 60.459541321 -0.027171724 0.999613464 -0.005885475 -3.435403347 -0.235261872 -0.000672449 0.971931815 108.028373718
0.971928477 0.030806236 0.233251035 60.624465942 -0.029936453 0.999525368 -0.007269106 -3.445305109 -0.233364224 0.000082343 0.972389400 108.749229431
0.972149849 0.036912452 0.231435016 60.782268524 -0.035090022 0.999312282 -0.011987409 -3.455919981 -0.231718332 0.003532497 0.972776532 109.485389709
0.973041236 0.038563665 0.227384061 60.949443817 -0.035555486 0.999217749 -0.017312296 -3.469381332 -0.227873772 0.008760829 0.973651290 110.210899353
0.974096537 0.036821522 0.223114640 61.123298645 -0.033307284 0.999254942 -0.019494841 -3.490274429 -0.223666251 0.011558517 0.974597275 110.941307068
0.975202262 0.034837075 0.218556702 61.302345276 -0.031640168 0.999335170 -0.018111367 -3.504097939 -0.219042361 0.010747077 0.975656152 111.717292786
0.975773633 0.032074295 0.216418505 61.460273743 -0.029373467 0.999445379 -0.015685609 -3.524838448 -0.216801554 0.008948642 0.976174772 112.488327026
0.976211131 0.031313922 0.214549109 61.631980896 -0.029275279 0.999491036 -0.012673704 -3.545806408 -0.214836761 0.006091225 0.976630986 113.280632019
0.976707220 0.025870766 0.213010982 61.805343628 -0.024193021 0.999652386 -0.010479599 -3.564274788 -0.213208064 0.005082119 0.976993561 114.073059082
0.976992488 0.020394024 0.212296456 61.986507416 -0.018938042 0.999781191 -0.008889613 -3.581054688 -0.212431312 0.004664605 0.977164865 114.878433228
0.977122664 0.021200616 0.211617306 62.162815094 -0.020015631 0.999769628 -0.007740430 -3.592002153 -0.211732686 0.003327695 0.977321982 115.679450989
0.976874709 0.026916545 0.212111920 62.324150085 -0.025388256 0.999628305 -0.009925904 -3.604209423 -0.212300286 0.004311210 0.977195024 116.494377136
0.976574421 0.032937326 0.212644741 62.489551544 -0.030864013 0.999438167 -0.013063227 -3.624723196 -0.212955579 0.006194141 0.977042258 117.304244995
0.976063848 0.041464467 0.213494867 62.656162262 -0.039272122 0.999123335 -0.014501563 -3.644404888 -0.213908970 0.005770055 0.976836681 118.121032715
0.975181878 0.047459576 0.216258913 62.831047058 -0.045532465 0.998866320 -0.013887691 -3.665891647 -0.216672838 0.003696224 0.976237297 118.934303284
0.974361241 0.049918026 0.219381914 63.004295349 -0.048401516 0.998752415 -0.012285379 -3.681966782 -0.219721466 0.001351980 0.975561738 119.767410278
0.973778546 0.050532982 0.221814781 63.189105988 -0.048931107 0.998721182 -0.012714647 -3.708202362 -0.222173646 0.001527607 0.975005925 120.601119995
0.973344326 0.049042661 0.224044144 63.372833252 -0.046766024 0.998786271 -0.015459880 -3.729399681 -0.224530399 0.004570132 0.974456310 121.444900513
0.973399401 0.042777382 0.225085616 63.573150635 -0.040633637 0.999073923 -0.014150171 -3.749962330 -0.225482449 0.004627720 0.974236190 122.287315369
0.973567605 0.035731513 0.225587219 63.769393921 -0.033034578 0.999330580 -0.015719881 -3.774466753 -0.225997925 0.007852187 0.974096119 123.126182556
0.973257184 0.035203647 0.227004901 63.959796906 -0.032496564 0.999349296 -0.015652616 -3.800499439 -0.227408171 0.007857143 0.973767817 123.964172363
0.972850800 0.037173484 0.228428334 64.151489258 -0.035123680 0.999297976 -0.013033786 -3.817915916 -0.228752494 0.004656685 0.973473430 124.771354675
0.972446680 0.039189182 0.229807794 64.334869385 -0.038579796 0.999229968 -0.007145995 -3.837649107 -0.229910880 -0.001916839 0.973209739 125.612434387
0.972115517 0.042415198 0.230635241 64.527198792 -0.042913843 0.999074757 -0.002856191 -3.860175133 -0.230542973 -0.007120897 0.973036051 126.449043274
0.971802711 0.041681699 0.232082441 64.713645935 -0.040610746 0.999130845 -0.009392550 -3.881228447 -0.232272238 -0.000297336 0.972650707 127.275444031
0.972110510 0.038107272 0.231406242 64.913681030 -0.033539876 0.999157608 -0.023641136 -3.903418541 -0.232112244 0.015220460 0.972569942 128.080276489
