1.000000000 0.000000000 0.000000000 0.000000000 0.000000000 1.000000000 0.000000000 0.000000000 0.000000000 0.000000000 1.000000000 0.000000000
0.999989510 -0.003184117 -0.003299418 -0.003411674 0.003177365 0.999992847 -0.002049503 -0.004102976 0.003305920 0.002038998 0.999992371 0.674006164
0.999973118 -0.001543800 -0.007165974 -0.016838774 0.001516896 0.999991715 -0.003758329 -0.006550274 0.007171716 0.003747358 0.999967277 1.362504482
0.999938011 -0.001311311 -0.011056191 -0.032214515 0.001252691 0.999985158 -0.005307260 -0.007183055 0.011062986 0.005293082 0.999924779 2.065262079
0.999868453 -0.000461253 -0.016209813 -0.045228705 0.000369054 0.999983847 -0.005690394 -0.016046472 0.016212169 0.005683662 0.999852419 2.792533875
0.999790609 -0.001164523 -0.020430358 -0.064323246 0.001042461 0.999981523 -0.005984134 -0.023667499 0.020436954 0.005961583 0.999773383 3.536180735
0.999682665 0.000643584 -0.025183607 -0.086169273 -0.000833858 0.999971211 -0.007545712 -0.025798678 0.025178025 0.007564317 0.999654353 4.288146496
0.999541700 0.003110628 -0.030109821 -0.118353404 -0.003363570 0.999959409 -0.008353656 -0.031329140 0.030082621 0.008451106 0.999511659 5.060961723
0.999405503 0.003782136 -0.034268547 -0.152701288 -0.004019832 0.999968350 -0.006870008 -0.037653718 0.034241471 0.007003677 0.999389052 5.846639156
0.999237418 0.002932754 -0.038936336 -0.185168102 -0.003091696 0.999987125 -0.004022524 -0.049466684 0.038924031 0.004139835 0.999233723 6.644877434
0.999099493 0.002485437 -0.042356115 -0.219793707 -0.002536426 0.999996126 -0.001150095 -0.061409112 0.042353097 0.001256492 0.999101877 7.455749035
0.998985708 0.003966809 -0.044853326 -0.264661193 -0.004059562 0.999989808 -0.001977033 -0.069249228 0.044845022 0.002157112 0.998991668 8.260683060
0.998877645 0.003490839 -0.047236145 -0.307020247 -0.003591109 0.999991477 -0.002038043 -0.076568365 0.047228631 0.002205385 0.998881698 9.092545509
0.998813987 0.000922230 -0.048678234 -0.352286637 -0.001063977 0.999995291 -0.002886077 -0.079836324 0.048675355 0.002934447 0.998810351 9.925660133
0.998679757 0.000133064 -0.051367786 -0.387053370 -0.000239274 0.999997854 -0.002061481 -0.086687580 0.051367406 0.002071051 0.998677671 10.774688721
0.998600066 -0.001669027 -0.052867930 -0.433700204 0.001553388 0.999996305 -0.002228350 -0.096364662 0.052871451 0.002143106 0.998599052 11.618723869
0.998508215 0.000960306 -0.054592919 -0.487309933 -0.001215330 0.999988496 -0.004638383 -0.107521638 0.054587845 0.004697812 0.998497903 12.477220535
0.998437226 0.001227498 -0.055871751 -0.543505549 -0.001645935 0.999970913 -0.007443846 -0.114262789 0.055860996 0.007524174 0.998410165 13.348500252
0.998319447 0.005343340 -0.057703134 -0.599535704 -0.005876592 0.999941528 -0.009075584 -0.128089666 0.057651263 0.009399430 0.998292506 14.218388557
0.998243749 0.006020222 -0.058932625 -0.655357957 -0.006522381 0.999943972 -0.008332261 -0.146007597 0.058879156 0.008702008 0.998227179 15.106310844
0.998167753 0.004900836 -0.060307160 -0.710017741 -0.005317195 0.999963105 -0.006745430 -0.160449833 0.060271874 0.007053736 0.998157084 15.998022079
0.998098552 0.005531580 -0.061388567 -0.774940848 -0.005896488 0.999965966 -0.005764676 -0.167012736 0.061354589 0.006115691 0.998097301 16.893114090
0.998042226 0.005455422 -0.062305383 -0.830907404 -0.005786079 0.999970138 -0.005127853 -0.189852625 0.062275540 0.005478318 0.998043954 17.801919937
0.997944236 0.005380213 -0.063861616 -0.892810225 -0.005783523 0.999964595 -0.006132206 -0.201485872 0.063826367 0.006488945 0.997939944 18.711053848
0.997863531 0.004056726 -0.065206029 -0.950667739 -0.004519874 0.999965608 -0.006956899 -0.213530153 0.065175563 0.007236761 0.997847557 19.620397568
0.997842133 0.003977951 -0.065538324 -1.014462709 -0.004324369 0.999977410 -0.005144731 -0.226363689 0.065516375 0.005417041 0.997836769 20.542928696
0.997838140 0.005201048 -0.065513603 -1.079939246 -0.005338334 0.999983907 -0.001920660 -0.236778036 0.065502569 0.002266241 0.997849762 21.472326279
0.997899473 0.005836374 -0.064518556 -1.143105030 -0.005720361 0.999981701 0.001982711 -0.249063551 0.064528942 -0.001609476 0.997914553 22.401588440
0.998000860 0.005324843 -0.062974870 -1.207607269 -0.005029955 0.999975622 0.004840254 -0.257144034 0.062999114 -0.004513816 0.998003364 23.336391449
0.998084605 0.005366555 -0.061629999 -1.264247656 -0.005015971 0.999970317 0.005841857 -0.266059309 0.061659526 -0.005521533 0.998081923 24.276350021
0.998199344 0.005250945 -0.059753772 -1.336588264 -0.005058365 0.999981463 0.003373707 -0.277238876 0.059770387 -0.003065376 0.998207390 25.211332321
0.998224974 0.005857313 -0.059265871 -1.388937116 -0.005976284 0.999980450 -0.001830359 -0.281509757 0.059253994 0.002181300 0.998240471 26.165523529
0.998307347 0.006311019 -0.057814151 -1.446562409 -0.006605814 0.999966085 -0.004909331 -0.286550581 0.057781205 0.005282931 0.998315275 27.100551605
0.998350263 0.003859072 -0.057286408 -1.499014854 -0.004087459 0.999984086 -0.003870111 -0.298795074 0.057270557 0.004097882 0.998350203 28.065135956
0.998350024 0.002422129 -0.057369135 -1.558568835 -0.002377166 0.999996841 0.000851990 -0.307634562 0.057371020 -0.000714209 0.998352647 29.033037186
0.998301566 -0.001222113 -0.058245450 -1.611369967 0.001475178 0.999989629 0.004301995 -0.319468796 0.058239583 -0.004380610 0.998293161 30.001605988
0.998186886 -0.008648771 -0.059565965 -1.657601476 0.008875001 0.999954343 0.003534443 -0.325538456 0.059532680 -0.004056682 0.998218119 30.975914001
0.998094678 -0.010857097 -0.060740516 -1.716530085 0.010869407 0.999940932 -0.000127753 -0.336553812 0.060738321 -0.000532704 0.998153567 31.947809219
0.998025775 -0.010335618 -0.061949383 -1.783420563 0.010094259 0.999940217 -0.004207771 -0.343961358 0.061989177 0.003574131 0.998070419 32.912105560
0.997917414 -0.008918422 -0.063884690 -1.855232835 0.008609029 0.999949872 -0.005116647 -0.353445023 0.063927129 0.004556006 0.997944117 33.892566681
0.997888625 -0.008650711 -0.064369664 -1.924331188 0.008428047 0.999957442 -0.003729895 -0.368002921 0.064399205 0.003179509 0.997919083 34.868995667
0.997803092 -0.005810639 -0.065992855 -1.991437197 0.005761814 0.999982893 -0.000930167 -0.380088627 0.065997124 0.000547885 0.997819662 35.872642517
0.997714818 -0.006037483 -0.067295909 -2.056222439 0.006089651 0.999981284 0.000570068 -0.393648684 0.067291200 -0.000978574 0.997732818 36.853633881
0.997664571 -0.004586776 -0.068149365 -2.128452301 0.004812859 0.999983430 0.003153653 -0.402210295 0.068133771 -0.003474281 0.997670174 37.829242706
0.997685909 -0.004648599 -0.067831531 -2.200820208 0.005081908 0.999967694 0.006216838 -0.412151039 0.067800440 -0.006547166 0.997677445 38.825698853
0.997659445 0.000804747 -0.068372913 -2.281244516 -0.000208589 0.999961853 0.008725903 -0.419797540 0.068377323 -0.008691218 0.997621655 39.811870575
0.997653484 0.000817477 -0.068459809 -2.355252743 -0.000302189 0.999971569 0.007536889 -0.419304073 0.068464026 -0.007498515 0.997625351 40.814327240
0.997627795 0.000219874 -0.068837337 -2.416312933 0.000214140 0.999980092 0.006297490 -0.424688846 0.068837367 -0.006297292 0.997608006 41.810878754
0.997648478 0.002502805 -0.068492316 -2.497440100 -0.002232055 0.999989390 0.004029239 -0.430438817 0.068501674 -0.003866884 0.997643530 42.803691864
0.997570395 0.001786351 -0.069641635 -2.567529917 -0.001482818 0.999989212 0.004409954 -0.441437364 0.069648750 -0.004295974 0.997562349 43.797794342
0.997488439 -0.000533573 -0.070827708 -2.635902643 0.000922502 0.999984682 0.005458615 -0.445040703 0.070823714 -0.005510244 0.997473657 44.788272858
0.997402072 -0.000099035 -0.072034173 -2.703416109 0.000590416 0.999976635 0.006800239 -0.459084153 0.072031833 -0.006825104 0.997378945 45.779037476
0.997363269 0.002030430 -0.072542131 -2.774913073 -0.001791889 0.999992788 0.003353236 -0.469241649 0.072548397 -0.003214408 0.997359693 46.760166168
0.997325957 0.002314475 -0.073043838 -2.859009027 -0.002377487 0.999996901 -0.000775729 -0.477757454 0.073041819 0.000947316 0.997328341 47.718997955
0.997290194 0.003228068 -0.073497035 -2.938427925 -0.003408709 0.999991477 -0.002332497 -0.481145918 0.073488891 0.002576707 0.997292697 48.695465088
0.997289121 0.001982819 -0.073555410 -3.016741276 -0.001869979 0.999997020 0.001602919 -0.500247061 0.073558360 -0.001461026 0.997289836 49.673557281
0.997224391 -0.000777236 -0.074450545 -3.070149422 0.001138640 0.999987721 0.004811952 -0.511967123 0.074445888 -0.004883369 0.997213066 50.644695282
0.997226954 -0.002323633 -0.074383445 -3.146074295 0.002720250 0.999982536 0.005231188 -0.520293832 0.074369989 -0.005419025 0.997215986 51.606391907
0.997211456 -0.005731207 -0.074406765 -3.222187042 0.006063995 0.999972522 0.004247406 -0.531140208 0.074380368 -0.004686764 0.997218907 52.568531036
0.997140706 -0.008214798 -0.075119346 -3.290980339 0.008461994 0.999959707 0.002973009 -0.543660283 0.075091921 -0.003600167 0.997170091 53.522380829
0.997058392 -0.010202799 -0.075962737 -3.364012718 0.010547544 0.999935806 0.004138565 -0.551759183 0.075915627 -0.004927611 0.997102082 54.466518402
0.996922135 -0.013341799 -0.077253692 -3.433073044 0.013999875 0.999870121 0.007983051 -0.554353714 0.077137142 -0.009040023 0.996979535 55.425838470
0.996906579 -0.014150606 -0.077311628 -3.517185211 0.015217721 0.999796569 0.013231085 -0.559670866 0.077108674 -0.014366664 0.996919215 56.378986359
0.996850312 -0.012093392 -0.078378946 -3.587728977 0.013278048 0.999805093 0.014610964 -0.552713215 0.078186966 -0.015605661 0.996816695 57.319629669
0.996769547 -0.010772310 -0.079589985 -3.665998936 0.011666516 0.999873877 0.010778701 -0.557820857 0.079463832 -0.011672416 0.996769488 58.252319336
0.996676028 -0.009156339 -0.080951273 -3.745606184 0.009451167 0.999950171 0.003259595 -0.568887353 0.080917396 -0.004013844 0.996712744 59.174880981
0.996623337 -0.007438452 -0.081771359 -3.825938225 0.007342779 0.999971986 -0.001470677 -0.578171968 0.081780016 0.000865282 0.996649981 60.086284637
0.996531665 -0.003410258 -0.083144180 -3.908214569 0.003387956 0.999994159 -0.000409332 -0.589832783 0.083145097 0.000126224 0.996537387 60.998451233
0.996495664 0.000359663 -0.083643757 -3.999540091 -0.000231760 0.999998808 0.001538846 -0.602203369 0.083644226 -0.001514068 0.996494532 61.886035919
0.996400774 0.002776100 -0.084721774 -4.078374386 -0.002522503 0.999992132 0.003100193 -0.617658854 0.084729694 -0.002875324 0.996399820 62.770072937
0.996299744 0.003515009 -0.085874625 -4.159283161 -0.003277737 0.999990344 0.002903844 -0.627143204 0.085883990 -0.002611625 0.996301711 63.643486023
0.996169508 0.005425010 -0.087273970 -4.245449066 -0.005147761 0.999980986 0.003401512 -0.632736206 0.087290771 -0.002939217 0.996178567 64.503730774
0.996060193 0.006340558 -0.088452734 -4.325935364 -0.005994823 0.999973297 0.004173793 -0.648378372 0.088476822 -0.003627090 0.996071637 65.339340210
0.995939195 0.006068155 -0.089823730 -4.404137611 -0.005670309 0.999972939 0.004683701 -0.659348369 0.089849703 -0.004155354 0.995946646 66.161155701
0.995821834 0.005744381 -0.091136366 -4.477892876 -0.005257257 0.999970615 0.005584147 -0.664036155 0.091165766 -0.005081689 0.995822728 66.971511841
0.995690763 0.008335293 -0.092360117 -4.563415051 -0.007587431 0.999935567 0.008445459 -0.673136294 0.092424564 -0.007708289 0.995689869 67.772621155
0.995553017 0.009943877 -0.093676344 -4.641126156 -0.008803864 0.999882162 0.012575111 -0.679670572 0.093790352 -0.011694476 0.995523274 68.555175781
0.995355129 0.012931415 -0.095398843 -4.723137856 -0.011601157 0.999827802 0.014485672 -0.686560631 0.095569730 -0.013311652 0.995333672 69.330993652
0.995205820 0.015896551 -0.096502341 -4.804542542 -0.014971972 0.999834895 0.010297458 -0.695312619 0.096650094 -0.008803261 0.995279491 70.078994751
0.995056570 0.015682664 -0.098063216 -4.877535820 -0.015477794 0.999876142 0.002849594 -0.701565683 0.098095752 -0.001317705 0.995176136 70.807067871
0.994915247 0.014684251 -0.099639706 -4.951327324 -0.015056529 0.999882162 -0.002985265 -0.707824290 0.099584125 0.004470313 0.995019019 71.518371582
0.994857132 0.015310066 -0.100124910 -5.026618958 -0.015808566 0.999866307 -0.004187247 -0.714968681 0.100047410 0.005748543 0.994966030 72.216117859
0.994751692 0.018172581 -0.100691557 -5.104792595 -0.018299555 0.999832511 -0.000337451 -0.734018385 0.100668564 0.002178291 0.994917572 72.881927490
0.994607985 0.018519821 -0.102038451 -5.176694870 -0.018432660 0.999828517 0.001797099 -0.745207191 0.102054223 0.000093431 0.994778812 73.541091919
0.994570971 0.015181116 -0.102946885 -5.243206501 -0.015409346 0.999880254 -0.001421970 -0.759373188 0.102912970 0.003000595 0.994685829 74.173767090
0.994645298 0.007160164 -0.103099339 -5.292519093 -0.007884110 0.999947011 -0.006616036 -0.773223639 0.103046477 0.007393456 0.994649053 74.778251648
0.994769990 0.003121682 -0.102092087 -5.350203514 -0.004321227 0.999924123 -0.011530587 -0.782394767 0.102048330 0.011911446 0.994708240 75.380569458
0.995123744 0.005379611 -0.098486818 -5.423075199 -0.006589987 0.999906659 -0.011968547 -0.789314270 0.098413244 0.012559212 0.995066464 75.964096069
0.995455742 0.010664521 -0.094625734 -5.478326321 -0.011510910 0.999898374 -0.008403255 -0.812489629 0.094526507 0.009454296 0.995477498 76.526832581
0.995880246 0.009004652 -0.090229236 -5.524308681 -0.009525335 0.999940276 -0.005341722 -0.822884917 0.090175726 0.006179180 0.995906711 77.087852478
0.996411204 0.005424913 -0.084470719 -5.558414459 -0.005538119 0.999983907 -0.001105923 -0.836177468 0.084463358 0.001569762 0.996425331 77.637603760
0.997057676 0.000574402 -0.076652341 -5.584531784 -0.000421510 0.999997795 0.002010767 -0.845510781 0.076653317 -0.001972542 0.997055829 78.166908264
0.997826099 0.004436584 -0.065752193 -5.622585773 -0.004312803 0.999988616 0.002024344 -0.858390450 0.065760404 -0.001736368 0.997833908 78.677078247
0.998670340 0.009654105 -0.050639629 -5.648066998 -0.009572420 0.999952376 0.001855369 -0.869349837 0.050655130 -0.001368158 0.998715222 79.192550659
0.999368489 0.014539368 -0.032421246 -5.661650658 -0.014481306 0.999893069 0.002025021 -0.869788885 0.032447219 -0.001554240 0.999472320 79.685997009
0.999863207 0.013185390 -0.009988148 -5.656806946 -0.013158094 0.999909461 0.002793855 -0.880459309 0.010024082 -0.002662047 0.999946237 80.173522949
0.999826312 0.009493384 0.016041648 -5.624690056 -0.009547711 0.999948919 0.003313393 -0.880811214 -0.016009383 -0.003465978 0.999865770 80.634269714
0.998944998 0.008943496 0.045043699 -5.580927372 -0.009201773 0.999942362 0.005529846 -0.895512640 -0.044991646 -0.005938494 0.998969734 81.075836182
0.996924877 0.008226275 0.077930778 -5.517623425 -0.008816548 0.999934971 0.007233281 -0.904772997 -0.077866204 -0.007898117 0.996932507 81.521965027
0.993262708 0.008073461 0.115602881 -5.444197655 -0.008967069 0.999933779 0.007212020 -0.904191256 -0.115537003 -0.008200048 0.993269324 81.968376160
0.987506926 0.007929203 0.157376081 -5.352182388 -0.009153994 0.999933183 0.007059267 -0.908283651 -0.157309592 -0.008411694 0.987513483 82.397331238
0.979326665 0.007848189 0.202132538 -5.238323212 -0.009541453 0.999927044 0.007403961 -0.919592619 -0.202059656 -0.009179537 0.979330122 82.796676636
0.967908621 0.009475974 0.251123667 -5.098106384 -0.011193722 0.999922633 0.005412699 -0.927821040 -0.251052946 -0.008050007 0.967939794 83.192893982
0.952637315 0.010896808 0.303913474 -4.934450150 -0.012176373 0.999923170 0.002315447 -0.931778550 -0.303864926 -0.005906344 0.952696800 83.576255798
0.933055401 0.010751936 0.359571815 -4.753969193 -0.011555027 0.999933243 0.000084165 -0.934683800 -0.359546870 -0.004233392 0.933117390 83.949882507
0.909000158 0.010431889 0.416665167 -4.558099747 -0.010895308 0.999939740 -0.001265829 -0.949463546 -0.416653335 -0.003389056 0.909059048 84.281585693
0.880024791 0.011290215 0.474793375 -4.355976105 -0.011187036 0.999932766 -0.003042560 -0.952475786 -0.474795878 -0.002634001 0.880092025 84.614097595
0.845995009 0.010359942 0.533090115 -4.133079529 -0.009290338 0.999945760 -0.004689266 -0.963969111 -0.533109844 -0.000985492 0.846045494 84.912048340
0.808892787 0.010509226 0.587862313 -3.876487732 -0.008201034 0.999944627 -0.006591488 -0.965278268 -0.587899148 0.000510727 0.808934152 85.200408936
0.768333972 0.009027395 0.639985502 -3.609092712 -0.007778189 0.999958336 -0.004766943 -0.982831240 -0.640001893 -0.001315324 0.768372238 85.474105835
0.727525949 0.008631527 0.686025858 -3.302330017 -0.008553049 0.999957263 -0.003510935 -0.981671870 -0.686026752 -0.003313316 0.727568746 85.695251465
0.682383716 0.007088358 0.730959713 -3.002834320 -0.007712590 0.999967039 -0.002496963 -0.994720876 -0.730953395 -0.003933705 0.682416081 85.919364929
0.636614561 0.005502013 0.771162450 -2.681491852 -0.003905835 0.999984682 -0.003910224 -0.999247015 -0.771172166 -0.000522727 0.636626422 86.113563538
0.591273963 0.001998986 0.806468248 -2.325447083 0.003054451 0.999984145 -0.004718067 -1.003522635 -0.806465030 0.005252988 0.591258585 86.294349670
0.542799652 0.006234603 0.839839041 -2.011470795 -0.000235263 0.999973476 -0.007271319 -0.999582052 -0.839862168 0.003749287 0.542786777 86.476348877
0.495451123 0.008653739 0.868592680 -1.671279907 -0.004036665 0.999962449 -0.007660027 -1.012758732 -0.868626356 0.000288951 0.495467484 86.637680054
0.450075924 0.010982643 0.892922759 -1.328300476 -0.004578691 0.999939620 -0.009991033 -1.017722368 -0.892978489 0.000408307 0.450099081 86.769950867
0.407667041 0.009028742 0.913086057 -0.978210449 0.003082983 0.999931753 -0.011263954 -1.016381502 -0.913125515 0.007406970 0.407611430 86.877563477
0.367427409 0.000714663 0.930051923 -0.616647720 0.017617557 0.999814987 -0.007728282 -1.030211449 -0.929885328 0.019224824 0.367346823 86.974319458
0.332682043 -0.002631618 0.943035364 -0.245767593 0.020666281 0.999776304 -0.004500647 -1.036224127 -0.942812741 0.020986317 0.332661957 87.065338135
0.299321890 0.001625244 0.954150856 0.119974136 0.018187212 0.999807119 -0.007408432 -1.040890336 -0.953978896 0.019570848 0.299234629 87.163108826
0.268230855 0.009357857 0.963309228 0.496143341 0.007796419 0.999898911 -0.011884191 -1.053511381 -0.963323116 0.010698069 0.268130869 87.266380310
0.239607275 0.013757322 0.970772445 0.876474380 0.003098484 0.999883652 -0.014934644 -1.069031000 -0.970864952 0.006586372 0.239536777 87.354568481
0.214220688 0.015317613 0.976665199 1.265365601 0.004097844 0.999854147 -0.016580116 -1.085234404 -0.976776719 0.007554025 0.214126676 87.417106628
0.190845326 0.016611282 0.981479585 1.669477463 0.011089683 0.999756515 -0.019076966 -1.095400095 -0.981557429 0.014525047 0.190614641 87.468170166
0.170650393 0.022823522 0.985067189 2.083698273 0.018102439 0.999490321 -0.026293714 -1.095640659 -0.985165358 0.022319153 0.170150235 87.517707825
0.150935322 0.029624717 0.988099635 2.504082680 0.020176439 0.999250293 -0.033041045 -1.096222997 -0.988337696 0.024923397 0.150224417 87.566856384
0.133334979 0.030357417 0.990605950 2.944017410 0.017421205 0.999304652 -0.032968868 -1.110658646 -0.990917921 0.021653455 0.132713422 87.621940613
0.117982291 0.025929196 0.992677212 3.402138710 0.015514908 0.999488831 -0.027951116 -1.134734869 -0.992894471 0.018699033 0.117519714 87.670509338
0.103491426 0.022643959 0.994372427 3.868668556 0.015717920 0.999578714 -0.024398388 -1.155060887 -0.994506121 0.018154493 0.103091910 87.711082458
0.090061240 0.020378673 0.995727718 4.350321293 0.018297615 0.999588013 -0.022112655 -1.169246674 -0.995768130 0.020210933 0.089651242 87.742675781
0.078714631 0.019532582 0.996705830 4.846263409 0.021887111 0.999533176 -0.021316521 -1.182257414 -0.996656895 0.023492932 0.078250378 87.768608093
0.068159617 0.020662902 0.997460425 5.357633114 0.024852563 0.999440074 -0.022402165 -1.194829226 -0.997364879 0.026316373 0.067607924 87.794410706
0.060733967 0.020495784 0.997943521 5.882376194 0.027173113 0.999384642 -0.022179114 -1.211338401 -0.997784019 0.028464256 0.060139656 87.819610596
0.055263940 0.020739678 0.998256385 6.430042267 0.029004298 0.999328971 -0.022367654 -1.225666046 -0.998050451 0.030189849 0.054625310 87.842628479
0.049667872 0.021838127 0.998526931 6.994499683 0.030244170 0.999269545 -0.023358746 -1.239835978 -0.998307765 0.031359799 0.048971120 87.866714478
0.043725960 0.022382671 0.998792827 7.575279713 0.030899687 0.999240518 -0.023745455 -1.257833004 -0.998565614 0.031900682 0.043001130 87.888862610
0.039139856 0.022377677 0.998983085 8.172840118 0.033740859 0.999149501 -0.023703359 -1.273611546 -0.998663843 0.034634300 0.038351525 87.908561707
0.036547322 0.022297317 0.999083161 8.795671463 0.035167392 0.999103129 -0.023584217 -1.290786028 -0.998712957 0.035997096 0.035730403 87.923736572
0.033686008 0.021878975 0.999192953 9.432119370 0.036370147 0.999071300 -0.023102464 -1.309229136 -0.998770475 0.037119016 0.032858990 87.940818787
0.031185800 0.021121057 0.999290407 10.085450172 0.038628817 0.999004304 -0.022320539 -1.328258276 -0.998766899 0.039297499 0.030338870 87.958793640
0.030593043 0.020765619 0.999316216 10.758362770 0.043128733 0.998825610 -0.022075767 -1.346760631 -0.998600960 0.043774612 0.029661521 87.970237732
0.031716425 0.020382421 0.999288976 11.445287704 0.046649326 0.998672307 -0.021850441 -1.363284111 -0.998407781 0.047309183 0.030723482 87.986114502
0.034090094 0.020550722 0.999207377 12.149863243 0.048136268 0.998594463 -0.022180388 -1.381109595 -0.998258889 0.048854250 0.033052944 88.009643555
0.038142122 0.019968711 0.999072790 12.870868683 0.050898682 0.998463690 -0.021899726 -1.407729149 -0.997975230 0.051686790 0.037067141 88.033149719
0.042478774 0.019066898 0.998915374 13.614391327 0.051151276 0.998465180 -0.021233505 -1.429347634 -0.997787178 0.051997777 0.041438274 88.068077087
0.046422090 0.017698277 0.998765111 14.368156433 0.052830968 0.998400211 -0.020147366 -1.449078918 -0.997523844 0.053701002 0.045412805 88.100059509
0.050535452 0.015966780 0.998594642 15.131648064 0.052568126 0.998443663 -0.018624660 -1.470809579 -0.997337759 0.053435460 0.049617451 88.140388489
0.054687019 0.013599485 0.998410881 15.909645081 0.049967825 0.998617232 -0.016339235 -1.492925406 -0.997252524 0.050781969 0.053931858 88.190177917
0.058644425 0.013096889 0.998193026 16.705640793 0.049050037 0.998668373 -0.015984844 -1.501362920 -0.997073114 0.049898826 0.057923935 88.244491577
0.062777072 0.014446619 0.997923017 17.500144958 0.046322048 0.998775423 -0.017372971 -1.516969919 -0.996951997 0.047316462 0.062031005 88.304611206
0.065702684 0.018147087 0.997674227 18.296562195 0.043701798 0.998822927 -0.021046000 -1.549412847 -0.996881723 0.044982940 0.064832300 88.360702515
0.067172110 0.023163078 0.997472525 19.095172882 0.038544592 0.998923957 -0.025792468 -1.574162841 -0.996996582 0.040179703 0.066207021 88.422630310
0.067250907 0.026208542 0.997391820 19.913070679 0.035332181 0.998965502 -0.028632227 -1.604160547 -0.997110307 0.037165582 0.066255338 88.481399536
0.067057766 0.025867246 0.997413754 20.720035553 0.033391718 0.999045730 -0.028154552 -1.629064441 -0.997190177 0.035193343 0.066130035 88.550857544
0.067562930 0.024292227 0.997419238 21.535232544 0.030369392 0.999190211 -0.026392514 -1.661765814 -0.997252703 0.032074172 0.066770479 88.602836609
0.067134112 0.023149183 0.997475386 22.356643677 0.030974902 0.999200583 -0.025273956 -1.690301418 -0.997263074 0.032593440 0.066363402 88.672386169
0.067763597 0.021912746 0.997460723 23.161664963 0.028651481 0.999303699 -0.023899700 -1.731811047 -0.997289956 0.030198256 0.067088589 88.720237732
0.067604028 0.022598760 0.997456193 23.979129791 0.027149856 0.999331534 -0.024481365 -1.757292747 -0.997342765 0.028735833 0.066945277 88.787101746
0.067459278 0.022904459 0.997459114 24.782176971 0.024093539 0.999407530 -0.024578674 -1.791938543 -0.997431099 0.025690379 0.066867456 88.848999023
0.066435285 0.024221953 0.997496605 25.597370148 0.021513846 0.999438047 -0.025701961 -1.823826551 -0.997558892 0.023167508 0.065876834 88.909217834
0.063474596 0.024002805 0.997694790 26.407558441 0.018182181 0.999516964 -0.025203418 -1.852897644 -0.997817934 0.019740045 0.063007504 88.965454102
0.060233533 0.022571072 0.997929156 27.221233368 0.015911553 0.999595582 -0.023569163 -1.882812500 -0.998057544 0.017298255 0.059850033 89.011734009
0.054766420 0.020538088 0.998287916 28.032520294 0.013536593 0.999681234 -0.021309376 -1.911900997 -0.998407364 0.014680456 0.054470953 89.069152832
0.048691202 0.018222883 0.998647690 28.848493576 0.011410612 0.999758124 -0.018799497 -1.939019918 -0.998748660 0.012310551 0.048471499 89.111274719
0.041216049 0.018694967 0.998975277 29.647249222 0.010971165 0.999756157 -0.019162232 -1.964349031 -0.999089956 0.011749714 0.041000888 89.145904541
0.032298379 0.019650334 0.999285102 30.446390152 0.010754665 0.999741912 -0.020006927 -1.991072297 -0.999420345 0.011393171 0.032078717 89.176193237
0.022572311 0.020097340 0.999543190 31.247411728 0.011038733 0.999731898 -0.020350419 -2.014968872 -0.999684393 0.011493046 0.022344410 89.191505432
0.012416249 0.019300297 0.999736607 32.043220520 0.012661655 0.999730468 -0.019457432 -2.039787292 -0.999842703 0.012899907 0.012168530 89.197624207
0.001436522 0.018161586 0.999834001 32.837272644 0.011568941 0.999767840 -0.018177003 -2.068140745 -0.999932051 0.011593130 0.001226078 89.201774597
-0.009856923 0.017811973 0.999792755 33.622737885 0.012682001 0.999763250 -0.017686408 -2.089668036 -0.999871016 0.012505039 -0.010080480 89.193725586
-0.020781860 0.018044025 0.999621212 34.402580261 0.012920611 0.999758422 -0.017777884 -2.115377665 -0.999700546 0.012546259 -0.021009980 89.175262451
-0.031834964 0.018672865 0.999318659 35.176906586 0.013061663 0.999747813 -0.018264787 -2.140151262 -0.999407768 0.012471306 -0.032070834 89.146926880
-0.042028628 0.019650083 0.998923182 35.951564789 0.012764066 0.999735534 -0.019129032 -2.168528795 -0.999034822 0.011946352 -0.042268332 89.107078552
-0.052420758 0.020523170 0.998414099 36.716625214 0.013475162 0.999712408 -0.019842355 -2.193193674 -0.998534143 0.012413643 -0.052682228 89.065086365
-0.061880253 0.021116296 0.997860134 37.475524902 0.014043336 0.999695659 -0.020284265 -2.220611811 -0.997984767 0.012758092 -0.062157962 89.010452271
-0.071470954 0.021826038 0.997203827 38.226867676 0.014169865 0.999681890 -0.020864706 -2.243320942 -0.997342050 0.012639024 -0.071757488 88.955169678
-0.080659077 0.022204313 0.996494412 38.969738007 0.015243931 0.999662399 -0.021041017 -2.270116568 -0.996625185 0.013493339 -0.080970325 88.892547607
-0.089770183 0.021268705 0.995735407 39.701843262 0.016574195 0.999665380 -0.019858411 -2.297664165 -0.995824575 0.014720818 -0.090092644 88.829391479
-0.096815027 0.020536670 0.995090425 40.438079834 0.018429918 0.999652624 -0.018837728 -2.322941065 -0.995131731 0.016515655 -0.097159870 88.749595642
-0.102060094 0.019249272 0.994591951 41.152080536 0.021418864 0.999623477 -0.017148757 -2.342898369 -0.994547606 0.019552827 -0.102433972 88.671005249
-0.105580486 0.017518423 0.994256437 41.859336853 0.024635477 0.999584019 -0.014996241 -2.366923332 -0.994105577 0.022910679 -0.105968155 88.583984375
-0.108555622 0.016535621 0.993952811 42.563385010 0.025997138 0.999566853 -0.013789713 -2.386493444 -0.993750393 0.024342971 -0.108938500 88.511726379
-0.110324696 0.015289241 0.993777990 43.255680084 0.026263060 0.999577403 -0.012462858 -2.410901070 -0.993548572 0.024724690 -0.110679626 88.436973572
-0.111208253 0.016257603 0.993664145 43.924968719 0.026977392 0.999547124 -0.013334616 -2.423313379 -0.993430853 0.025323549 -0.111596465 88.365440369
-0.110148035 0.016959962 0.993770421 44.570213318 0.027661540 0.999519408 -0.013992112 -2.449154377 -0.993530214 0.025948018 -0.110564232 88.290245056
-0.107273817 0.018695015 0.994053721 45.205101013 0.028690901 0.999465048 -0.015700592 -2.467550755 -0.993815482 0.026836034 -0.107752822 88.224327087
-0.102056339 0.019071624 0.994595706 45.823112488 0.028559584 0.999460280 -0.016234372 -2.489334822 -0.994368494 0.026748423 -0.102545917 88.164138794
-0.094157435 0.019834287 0.995359719 46.419429779 0.028185681 0.999453843 -0.017249607 -2.508876324 -0.995158255 0.026430717 -0.094665058 88.110702515
-0.082997918 0.019540999 0.996358156 47.003379822 0.027450899 0.999473155 -0.017315401 -2.533260345 -0.996171534 0.025913782 -0.083490610 88.068870544
-0.069219515 0.019922489 0.997402430 47.545307159 0.026427697 0.999486268 -0.018130034 -2.556125641 -0.997251332 0.025104096 -0.069710456 88.042160034
-0.051594235 0.021149201 0.998444140 48.084819794 0.025231486 0.999484181 -0.019867405 -2.578559160 -0.998349369 0.024167186 -0.052101251 88.022682190
-0.030297952 0.023733201 0.999259055 48.612358093 0.023524933 0.999458075 -0.023024643 -2.598863125 -0.999264061 0.022809904 -0.030839853 88.020393372
-0.005812118 0.026757808 0.999625027 49.136459351 0.021367701 0.999417007 -0.026628003 -2.621452570 -0.999754727 0.021204922 -0.006380484 88.036018372
0.022434875 0.028488500 0.999342263 49.650878906 0.019888695 0.999383330 -0.028936168 -2.641286373 -0.999550402 0.020524796 0.021854443 88.068847656
0.055653028 0.028579887 0.998041034 50.161106110 0.018052565 0.999398053 -0.029625399 -2.653661251 -0.998286903 0.019665945 0.055103593 88.114685059
0.093892492 0.025999820 0.995242774 50.667377472 0.017539732 0.999460518 -0.027764726 -2.673826694 -0.995427847 0.020063186 0.093385816 88.181777954
0.136392534 0.022433961 0.990400851 51.146453857 0.015554007 0.999571800 -0.024783708 -2.693938732 -0.990532756 0.018785015 0.135985181 88.262023926
0.182374060 0.018513395 0.983054996 51.640495300 0.013083899 0.999688447 -0.021253942 -2.709781885 -0.983142197 0.016738357 0.182075024 88.370079041
0.229761511 0.014766195 0.973134935 52.122085571 0.008257127 0.999819458 -0.017120643 -2.735114098 -0.973211944 0.011968964 0.229598075 88.526771545
0.282518327 0.013070350 0.959172845 52.590698242 0.004662437 0.999876678 -0.014998300 -2.751208782 -0.959250569 0.008709379 0.282422543 88.681411743
0.336105943 0.013139874 0.941732466 53.046272278 0.003619564 0.999877393 -0.015242988 -2.767458439 -0.941817224 0.008531922 0.336017102 88.887878418
0.395099938 0.013874245 0.918533266 53.484069824 0.005926407 0.999826670 -0.017651360 -2.777192593 -0.918619037 0.012417653 0.394949228 89.094108582
0.453451931 0.016669149 0.891124845 53.886032104 0.006473398 0.999737144 -0.021994837 -2.802589893 -0.891257226 0.015742207 0.453224808 89.351150513
0.513219833 0.019345315 0.858039260 54.282348633 0.007948635 0.999596000 -0.027291179 -2.823166370 -0.858220458 0.020826614 0.512858629 89.622619629
0.570459068 0.023496553 0.820989847 54.624092102 0.003814308 0.999504089 -0.031255942 -2.841909409 -0.821317196 0.020961735 0.570086598 89.917892456
0.626304507 0.026813470 0.779117227 54.967037201 -0.000034801 0.999409258 -0.034366887 -2.851192236 -0.779578507 0.021497022 0.625935495 90.245109558
0.678948283 0.027960328 0.733653486 55.282623291 -0.001844567 0.999336302 -0.036378771 -2.866150379 -0.734183788 0.023346033 0.678549290 90.589408875
0.727983654 0.025899837 0.685105085 55.580657959 -0.002272583 0.999371886 -0.035365619 -2.884814024 -0.685590744 0.024188634 0.727585256 90.948326111
0.773216188 0.022784323 0.633733034 55.845104218 -0.004481094 0.999525666 -0.030468142 -2.898738146 -0.634126663 0.020718636 0.772951543 91.331962585
0.814342499 0.017899631 0.580108523 56.089622498 -0.005125449 0.999707043 -0.023651648 -2.910123348 -0.580361962 0.016287221 0.814195752 91.741630554
0.850577354 0.015739881 0.525614262 56.295997620 -0.007623690 0.999816000 -0.017603107 -2.920597076 -0.525794685 0.010965681 0.850540757 92.160545349
0.881501079 0.013000304 0.472002923 56.481716156 -0.008975650 0.999901652 -0.010777427 -2.927427292 -0.472096622 0.005263781 0.881531060 92.594375610
0.906875193 0.013801163 0.421173155 56.637958527 -0.012797531 0.999904513 -0.005209455 -2.941226959 -0.421204865 -0.000665653 0.906965256 93.027862549
0.926507890 0.015443443 0.375958532 56.755424500 -0.016002368 0.999870598 -0.001636159 -2.958278894 -0.375935256 -0.004500314 0.926634967 93.432083130
0.941569924 0.020991098 0.336162865 56.869468689 -0.022685504 0.999742031 0.001113465 -2.967019558 -0.336052835 -0.008674431 0.941803157 93.888587952
0.953117490 0.026211083 0.301463097 56.971778870 -0.027507531 0.999621511 0.000055543 -2.970433474 -0.301347584 -0.008345446 0.953477859 94.344192505
0.962307870 0.028012913 0.270515919 57.083084106 -0.029153436 0.999574840 0.000198050 -2.972335100 -0.270395339 -0.008077053 0.962715507 94.806671143
0.968325973 0.022852100 0.248641133 57.194046021 -0.023686664 0.999719381 0.000364883 -2.974714041 -0.248563021 -0.006242805 0.968595564 95.273193359
0.972343802 0.019063560 0.232774720 57.300651550 -0.019902619 0.999801159 0.001256226 -2.983317852 -0.232704520 -0.005854310 0.972529888 95.755149841
0.975169420 0.023605572 0.220198721 57.397487640 -0.024366861 0.999702752 0.000741422 -2.984510899 -0.220115796 -0.006088564 0.975454748 96.242950439
0.977295220 0.028465411 0.209961191 57.496585846 -0.029332645 0.999569178 0.001016898 -2.981253624 -0.209841803 -0.007152527 0.977709174 96.749374390
0.978210211 0.036122300 0.204450220 57.578506470 -0.036852084 0.999320626 -0.000238035 -2.983083487 -0.204319924 -0.007301569 0.978876948 97.246017456
0.978597462 0.041378219 0.201580942 57.669971466 -0.041474726 0.999132454 -0.003746679 -2.988390684 -0.201561078 -0.004694023 0.979464769 97.762687683
0.978564680 0.043866895 0.201213196 57.769645691 -0.043450948 0.999034524 -0.006485505 -3.000587702 -0.201303437 -0.002396421 0.979526043 98.300056458
0.978173375 0.041562509 0.203591049 57.882896423 -0.040361945 0.999134541 -0.010047380 -3.005606651 -0.203832462 0.001610749 0.979004383 98.850425720
0.977423906 0.040265538 0.207415327 58.005867004 -0.037643548 0.999153793 -0.016574247 -3.011769295 -0.207907140 0.008392219 0.978112698 99.398002625
0.976596057 0.039914176 0.211345479 58.129032135 -0.036170006 0.999113202 -0.021553759 -3.015022755 -0.212018341 0.013404951 0.977173805 99.959945679
0.975346684 0.045491964 0.215938166 58.246967316 -0.042023577 0.998903573 -0.020628762 -3.036664486 -0.216639861 0.011045702 0.976189077 100.531524658
0.973885953 0.048394021 0.221820027 58.367298126 -0.045782357 0.998808384 -0.016903630 -3.043988228 -0.222373769 0.006306767 0.974941075 101.133857727
0.972973883 0.045786925 0.226330072 58.517032623 -0.044252992 0.998950064 -0.011849289 -3.063197136 -0.226634994 0.001513267 0.973978579 101.726081848
0.972380161 0.041116737 0.229752541 58.671443939 -0.040760882 0.999149024 -0.006296663 -3.075472355 -0.229815960 -0.003242167 0.973228633 102.335105896
0.971545398 0.038803536 0.233652949 58.820365906 -0.039490331 0.999218464 -0.001740052 -3.083944082 -0.233537868 -0.007536491 0.972318590 102.963500977
0.970983148 0.034296475 0.236675754 58.980316162 -0.035068359 0.999384463 -0.000948880 -3.094520330 -0.236562595 -0.007378485 0.971588254 103.586456299
0.971012235 0.030891214 0.237025574 59.140354156 -0.030742798 0.999517918 -0.004323159 -3.101230860 -0.237044886 -0.003088990 0.971493721 104.229240417
0.971194088 0.030088374 0.236382499 59.304172516 -0.028226422 0.999538183 -0.011257774 -3.113423347 -0.236612052 0.004261252 0.971594870 104.872161865
0.971287668 0.032551482 0.235670716 59.457702637 -0.029165015 0.999415398 -0.017841985 -3.122388840 -0.236113712 0.010456361 0.971669137 105.530517578
0.971844018 0.034960333 0.233017042 59.609123230 -0.030741228 0.999291480 -0.021714650 -3.134933472 -0.233611062 0.013940021 0.972230196 106.206436157
0.972450256 0.033237331 0.230728999 59.766826630 -0.030047908 0.999398291 -0.017324386 -3.145078182 -0.231165990 0.009914177 0.972863793 106.899276733
0.972874820 0.029699171 0.229417637 59.933769226 -0.028212139 0.999554336 -0.009759730 -3.161655426 -0.229605258 0.003022633 0.973279119 107.600929260
0.973516047 0.030122612 0.226625830 60.099220276 -0.030009454 0.999541879 -0.003945401 -3.175418854 -0.226640835 -0.002960007 0.973973870 108.323387146
0.973717451 0.033693228 0.225253478 60.251331329 -0.033540089 0.999427140 -0.004507649 -3.190395832 -0.225276336 -0.003165845 0.974289775 109.042747498
0.974048674 0.038940344 0.222963780 60.405864716 -0.037829265 0.999241352 -0.009253747 -3.200309038 -0.223154977 0.000579044 0.974782825 109.776359558
0.974889696 0.039766047 0.219109058 60.565486908 -0.037445635 0.999190152 -0.014734574 -3.209987640 -0.219517544 0.006159906 0.975589037 110.517425537
0.975835025 0.038409106 0.215106234 60.732311249 -0.035440233 0.999216139 -0.017643234 -3.222795486 -0.215615243 0.009593475 0.976431191 111.268676758
0.976730049 0.036065780 0.211418778 60.892604828 -0.033431299 0.999312580 -0.016023362 -3.240210533 -0.211851358 0.008582496 0.977264225 112.039352417
0.977577865 0.032331705 0.208077282 61.058456421 -0.030077031 0.999449611 -0.013991316 -3.257548332 -0.208415151 0.007419255 0.978012264 112.816841125
0.978028655 0.031176381 0.206126034 61.226478577 -0.029494306 0.999501884 -0.011228957 -3.274162054 -0.206373453 0.004902699 0.978461027 113.612075806
0.978370607 0.027731650 0.204992086 61.391777039 -0.026518537 0.999610722 -0.008663269 -3.289805412 -0.205152541 0.003039799 0.978725255 114.411842346
0.978541374 0.023177702 0.204742476 61.558708191 -0.022054568 0.999726653 -0.007766115 -3.299739122 -0.204866484 0.003083957 0.978785038 115.204101562
0.978692949 0.023404941 0.203990981 61.731021881 -0.022635989 0.999725103 -0.006102382 -3.316457033 -0.204077750 0.001354821 0.978953660 116.033126831
0.978525043 0.028899603 0.204092085 61.894439697 -0.027816633 0.999579549 -0.008173659 -3.328391314 -0.204242513 0.002320975 0.978917480 116.850425720
0.978236079 0.034276374 0.204644457 62.054557800 -0.032623515 0.999402165 -0.011446118 -3.345865250 -0.204914451 0.004520783 0.978769422 117.659744263
0.977663815 0.042954084 0.205739126 62.211296082 -0.041170511 0.999068260 -0.012944326 -3.359095097 -0.206103459 0.004184814 0.978521287 118.485824585
0.976771653 0.048587073 0.208701536 62.370243073 -0.047000892 0.998816013 -0.012555731 -3.374377251 -0.209064454 0.002454925 0.977898777 119.312255859
0.976005912 0.051504601 0.211565062 62.545749664 -0.050360739 0.998672664 -0.010795060 -3.391685963 -0.211840287 -0.000118533 0.977304280 120.166442871
0.975492358 0.052316871 0.213723272 62.728149414 -0.051064771 0.998630524 -0.011378878 -3.415606976 -0.214025870 0.000186278 0.976828039 120.991348267
0.975106478 0.050274882 0.215962812 62.901008606 -0.048345111 0.998729467 -0.014212570 -3.433536530 -0.216403022 0.003418022 0.976298094 121.828590393
0.975057960 0.044337183 0.217476889 63.093902588 -0.042463969 0.999009728 -0.013281619 -3.446357250 -0.217850387 0.003715416 0.975975096 122.667419434
0.975331128 0.037519887 0.217534781 63.284561157 -0.035126530 0.999272346 -0.014860120 -3.467060566 -0.217934042 0.006852298 0.975939453 123.497772217
0.975075006 0.036835451 0.218796551 63.469772339 -0.034386963 0.999296188 -0.014989545 -3.489708424 -0.219194695 0.007092181 0.975655377 124.325813293
0.974580407 0.039376695 0.220550448 63.661178589 -0.037670750 0.999218881 -0.011937232 -3.513240337 -0.220848218 0.003325492 0.975302517 125.172309875
0.974118769 0.041630384 0.222170264 63.835109711 -0.041277461 0.999128222 -0.006233703 -3.529990196 -0.222236097 -0.003098258 0.974987924 126.012748718
0.973730505 0.045101888 0.223192453 64.012733459 -0.045922387 0.998943806 -0.001515456 -3.556790590 -0.223025113 -0.008773885 0.974773228 126.844589233
0.973555803 0.044389162 0.224095240 64.203468323 -0.043630049 0.999012887 -0.008340444 -3.571925163 -0.224244297 -0.001657398 0.974531531 127.675613403
0.973822534 0.040457882 0.223679990 64.393882751 -0.036249753 0.999080539 -0.022889204 -3.593657494 -0.224400371 0.014181681 0.974393785 128.482238770
