1.000000000 0.000000000 0.000000000 0.000000000 0.000000000 1.000000000 0.000000000 0.000000000 0.000000000 0.000000000 1.000000000 0.000000000
0.999990666 -0.002911452 -0.003192305 -0.004591463 0.002904021 0.999993069 -0.002329887 -0.001743357 0.003199067 0.002320595 0.999992190 0.663755450
0.999975959 -0.001161959 -0.006836062 -0.024836538 0.001133578 0.999990730 -0.004153985 0.000345578 0.006840826 0.004146136 0.999968006 1.347205399
0.999939463 -0.001227312 -0.010934573 -0.037837309 0.001161837 0.999981371 -0.005992239 0.008356997 0.010941724 0.005979172 0.999922261 2.055230007
0.999882548 0.000559291 -0.015315932 -0.072855214 -0.000663127 0.999976827 -0.006775351 0.001324925 0.015311788 0.006784711 0.999859749 2.787405464
0.999802661 0.000377270 -0.019861957 -0.087203389 -0.000522533 0.999973153 -0.007308930 -0.006073134 0.019858666 0.007317866 0.999776016 3.524358162
0.999706812 0.001457750 -0.024169488 -0.118168128 -0.001656875 0.999964837 -0.008220705 -0.020391146 0.024156654 0.008258341 0.999674075 4.284141069
0.999573102 0.004597765 -0.028852626 -0.154340818 -0.004856071 0.999948701 -0.008888939 -0.028262266 0.028810277 0.009025254 0.999544152 5.054729118
0.999426870 0.004328904 -0.033573674 -0.178325025 -0.004566623 0.999965023 -0.007007054 -0.039071043 0.033542167 0.007156356 0.999411682 5.841331502
0.999278405 0.004170978 -0.037752771 -0.220456962 -0.004338844 0.999981058 -0.004365605 -0.051132292 0.037733847 0.004526258 0.999277574 6.641401893
0.999164514 0.004084367 -0.040664383 -0.271857607 -0.004162272 0.999989661 -0.001831315 -0.058007664 0.040656482 0.001999041 0.999171184 7.451077640
0.999035205 0.005650139 -0.043551534 -0.314417357 -0.005761921 0.999980419 -0.002441559 -0.069391747 0.043536886 0.002690144 0.999048198 8.273778054
0.998966090 0.005110353 -0.045173399 -0.365480324 -0.005242571 0.999982313 -0.002808919 -0.073749130 0.045158245 0.003042839 0.998975212 9.099684487
0.998897903 0.002302787 -0.046879380 -0.405431447 -0.002472140 0.999990626 -0.003554876 -0.077715459 0.046870754 0.003666851 0.998894232 9.933871497
0.998789989 0.002159246 -0.049131417 -0.447003898 -0.002328714 0.999991535 -0.003392300 -0.077333332 0.049123676 0.003502608 0.998786562 10.788870767
0.998724012 0.000305042 -0.050500049 -0.494206809 -0.000475598 0.999994224 -0.003365365 -0.091734904 0.050498730 0.003385088 0.998718388 11.648044936
0.998623068 0.002503487 -0.052399439 -0.543026089 -0.002804050 0.999980032 -0.005663274 -0.104588054 0.052384214 0.005802406 0.998610147 12.504138516
0.998545854 0.002892761 -0.053831312 -0.596293612 -0.003342472 0.999960250 -0.008265925 -0.113684611 0.053805260 0.008433834 0.998515831 13.370815812
0.998466003 0.007154006 -0.054904110 -0.660731565 -0.007721657 0.999918838 -0.010133775 -0.125274192 0.054827157 0.010542180 0.998440206 14.236902329
0.998402490 0.007969800 -0.055937021 -0.718385306 -0.008526957 0.999916317 -0.009728832 -0.141999042 0.055854803 0.010190263 0.998386899 15.117665861
0.998303444 0.006736207 -0.057834742 -0.767901119 -0.007234594 0.999938444 -0.008412374 -0.153437920 0.057774515 0.008816513 0.998290726 16.009702421
0.998217101 0.007489399 -0.059215946 -0.823867173 -0.007927598 0.999942881 -0.007168548 -0.164468353 0.059158876 0.007625207 0.998219457 16.907607730
0.998175207 0.007202639 -0.059953131 -0.884270169 -0.007628626 0.999947237 -0.006879479 -0.183309845 0.059900417 0.007324286 0.998177487 17.809631740
0.998074244 0.007171604 -0.061614705 -0.945062890 -0.007682522 0.999938012 -0.008059241 -0.194602046 0.061553087 0.008517078 0.998067471 18.711444218
0.998021838 0.006180597 -0.062563648 -1.005667391 -0.006744008 0.999938553 -0.008798230 -0.211847559 0.062505426 0.009202756 0.998002195 19.625402191
0.997983100 0.006278027 -0.063168971 -1.059087581 -0.006743106 0.999951689 -0.007151963 -0.228163671 0.063121019 0.007563493 0.997977219 20.543632745
0.997965127 0.007776188 -0.063286142 -1.121037656 -0.008029438 0.999960738 -0.003748308 -0.244901717 0.063254510 0.004248833 0.997988384 21.477657528
0.998009987 0.009020141 -0.062407554 -1.184065242 -0.009040749 0.999959130 -0.000047831 -0.259486701 0.062404571 0.000611947 0.998050748 22.406542264
0.998120070 0.008120068 -0.060748580 -1.240596396 -0.007981343 0.999964958 0.002525910 -0.267643340 0.060766962 -0.002036306 0.998149903 23.337608917
0.998239467 0.009026477 -0.058621583 -1.312551715 -0.008854247 0.999955690 0.003197078 -0.276549382 0.058647844 -0.002672400 0.998275157 24.283242370
0.998310776 0.009520783 -0.057314476 -1.368798573 -0.009502650 0.999954675 0.000588915 -0.291293688 0.057317485 -0.000043281 0.998356001 25.211926209
0.998324968 0.010384588 -0.056915887 -1.417240713 -0.010675100 0.999931486 -0.004802581 -0.294029724 0.056862115 0.005402120 0.998367426 26.155086249
0.998388534 0.009829361 -0.055890233 -1.471048617 -0.010280298 0.999916840 -0.007786475 -0.305994399 0.055809049 0.008348496 0.998406557 27.112664620
0.998436865 0.007590347 -0.055373402 -1.520160349 -0.007988750 0.999943749 -0.006977040 -0.321520928 0.055317329 0.007408499 0.998441339 28.069100861
0.998456169 0.006277230 -0.055189443 -1.581789515 -0.006421807 0.999976397 -0.002442701 -0.330398937 0.055172806 0.002793345 0.998472913 29.043665092
0.998417667 0.003175799 -0.056143359 -1.637053045 -0.003147017 0.999994867 0.000601058 -0.339304067 0.056144980 -0.000423422 0.998422537 30.031417907
0.998308089 -0.004281224 -0.057988193 -1.672781624 0.004288608 0.999990804 0.000002886 -0.351144687 0.057987647 -0.000251569 0.998317269 31.013509056
0.998195909 -0.005858522 -0.059754539 -1.722931706 0.005620128 0.999975567 -0.004156847 -0.361177061 0.059777432 0.003813519 0.998204446 31.982610346
0.998120509 -0.005317064 -0.061050628 -1.790881254 0.004827370 0.999955007 -0.008165818 -0.372504338 0.061091299 0.007855757 0.998101268 32.954921819
0.997995440 -0.003341792 -0.063197578 -1.859422233 0.002764530 0.999953678 -0.009219480 -0.390255310 0.063225460 0.009026287 0.997958450 33.922280578
0.997954250 -0.002978888 -0.063862679 -1.926041679 0.002479712 0.999965765 -0.007894243 -0.410589014 0.063884008 0.007719732 0.997927472 34.905391256
0.997861924 0.000482316 -0.065355555 -1.986998770 -0.000831086 0.999985560 -0.005309415 -0.428308832 0.065352051 0.005352379 0.997847915 35.878292972
0.997793838 0.001572939 -0.066370046 -2.055811056 -0.001843089 0.999990264 -0.004009331 -0.453848127 0.066363094 0.004122811 0.997787022 36.854809142
0.997724545 0.003665602 -0.067322329 -2.123772556 -0.003792739 0.999991257 -0.001760759 -0.466405172 0.067315286 0.002012089 0.997729725 37.824719198
0.997752804 0.003731681 -0.066898551 -2.195368036 -0.003657289 0.999992550 0.001234442 -0.483912288 0.066902659 -0.000987000 0.997759019 38.817824612
0.997673458 0.009220202 -0.067547459 -2.272229244 -0.008993802 0.999952875 0.003655057 -0.492186955 0.067577976 -0.003039044 0.997709367 39.807946873
0.997656081 0.009460908 -0.067770461 -2.344417919 -0.009309103 0.999953404 0.002555438 -0.499291391 0.067791480 -0.001918566 0.997697667 40.822130813
0.997676889 0.010373645 -0.067329133 -2.421463239 -0.010350113 0.999946192 0.000698330 -0.510295491 0.067332754 0.000000156 0.997730575 41.820299658
0.997674079 0.012047557 -0.067091643 -2.511560776 -0.012178970 0.999924632 -0.001550017 -0.516561672 0.067067912 0.002363519 0.997745613 42.822420250
0.997629310 0.011663781 -0.067821213 -2.582877771 -0.011780531 0.999929734 -0.001321733 -0.531883279 0.067801031 0.002117569 0.997696615 43.820724291
0.997578168 0.009904051 -0.068845538 -2.655888508 -0.009948499 0.999950467 -0.000302791 -0.540375567 0.068839129 0.000986967 0.997627285 44.809531373
0.997513452 0.010849889 -0.069636154 -2.730119505 -0.010820343 0.999941137 0.000801495 -0.557813679 0.069640751 -0.000046015 0.997572135 45.797137238
0.997483090 0.013009158 -0.069701130 -2.807538183 -0.013248107 0.999907838 -0.002967005 -0.568374344 0.069656108 0.003882945 0.997563506 46.771176602
0.997427147 0.013931502 -0.070320689 -2.885792872 -0.014465008 0.999870287 -0.007083210 -0.584720209 0.070212887 0.008082175 0.997499288 47.731617631
0.997355934 0.015175053 -0.071069387 -2.961854542 -0.015829388 0.999837266 -0.008652825 -0.591999626 0.070926514 0.009754931 0.997433843 48.719627028
0.997391027 0.014191874 -0.070779448 -3.038125842 -0.014600944 0.999879536 -0.005265459 -0.607357870 0.070696195 0.006285169 0.997478092 49.708292022
0.997399307 0.012512823 -0.070979227 -3.107231962 -0.012720625 0.999916023 -0.002476364 -0.621926389 0.070942280 0.003372824 0.997474720 50.680861224
0.997417256 0.010644009 -0.071031839 -3.179344120 -0.010810433 0.999939647 -0.001958931 -0.636484344 0.071006701 0.002721756 0.997472125 51.645645720
0.997440761 0.007392659 -0.071114536 -3.250281046 -0.007625728 0.999966404 -0.003006437 -0.653676060 0.071089921 0.003541043 0.997463625 52.603792965
0.997387706 0.004290252 -0.072106571 -3.302972657 -0.004607105 0.999980447 -0.004228494 -0.666883745 0.072087020 0.004549650 0.997387970 53.567628063
0.997307088 0.003061588 -0.073274818 -3.372570881 -0.003290374 0.999990081 -0.003001792 -0.685139176 0.073264901 0.003234810 0.997307270 54.520317491
0.997185772 -0.000463855 -0.074968800 -3.434078449 0.000545215 0.999999284 0.001064781 -0.694728758 0.074968252 -0.001102659 0.997185311 55.486311024
0.997177049 -0.000792914 -0.075081980 -3.510081888 0.001225471 0.999982917 0.005715232 -0.704363075 0.075076165 -0.005791109 0.997160986 56.431209571
0.997138197 0.001383479 -0.075587706 -3.590027286 -0.000795222 0.999969170 0.007811976 -0.716617743 0.075596183 -0.007729511 0.997108556 57.383648630
0.997026686 0.002415545 -0.077019175 -3.663911238 -0.002112366 0.999989698 0.004017623 -0.728790642 0.077028086 -0.003842984 0.997021517 58.306742998
0.996916930 0.003960570 -0.078364202 -3.744463479 -0.004301396 0.999982009 -0.004180934 -0.732418939 0.078346234 0.004505120 0.996916030 59.237244884
0.996823490 0.006215245 -0.079399623 -3.823352016 -0.006951853 0.999935296 -0.009004162 -0.755044322 0.079338523 0.009527535 0.996802199 60.144632369
0.996703419 0.010930131 -0.080391714 -3.915095204 -0.011621813 0.999899324 -0.008141011 -0.772834356 0.080294638 0.009048471 0.996730102 61.055351927
0.996599298 0.014058793 -0.081192295 -4.004391066 -0.014571878 0.999877405 -0.005730264 -0.795152717 0.081101780 0.006893901 0.996681983 61.942082852
0.996481981 0.016465024 -0.082173995 -4.089708058 -0.016862842 0.999849202 -0.004149457 -0.818725028 0.082093282 0.005520546 0.996609360 62.829647132
0.996382086 0.017757380 -0.083110855 -4.172725498 -0.018178237 0.999825474 -0.004309773 -0.840173088 0.083019820 0.005804990 0.996530989 63.682816869
0.996196513 0.019382797 -0.084951840 -4.241502319 -0.019740439 0.999799453 -0.003371865 -0.861070242 0.084869447 0.005036027 0.996379353 64.531013153
0.996024369 0.020228214 -0.086754110 -4.312198192 -0.020578625 0.999783286 -0.003146625 -0.875074318 0.086671658 0.004919395 0.996224785 65.366927091
0.995891835 0.020311682 -0.088243347 -4.389846628 -0.020611050 0.999784487 -0.002482595 -0.897947355 0.088173904 0.004291184 0.996095853 66.185283287
0.995785286 0.020261803 -0.089449005 -4.467588765 -0.020483188 0.999788984 -0.001557640 -0.908250930 0.089398569 0.003383276 0.995990185 66.993064835
0.995595136 0.023139626 -0.090856391 -4.541527973 -0.023108174 0.999731993 0.001398233 -0.929042482 0.090864395 0.000707451 0.995863023 67.782398334
0.995444173 0.025111732 -0.091979883 -4.622156319 -0.024704697 0.999679323 0.005561353 -0.941157651 0.092090042 -0.003263681 0.995745335 68.563928420
0.995203656 0.028256405 -0.093655001 -4.700738738 -0.027725514 0.999591308 0.006965181 -0.946778195 0.093813536 -0.004335140 0.995580347 69.336692076
0.995011637 0.031131467 -0.094776967 -4.788015396 -0.031009826 0.999515279 0.002756359 -0.960820191 0.094816836 0.000196408 0.995494716 70.082673995
0.994921579 0.031492498 -0.095599553 -4.877963572 -0.032071625 0.999475321 -0.004526975 -0.973669540 0.095406829 0.007570018 0.995409580 70.790024360
0.994800672 0.031031085 -0.096998430 -4.952659386 -0.032183295 0.999428534 -0.010336376 -0.988803273 0.096622249 0.013404363 0.995230860 71.497850571
0.994675417 0.031756028 -0.098042688 -5.012118634 -0.033027351 0.999389761 -0.011371019 -1.005798275 0.097621761 0.014548563 0.995117245 72.193085517
0.994502384 0.034822672 -0.098754190 -5.085930225 -0.035716489 0.999335322 -0.007296975 -1.033739655 0.098434450 0.010784012 0.995085104 72.869989942
0.994391554 0.035288394 -0.099700387 -5.170141349 -0.035989651 0.999338408 -0.005243290 -1.051482640 0.099449398 0.008802066 0.995003689 73.534016787
0.994402758 0.031985029 -0.100698131 -5.237910781 -0.033026295 0.999416704 -0.008689997 -1.064847865 0.100361444 0.011967043 0.994879073 74.166999248
0.994608674 0.023645394 -0.100967725 -5.286638274 -0.025192543 0.999583521 -0.014075546 -1.079571824 0.100592852 0.016543294 0.994790127 74.782609185
0.994786137 0.019512611 -0.100098952 -5.343445316 -0.021504882 0.999590786 -0.018862661 -1.096678849 0.099689931 0.020916929 0.994798673 75.378605935
0.995022906 0.021900766 -0.097209941 -5.399304330 -0.023854693 0.999535183 -0.018983449 -1.116875909 0.096749004 0.021207880 0.995082839 75.966343766
0.995279033 0.026848884 -0.093267271 -5.456623062 -0.028460893 0.999466901 -0.015996600 -1.138677403 0.092788060 0.018575551 0.995512594 76.544384690
0.995714555 0.025601248 -0.088865630 -5.501723406 -0.026888741 0.999549670 -0.013321145 -1.149546402 0.088484573 0.015653543 0.995954541 77.107398746
0.996253370 0.022167165 -0.083593297 -5.531914152 -0.023010523 0.999693452 -0.009138794 -1.167835260 0.083365090 0.011028080 0.996458049 77.658873845
0.996970009 0.017786676 -0.075726058 -5.556436787 -0.018286783 0.999815281 -0.005915844 -1.184173476 0.075606847 0.007282705 0.997111111 78.189077921
0.997630849 0.021686535 -0.065286936 -5.584025589 -0.022149515 0.999734338 -0.006375938 -1.195761909 0.065131319 0.007806906 0.997846162 78.701731797
0.998390684 0.026661988 -0.050051779 -5.617477918 -0.027045934 0.999609617 -0.007009328 -1.211979733 0.049845357 0.008351744 0.998722028 79.209500540
0.998987408 0.031775568 -0.031850768 -5.636650464 -0.032016892 0.999462142 -0.007095430 -1.217263559 0.031608176 0.008108007 0.999467450 79.707004291
0.999489427 0.030412765 -0.009795318 -5.625749108 -0.030480595 0.999511876 -0.006851518 -1.230885383 0.009582163 0.007146586 0.999928552 80.198439554
0.999496993 0.027167075 0.016361862 -5.595041968 -0.027066982 0.999613718 -0.006308161 -1.242385688 -0.016526916 0.005862122 0.999846236 80.669736233
0.998594546 0.026338402 0.045991534 -5.551172813 -0.026104396 0.999643078 -0.005681349 -1.250498833 -0.046124756 0.004472783 0.998925673 81.133094806
0.996526218 0.025848289 0.079166676 -5.491039014 -0.025581214 0.999663125 -0.004386075 -1.264979005 -0.079253379 0.002345659 0.996851744 81.590508604
0.992835221 0.025995199 0.116629647 -5.412540860 -0.025641678 0.999660931 -0.004530788 -1.275047078 -0.116707880 0.001507746 0.993165141 82.032214618
0.986985441 0.026315412 0.158641857 -5.321170847 -0.025716643 0.999652293 -0.005826394 -1.275861550 -0.158740020 0.001670830 0.987319003 82.464516876
0.978589586 0.025979164 0.204175184 -5.209597880 -0.025237850 0.999662035 -0.006234292 -1.292829158 -0.204268142 0.000947870 0.978914515 82.885762358
0.966929084 0.028727246 0.253422359 -5.075172008 -0.027251178 0.999585042 -0.009333700 -1.298679420 -0.253585331 0.002118969 0.967310700 83.296504112
0.951406917 0.029269398 0.306542300 -4.925702303 -0.026623072 0.999563444 -0.012811428 -1.317614069 -0.306783460 0.004027784 0.951770816 83.671038493
0.931567314 0.029766944 0.362348271 -4.753149442 -0.025742165 0.999541660 -0.015931470 -1.326589933 -0.362656423 0.005513607 0.931906604 84.029917674
0.907105609 0.030263242 0.419813708 -4.559400481 -0.024823941 0.999522217 -0.018414944 -1.340215658 -0.420170424 0.006282869 0.907423462 84.374674395
0.877716880 0.030272691 0.478222378 -4.343397034 -0.023015006 0.999513893 -0.021030627 -1.354711242 -0.478626564 0.007452645 0.877986942 84.708032618
0.844040561 0.029314595 0.535477531 -4.096500727 -0.019479928 0.999521826 -0.024013572 -1.367244311 -0.535925428 0.009837366 0.844208009 85.024052554
0.806654367 0.029334024 0.590295052 -3.840391860 -0.017387121 0.999513070 -0.025909659 -1.382406980 -0.590767654 0.010636608 0.806771617 85.315952991
0.766696561 0.027972980 0.641399950 -3.561330549 -0.015395710 0.999564120 -0.025190132 -1.402298801 -0.641825019 0.009438380 0.766793037 85.579288766
0.723966723 0.027755026 0.689276318 -3.266729230 -0.015294822 0.999590473 -0.024185827 -1.412852386 -0.689665319 0.006967375 0.724094748 85.825580798
0.678460109 0.026599110 0.734155548 -2.961016561 -0.013215439 0.999624500 -0.024004414 -1.429257848 -0.734518368 0.006583850 0.678556865 86.053260679
0.631846271 0.025112454 0.774686811 -2.641583369 -0.008644599 0.999641159 -0.025353968 -1.445937182 -0.775045522 0.009322953 0.631836625 86.254948856
0.584504939 0.022593143 0.811075536 -2.310869239 -0.001485212 0.999640370 -0.026775439 -1.457716133 -0.811388791 0.014445757 0.584328290 86.443031083
0.537369180 0.025021946 0.842975840 -1.973775799 -0.002189056 0.999597772 -0.028275484 -1.471214376 -0.843344279 0.013349052 0.537207809 86.615638679
0.489700162 0.027930570 0.871443420 -1.635313308 -0.004444426 0.999553744 -0.029539118 -1.486663871 -0.871879578 0.010592245 0.489605766 86.772360360
0.444293314 0.030115486 0.895375066 -1.289135750 -0.004232463 0.999494245 -0.031517295 -1.502684996 -0.895871384 0.010213281 0.444196074 86.903596958
0.401908409 0.027884341 0.915255207 -0.934287797 0.003849159 0.999475950 -0.032140475 -1.515182397 -0.915671783 0.016440490 0.401590458 87.011604350
0.362683489 0.020502040 0.931686832 -0.563867110 0.020100379 0.999353291 -0.029815659 -1.523357553 -0.931695584 0.029540906 0.362036840 87.099438426
0.327648338 0.016965229 0.944647420 -0.200317827 0.024700866 0.999343196 -0.026514955 -1.534671491 -0.944476804 0.032021190 0.327014082 87.181468873
0.294136310 0.021264982 0.955526887 0.167956706 0.022939501 0.999307385 -0.029300686 -1.547510599 -0.955488153 0.030537706 0.293444779 87.277659554
0.262752277 0.029440644 0.964414065 0.530311230 0.012474509 0.999347182 -0.033905697 -1.565282938 -0.964782684 0.020939391 0.262213490 87.373041209
0.234386154 0.033842314 0.971554336 0.922491742 0.008999164 0.999275523 -0.036978966 -1.586060026 -0.972101921 0.017410534 0.233911794 87.463240260
0.208805071 0.035570998 0.977310159 1.324098384 0.011078882 0.999188126 -0.038734321 -1.609728386 -0.977894524 0.018915427 0.208241461 87.532139353
0.185384069 0.036620891 0.981983532 1.735339313 0.018912602 0.998987286 -0.040825430 -1.630814100 -0.982484127 0.026140248 0.184503732 87.587056655
0.165076177 0.043154778 0.985336248 2.155012791 0.026192905 0.998498100 -0.048119399 -1.638123308 -0.985932953 0.033752185 0.163697900 87.635100774
0.145399409 0.050103799 0.988103548 2.578260044 0.028423524 0.998093105 -0.054792860 -1.645463514 -0.988964668 0.036052234 0.143698021 87.684083933
0.127449525 0.050710981 0.990547836 3.026609700 0.026367225 0.998165930 -0.054493546 -1.674997338 -0.991494522 0.033063174 0.125878666 87.740411870
0.111868176 0.046214457 0.992647840 3.478846975 0.024977307 0.998471632 -0.049300455 -1.707368014 -0.993409103 0.030308822 0.110542887 87.786662751
0.097397189 0.042956428 0.994318125 3.941696876 0.025568499 0.998630352 -0.045647255 -1.740785774 -0.994917102 0.029869137 0.096165458 87.820831674
0.084649294 0.040232699 0.995598226 4.399457458 0.028917058 0.998664438 -0.042815237 -1.770160084 -0.995991115 0.032414051 0.083372829 87.836954066
0.073200678 0.039824172 0.996521799 4.896049822 0.033053053 0.998556646 -0.042333442 -1.789131129 -0.996769360 0.036036924 0.071778713 87.859176482
0.062883110 0.040546864 0.997196904 5.413413018 0.036099042 0.998428133 -0.042873328 -1.816948234 -0.997367823 0.038693861 0.061320563 87.887378894
0.054958538 0.040927309 0.997649495 5.941344568 0.038453317 0.998331612 -0.043073609 -1.848026119 -0.997747915 0.040730195 0.053293055 87.917528879
0.049312401 0.041176502 0.997934258 6.486214691 0.040475729 0.998246655 -0.043189479 -1.875748790 -0.997962926 0.042521894 0.047559290 87.940828677
0.043574577 0.042254628 0.998156202 7.043403527 0.041524869 0.998165175 -0.044067779 -1.902817042 -0.998186827 0.043368540 0.041740007 87.964707108
0.037798642 0.042637390 0.998375338 7.621706384 0.042737075 0.998106215 -0.044243929 -1.934598625 -0.998371076 0.044340002 0.035904862 87.976475207
0.033844578 0.042848574 0.998508159 8.205720066 0.045433063 0.997981713 -0.044365943 -1.957113879 -0.998393901 0.046866831 0.031829528 87.983407229
0.031304493 0.042936894 0.998587228 8.823608972 0.047074011 0.997904887 -0.044383268 -1.986183094 -0.998400754 0.048396902 0.029217695 87.993749170
0.028714098 0.042481426 0.998684549 9.456014450 0.048466418 0.997862248 -0.043839950 -2.018152686 -0.998411993 0.049661488 0.026593791 88.003100354
0.026185778 0.042155618 0.998767845 10.110284490 0.050707722 0.997768231 -0.043442886 -2.048079709 -0.998370188 0.051782828 0.023989722 88.023462050
0.025639644 0.042059222 0.998786078 10.784250983 0.054940788 0.997545209 -0.043417343 -2.075779920 -0.998160367 0.055987299 0.023265937 88.030998079
0.026885796 0.041935163 0.998758527 11.478220697 0.058446463 0.997344566 -0.043449127 -2.105314433 -0.997928437 0.059542068 0.024363440 88.042004087
0.029561949 0.042267723 0.998668879 12.191221822 0.059574734 0.997254917 -0.043971371 -2.136108570 -0.997786020 0.060795313 0.026962711 88.062173478
0.033248475 0.042427905 0.998546149 12.908718839 0.062265602 0.997069818 -0.044438427 -2.168185971 -0.997505656 0.063652587 0.030509252 88.090175878
0.037732521 0.041970708 0.998406088 13.656196024 0.062647458 0.997052882 -0.044281443 -2.202670431 -0.997322191 0.064218454 0.034991961 88.116620004
0.042416793 0.040583223 0.998275422 14.422273422 0.063819555 0.997024080 -0.043244049 -2.235317192 -0.997059617 0.065543767 0.039700561 88.135924715
0.046459572 0.039020744 0.998157748 15.196786383 0.063975233 0.997069140 -0.041955935 -2.272776711 -0.996869439 0.065806629 0.043827044 88.172917786
0.050608098 0.037369342 0.998019215 15.971820679 0.060894230 0.997325027 -0.040431207 -2.302825611 -0.996860428 0.062819758 0.048197146 88.214123383
0.054022553 0.036637059 0.997867371 16.761381428 0.059634713 0.997424550 -0.039849306 -2.337915450 -0.996757375 0.061660296 0.051698580 88.272994734
0.058193999 0.037741528 0.997591618 17.569344182 0.056988805 0.997529978 -0.041063609 -2.377147261 -0.996677347 0.059241210 0.055899414 88.320914422
0.061093590 0.041875278 0.997253245 18.367522968 0.054585786 0.997484200 -0.045229002 -2.419661071 -0.996638332 0.057199055 0.058654096 88.373554859
0.062279400 0.047121077 0.996945776 19.167174139 0.048633043 0.997555007 -0.050187989 -2.466741882 -0.996873163 0.051610184 0.059835486 88.429603595
0.062152696 0.050385956 0.996794010 19.988070749 0.046180442 0.997510052 -0.053301621 -2.508900265 -0.996997698 0.049345227 0.059671094 88.483586027
0.062445003 0.050543330 0.996767773 20.806225348 0.043825493 0.997614676 -0.053331831 -2.549415597 -0.997085727 0.047014146 0.060080965 88.538616113
0.061708842 0.049202023 0.996880725 21.635878789 0.040816875 0.997824287 -0.051775237 -2.596550560 -0.997259245 0.043884546 0.059566309 88.614383286
0.061107528 0.047958816 0.996978346 22.455874802 0.041784834 0.997846453 -0.050561682 -2.649483090 -0.997256185 0.044748274 0.058971979 88.678456380
0.061371913 0.047262759 0.996995346 23.279857587 0.039065056 0.997999165 -0.049715068 -2.705506783 -0.997350194 0.041998788 0.059402796 88.739309020
0.060924224 0.047980042 0.996988543 24.094089345 0.037527771 0.998027671 -0.050323306 -2.754470723 -0.997436667 0.040480666 0.059003477 88.805106436
0.061031091 0.048356703 0.996963808 24.914263709 0.034906024 0.998111390 -0.050549206 -2.807269593 -0.997525326 0.037885116 0.059227887 88.859690370
0.059657398 0.049883179 0.996971746 25.722132303 0.031672840 0.998153144 -0.051837548 -2.854394287 -0.997716305 0.034669420 0.057967278 88.913400160
0.057036227 0.049717144 0.997133429 26.543082255 0.028243595 0.998279213 -0.051389812 -2.904143914 -0.997972529 0.031093714 0.055533889 88.963408337
0.053247194 0.048684449 0.997393884 27.352638795 0.026376668 0.998393765 -0.050141408 -2.952799403 -0.998232943 0.028977816 0.051877533 89.008547542
0.047897347 0.046671753 0.997761290 28.165785495 0.024258696 0.998558779 -0.047873591 -2.999797160 -0.998557640 0.026497406 0.046696121 89.054985444
0.041773564 0.044668741 0.998128084 28.974467490 0.022288767 0.998709834 -0.045627604 -3.047931162 -0.998878461 0.024153072 0.040724058 89.087224471
0.034176782 0.045113733 0.998397065 29.780036466 0.021815010 0.998708980 -0.045874591 -3.094716772 -0.999177688 0.023347888 0.033148503 89.117905210
0.025668158 0.045905069 0.998615977 30.579021090 0.022225356 0.998671990 -0.046478919 -3.145094496 -0.999423423 0.023387624 0.024613814 89.137446783
0.015878499 0.046404855 0.998796507 31.380110200 0.022198041 0.998659879 -0.046751403 -3.190469602 -0.999627491 0.022913668 0.014827123 89.149366401
0.006045148 0.046162064 0.998915672 32.185156577 0.024980996 0.998615201 -0.046299356 -3.223336331 -0.999669648 0.025233795 0.004883602 89.152130697
-0.004480674 0.045186394 0.998968525 32.979956870 0.024466746 0.998684451 -0.045063804 -3.271141250 -0.999690603 0.024239593 -0.005580343 89.145535730
-0.015114500 0.044707520 0.998885774 33.778975242 0.025085111 0.998702407 -0.044319741 -3.314758680 -0.999571053 0.024387290 -0.016216381 89.128112228
-0.026126715 0.045484824 0.998623315 34.556229937 0.025035313 0.998680772 -0.044832448 -3.356469376 -0.999345099 0.023829523 -0.027230974 89.106547217
-0.037362991 0.046087889 0.998238405 35.343449885 0.026008719 0.998642355 -0.045133061 -3.405034141 -0.998963239 0.024276596 -0.038510952 89.083168811
-0.047829787 0.046906766 0.997753510 36.123228221 0.025831058 0.998620759 -0.045709262 -3.455889465 -0.998521441 0.023586764 -0.048975470 89.042020730
-0.058345908 0.048127849 0.997135630 36.884068280 0.026683382 0.998555542 -0.046635045 -3.496518257 -0.997939754 0.023885987 -0.059545844 88.998789338
-0.067711059 0.049038778 0.996499077 37.662809596 0.027577517 0.998501700 -0.047263467 -3.540968935 -0.997323765 0.024280711 -0.068961975 88.940688052
-0.077043710 0.049571008 0.995794648 38.427201579 0.028143607 0.998473400 -0.047526912 -3.585125453 -0.996630425 0.024363604 -0.078321202 88.871140943
-0.086251283 0.050206333 0.995007558 39.159884372 0.029159134 0.998428763 -0.047851329 -3.626559738 -0.995846605 0.024886321 -0.087579735 88.808452231
-0.094905164 0.049796505 0.994240071 39.885773113 0.030144187 0.998433860 -0.047129139 -3.667006350 -0.995029818 0.025497760 -0.096257605 88.742268756
-0.102184548 0.048793073 0.993568092 40.605693663 0.031561504 0.998452515 -0.045786966 -3.710299534 -0.994264648 0.026679783 -0.103566402 88.665009464
-0.107197093 0.047575419 0.993098869 41.315150231 0.034696143 0.998425087 -0.044085406 -3.746139640 -0.993632206 0.029730873 -0.108678950 88.582290105
-0.110591072 0.046170977 0.992792957 42.019885154 0.037795721 0.998393136 -0.042221208 -3.785125225 -0.993147068 0.032854037 -0.112158433 88.492641474
-0.113084191 0.044902809 0.992570251 42.697927350 0.038555575 0.998424193 -0.040774972 -3.830549838 -0.992837063 0.033658112 -0.114637246 88.403699383
-0.114734717 0.044181370 0.992413196 43.380011934 0.038898972 0.998444116 -0.039952679 -3.865511946 -0.992634280 0.034019894 -0.116274813 88.326337395
-0.115487349 0.044840742 0.992296317 44.043718345 0.039998725 0.998380215 -0.040460458 -3.900505557 -0.992503287 0.035017916 -0.117093856 88.247834862
-0.114388081 0.046271908 0.992357938 44.725329007 0.040900837 0.998287061 -0.041833775 -3.933651268 -0.992593818 0.035802985 -0.116084701 88.166413441
-0.111619606 0.047575021 0.992611546 45.350581282 0.041524541 0.998204263 -0.043173623 -3.975953730 -0.992883063 0.036398717 -0.113394698 88.097832071
-0.106537004 0.048078658 0.993145664 45.958766913 0.041930062 0.998158994 -0.043823422 -4.015052615 -0.993424248 0.036973843 -0.108356809 88.038250675
-0.098247370 0.048812533 0.993964180 46.539087326 0.041183795 0.998140109 -0.044946838 -4.050364267 -0.994309484 0.036519308 -0.100074926 87.979626689
-0.086576423 0.049235210 0.995027847 47.145922664 0.039969666 0.998145549 -0.045911755 -4.079911485 -0.995443092 0.035796056 -0.088383786 87.929294459
-0.072701078 0.049770391 0.996111169 47.692922107 0.039246872 0.998123275 -0.047006496 -4.114581337 -0.996581274 0.035676824 -0.074517971 87.895303646
-0.055326046 0.051079828 0.997160910 48.223935957 0.038096982 0.998071327 -0.049012708 -4.148015268 -0.997741273 0.035277142 -0.057165327 87.873391777
-0.033860404 0.053939861 0.997969922 48.748125540 0.036006847 0.997960098 -0.052717643 -4.181124732 -0.998777743 0.034148710 -0.035733536 87.865912404
-0.009297235 0.056741075 0.998345637 49.255865917 0.032840528 0.997867541 -0.056408071 -4.223318747 -0.999417361 0.032261759 -0.011140816 87.880824717
0.018917917 0.058538949 0.998105858 49.776356990 0.030371418 0.997790173 -0.059096088 -4.260177086 -0.999359640 0.031431866 0.017098201 87.915671006
0.052483385 0.058320420 0.996917360 50.292169116 0.027362577 0.997834407 -0.059814589 -4.291095247 -0.998246855 0.030417500 0.050773930 87.956598694
0.091507556 0.055425973 0.994260695 50.788826643 0.025006347 0.998007048 -0.057936295 -4.334102375 -0.995490356 0.030164437 0.089939185 88.004473065
0.134024147 0.052124285 0.989606279 51.284891996 0.022169302 0.998208099 -0.055579786 -4.366010107 -0.990730059 0.029387914 0.132628430 88.089656584
0.179859927 0.047953726 0.982522695 51.775320808 0.017978949 0.998483983 -0.052023959 -4.400041139 -0.983527917 0.027021751 0.178725099 88.193498780
0.228690894 0.044903941 0.972462910 52.235041818 0.012232503 0.998724200 -0.048993246 -4.433183198 -0.973422232 0.023099964 0.227849842 88.329575591
0.280299980 0.043085086 0.958945043 52.708910044 0.005951199 0.998894989 -0.046619561 -4.470490883 -0.959894007 0.018774335 0.279733838 88.495212266
0.335374456 0.043038048 0.941101323 53.172423890 0.002657221 0.998908761 -0.046628611 -4.495915370 -0.942081161 0.018138759 0.334894121 88.686801085
0.394794379 0.043442737 0.917741863 53.615850094 0.003264589 0.998808870 -0.048684531 -4.524012263 -0.918763702 0.022216429 0.394182305 88.887904723
0.456093919 0.046270716 0.888727944 54.033432758 0.002498513 0.998576907 -0.053272124 -4.555258262 -0.889928140 0.026517591 0.455329247 89.119023560
0.515966194 0.049728734 0.855164277 54.433676564 0.002181835 0.998233970 -0.059364810 -4.578151408 -0.856606168 0.032496062 0.514946482 89.395677356
0.574452441 0.054711790 0.816707422 54.793645759 -0.004418464 0.997956378 -0.063745940 -4.597755987 -0.818526035 0.033010418 0.573520220 89.687736470
0.630138847 0.057505091 0.774350178 55.132025584 -0.010233603 0.997782334 -0.065769951 -4.626856136 -0.776415035 0.033519809 0.629329894 90.018612868
0.682601784 0.059212560 0.728387724 55.444580400 -0.014475000 0.997612006 -0.067533400 -4.647484772 -0.730647164 0.035555007 0.681828837 90.360949424
0.731283865 0.057738953 0.679624987 55.727007061 -0.017392694 0.997665117 -0.066043987 -4.678476218 -0.681851453 0.036476393 0.730580639 90.714612034
0.776257345 0.054710258 0.628037675 55.989596982 -0.021791019 0.997960403 -0.060001548 -4.705702999 -0.630039431 0.032891062 0.775866285 91.099775853
0.817069778 0.050154196 0.574353145 56.223581520 -0.024721600 0.998340562 -0.052009284 -4.732408250 -0.576008525 0.028296286 0.816953793 91.506714559
0.852901924 0.048138568 0.519847080 56.425151714 -0.029197830 0.998579687 -0.044565626 -4.756445658 -0.521254060 0.022831702 0.853096078 91.926159765
0.883512272 0.044893700 0.466251670 56.601979060 -0.031849376 0.998850485 -0.035823528 -4.782317975 -0.467323958 0.016800702 0.883926499 92.349520511
0.908471033 0.046040507 0.415404205 56.756005991 -0.037217578 0.998877101 -0.029315343 -4.801265093 -0.416287441 0.011171801 0.909164428 92.786921454
0.928048235 0.048054832 0.369346999 56.889915356 -0.041877334 0.998816669 -0.024729540 -4.821145509 -0.370098313 0.007482939 0.928962456 93.228993961
0.942639452 0.053923689 0.329428444 57.004438834 -0.049809616 0.998539562 -0.020922381 -4.836933871 -0.330075546 0.003313558 0.943948703 93.690299626
0.954031800 0.058390704 0.293962328 57.112537941 -0.054621434 0.998285793 -0.021023188 -4.847111432 -0.294685974 0.004000146 0.955585776 94.154906764
0.962896345 0.060887516 0.262913178 57.217589866 -0.057592456 0.998135214 -0.020228764 -4.855873955 -0.263654581 0.004336387 0.964607411 94.624169990
0.968903491 0.056066453 0.241003274 57.325461489 -0.052892886 0.998407384 -0.019622387 -4.871124097 -0.241719606 0.006264840 0.970325916 95.096732297
0.972826674 0.052853841 0.225421237 57.425045062 -0.050002676 0.998580627 -0.018342922 -4.888608325 -0.226070774 0.006572819 0.974088704 95.587160703
0.975388548 0.057723468 0.212803150 57.511968414 -0.055100374 0.998314174 -0.018241659 -4.903427462 -0.213497373 0.006067172 0.976924798 96.091355648
0.977143002 0.063093887 0.203004226 57.601370868 -0.060720619 0.997994213 -0.017904095 -4.902433132 -0.203726682 0.005168319 0.979014161 96.598265633
0.977889760 0.070853789 0.196752023 57.688046235 -0.068404605 0.997472412 -0.019224895 -4.911487376 -0.197616872 0.005341083 0.980264783 97.109974594
0.978090399 0.076130771 0.193760874 57.776603163 -0.073074029 0.997063919 -0.022885108 -4.922080775 -0.194934237 0.008224817 0.980781829 97.628696339
0.978195461 0.077416125 0.192718407 57.882444865 -0.073909107 0.996943197 -0.025331913 -4.944339245 -0.194090403 0.010535917 0.980927067 98.152831328
0.977934175 0.076212733 0.194515730 57.999259980 -0.071876037 0.996984097 -0.029266785 -4.964537241 -0.196159591 0.014639970 0.980462690 98.687775163
0.977250289 0.075027197 0.198375380 58.112633258 -0.069282127 0.996956163 -0.035754677 -4.982524826 -0.200454131 0.021197400 0.979473742 99.241300335
0.976440832 0.075204820 0.202256118 58.228249252 -0.068375137 0.996835052 -0.040555139 -5.001424600 -0.204665930 0.025770404 0.978492587 99.807554712
0.975189112 0.080004847 0.206410802 58.346252654 -0.073181486 0.996496149 -0.040495619 -5.020767529 -0.208927416 0.024385437 0.977627069 100.375901735
0.973686036 0.082835818 0.212305750 58.461184352 -0.076802073 0.996377097 -0.036525649 -5.047074321 -0.214562219 0.019258992 0.976520428 100.975778076
0.972872602 0.079903818 0.217104308 58.597371644 -0.074650980 0.996686379 -0.032303156 -5.068130199 -0.218966052 0.015219806 0.975613769 101.560253876
0.972307618 0.075762726 0.221083478 58.743614805 -0.071561421 0.997071683 -0.026963363 -5.094016307 -0.222478894 0.010395636 0.974882081 102.182965936
0.971620803 0.073482604 0.224840661 58.893037151 -0.070184666 0.997277140 -0.022636649 -5.115148431 -0.225891851 0.006213873 0.974132568 102.810064323
0.971234867 0.069316098 0.227811570 59.042859184 -0.066028731 0.997574513 -0.022029466 -5.138212412 -0.228786013 0.006353677 0.973456004 103.439959726
0.971404562 0.065996251 0.228073830 59.194274313 -0.061863984 0.997765702 -0.025227971 -5.161458885 -0.229229196 0.010397011 0.973316946 104.081758743
0.971628679 0.065412660 0.227285928 59.345759843 -0.059473896 0.997687959 -0.032887561 -5.175822390 -0.228911697 0.018436918 0.973272580 104.729213479
0.971700422 0.067697401 0.226308091 59.494057673 -0.060236388 0.997393506 -0.039721180 -5.198678425 -0.228407241 0.024965106 0.973245537 105.389127433
0.972243768 0.070274277 0.223167161 59.646239219 -0.062079037 0.997121220 -0.043536940 -5.222321199 -0.225584239 0.028474516 0.973807452 106.061291435
0.972925205 0.068625053 0.220696960 59.810544797 -0.061429015 0.997336900 -0.039313914 -5.250337627 -0.222807142 0.024692301 0.974549777 106.752126704
0.973367785 0.064765055 0.219910535 59.964654556 -0.059220715 0.997740874 -0.031718380 -5.284656898 -0.221467972 0.017850391 0.975004257 107.463887242
0.973873527 0.065416502 0.217465020 60.116990699 -0.061253373 0.997787778 -0.025837480 -5.316801234 -0.218674137 0.011841971 0.975726083 108.171252403
0.974091243 0.068613497 0.215495795 60.263978553 -0.064393562 0.997571305 -0.026551102 -5.344457105 -0.216794185 0.011986654 0.976143740 108.890917771
0.974272773 0.073860501 0.212925314 60.411849012 -0.068823094 0.997147607 -0.030984365 -5.374124381 -0.214606489 0.015533044 0.976577073 109.622973054
0.975194986 0.074391273 0.208472249 60.571320575 -0.068266334 0.997001683 -0.036432851 -5.393866167 -0.210557469 0.021297497 0.977349461 110.351918578
0.976157927 0.073372680 0.204284488 60.728350622 -0.066719800 0.996998445 -0.039275551 -5.425795765 -0.206553069 0.024709320 0.978123346 111.117365545
0.977207239 0.070638825 0.200190330 60.885360009 -0.064378135 0.997216176 -0.037621196 -5.456713217 -0.202290552 0.023875825 0.979034462 111.893089605
0.978258168 0.066871432 0.196313956 61.056825834 -0.061039045 0.997499675 -0.035617882 -5.489219478 -0.198204926 0.022860667 0.979893972 112.663045237
0.978687149 0.065492454 0.194633510 61.211852916 -0.060205020 0.997641548 -0.032965101 -5.521016353 -0.196333441 0.020544606 0.980321936 113.459485810
0.979229558 0.061946205 0.193059940 61.374984746 -0.057074570 0.997897802 -0.030699670 -5.548653528 -0.194555818 0.019043211 0.980706577 114.245096097
0.979592644 0.056827949 0.192792212 61.531108972 -0.052074416 0.998203284 -0.029638802 -5.579899013 -0.194130131 0.018994410 0.980791876 115.054150551
0.979633045 0.057504629 0.192385848 61.682095784 -0.052995542 0.998187786 -0.028506432 -5.603510890 -0.193676455 0.017730251 0.980905229 115.871343451
0.979276875 0.062634534 0.192597293 61.835847746 -0.057804600 0.997858804 -0.030601223 -5.635915171 -0.194101597 0.018834060 0.980800616 116.703865129
0.978905394 0.068321894 0.192552199 61.995345415 -0.062907915 0.997436636 -0.034099130 -5.668096973 -0.194388334 0.021266765 0.980694091 117.526088414
0.978022518 0.077330961 0.193628192 62.142235212 -0.071705929 0.996779419 -0.035903334 -5.696879096 -0.195781036 0.021229979 0.980417806 118.355478560
0.976932332 0.083531628 0.196534183 62.294538652 -0.078097015 0.996322189 -0.035255525 -5.740625776 -0.198756319 0.019093529 0.979862931 119.184760231
0.976073631 0.086328498 0.199568678 62.455628031 -0.081308915 0.996134898 -0.033228366 -5.783180099 -0.201665880 0.016206619 0.979320284 120.013660287
0.975559054 0.086946027 0.201804166 62.625607423 -0.081668562 0.996067492 -0.034348181 -5.818934389 -0.203997008 0.017027623 0.978823417 120.853136117
0.975283683 0.085388019 0.203790638 62.791344216 -0.079452377 0.996146259 -0.037147677 -5.857212835 -0.206177248 0.020037873 0.978309474 121.688384619
0.975487480 0.079406964 0.205228433 62.967108387 -0.073586714 0.996644232 -0.035850656 -5.898303476 -0.207386526 0.019869780 0.978057269 122.533072866
0.976001759 0.072895546 0.205199427 63.152847298 -0.066570540 0.997074156 -0.037569799 -5.939185706 -0.207337717 0.023007953 0.977998827 123.358999915
0.975774810 0.072085574 0.206560381 63.324978142 -0.065668381 0.997126581 -0.037765667 -5.980852142 -0.208689206 0.023286300 0.977704742 124.202771417
0.975148995 0.074576506 0.208621146 63.497388396 -0.068767206 0.997019563 -0.034972314 -6.019861220 -0.210607477 0.019756924 0.977371043 125.044487217
0.974679932 0.076783532 0.210007901 63.668616129 -0.072169265 0.996954277 -0.029559534 -6.053639832 -0.211637961 0.013654969 0.977252739 125.884547410
0.974155472 0.079968939 0.211248870 63.833913253 -0.076274163 0.996758332 -0.025594521 -6.090249211 -0.212610838 0.008820212 0.977097147 126.715199979
0.974031897 0.079345088 0.212052403 64.008216873 -0.074213802 0.996726822 -0.032061731 -6.130690247 -0.213902258 0.015491933 0.976732217 127.538109737
0.974605020 0.075271350 0.210901113 64.190603275 -0.066862803 0.996667226 -0.046731210 -6.172418500 -0.213715749 0.031443032 0.976389735 128.350673593
