1.000000000 0.000000000 0.000000000 0.000000000 0.000000000 1.000000000 0.000000000 0.000000000 0.000000000 0.000000000 1.000000000 0.000000000
0.999998808 0.000300836 0.001518793 -0.006830864 -0.000293949 0.999989688 -0.004532802 -0.002651443 -0.001520141 0.004532350 0.999988556 0.956228197
0.999995530 -0.001922974 0.002274373 -0.005303352 0.001935126 0.999983788 -0.005352801 -0.002230065 -0.002264043 0.005357178 0.999983072 1.909459591
0.999991298 -0.003474019 0.002321262 -0.005640699 0.003477487 0.999992847 -0.001492282 -0.001049101 -0.002316061 0.001500341 0.999996126 2.862898111
0.999981225 -0.005923705 0.001559122 -0.003421240 0.005916558 0.999972165 0.004549176 -0.002235716 -0.001586026 -0.004539866 0.999988496 3.812977314
0.999953330 -0.009650062 0.000271283 0.000560523 0.009648745 0.999943316 0.004499255 0.002103487 -0.000314686 -0.004496427 0.999989867 4.734247684
0.999923348 -0.012337061 -0.000991540 0.007418421 0.012338758 0.999922335 0.001723198 0.003242192 0.000970204 -0.001735300 0.999998093 5.661357403
0.999909699 -0.013333210 -0.001652812 0.006670685 0.013330852 0.999910057 -0.001429773 0.001392138 0.001671726 0.001407611 0.999997556 6.612457275
0.999918938 -0.012529031 -0.002276608 -0.008223240 0.012525238 0.999920070 -0.001673016 -0.003405801 0.002297387 0.001644366 0.999996006 7.535047054
0.999928355 -0.011627591 -0.002860389 -0.022322446 0.011628214 0.999932349 0.000201185 -0.006320609 0.002857856 -0.000234432 0.999995947 8.467257500
0.999924004 -0.011864392 -0.003334892 -0.028593700 0.011874458 0.999924958 0.003014626 -0.000489051 0.003298875 -0.003053997 0.999989808 9.385419846
0.999911070 -0.012437240 -0.004812000 -0.029474989 0.012459986 0.999911189 0.004726552 0.000010267 0.004752788 -0.004786091 0.999977231 10.291392326
0.999902606 -0.012943040 -0.005208313 -0.041442119 0.012968796 0.999903619 0.004942369 0.014404967 0.005143842 -0.005009434 0.999974251 11.215882301
0.999890327 -0.013496758 -0.006082216 -0.052362479 0.013528617 0.999894738 0.005227963 0.015098609 0.006011015 -0.005309675 0.999967813 12.110694885
0.999881566 -0.014060639 -0.006258199 -0.074732974 0.014085475 0.999893010 0.003942412 0.015845757 0.006202096 -0.004030094 0.999972641 13.008198738
0.999863029 -0.014546631 -0.007893351 -0.082997024 0.014562601 0.999891996 0.001969544 0.018189758 0.007863849 -0.002084222 0.999966860 13.916964531
0.999781847 -0.017978849 -0.010631894 -0.071381360 0.017991329 0.999837518 0.001079504 0.024242286 0.010610758 -0.001270550 0.999942839 14.857960701
0.999760091 -0.017713692 -0.012885412 -0.079408944 0.017718343 0.999843001 0.000247070 0.029136002 0.012879015 -0.000475319 0.999916971 15.759400368
0.999764621 -0.016106708 -0.014538605 -0.097096339 0.016101182 0.999870181 -0.000497211 0.027407926 0.014544727 0.000263005 0.999894202 16.649978638
0.999753892 -0.014599791 -0.016701998 -0.108609438 0.014589029 0.999893248 -0.000765933 0.034480695 0.016711397 0.000522078 0.999860227 17.542068481
0.999722183 -0.014994161 -0.018187685 -0.124792367 0.015003456 0.999887407 0.000374849 0.028918816 0.018180016 -0.000647623 0.999834538 18.409893036
0.999717355 -0.013946893 -0.019252926 -0.147321060 0.013980011 0.999901056 0.001586722 0.030898022 0.019228891 -0.001855430 0.999813378 19.283063889
0.999711394 -0.013505435 -0.019867484 -0.177110955 0.013542308 0.999906778 0.001722522 0.039371751 0.019842371 -0.001991077 0.999801159 20.157085419
0.999671340 -0.014339506 -0.021251854 -0.204921991 0.014363935 0.999896348 0.000997252 0.047428377 0.021235352 -0.001302185 0.999773681 21.034526825
0.999630928 -0.014744109 -0.022816731 -0.232418299 0.014764519 0.999890745 0.000726301 0.046019770 0.022803526 -0.001062911 0.999739468 21.904855728
0.999615252 -0.014804652 -0.023454569 -0.264868766 0.014848297 0.999888301 0.001687730 0.040336680 0.023426961 -0.002035341 0.999723494 22.764768600
0.999579251 -0.015046928 -0.024798678 -0.290400147 0.015152775 0.999876916 0.004085757 0.040760830 0.024734143 -0.004459807 0.999684095 23.619155884
0.999510407 -0.016935436 -0.026305992 -0.287571877 0.017100574 0.999835372 0.006065457 0.051380187 0.026198942 -0.006512336 0.999635518 24.462905884
0.999494076 -0.016886307 -0.026949551 -0.313417822 0.017099064 0.999824286 0.007683872 0.055128798 0.026815064 -0.008140797 0.999607265 25.298351288
0.999495268 -0.015739214 -0.027593296 -0.341736466 0.015917234 0.999853849 0.006243856 0.059459023 0.027490988 -0.006679914 0.999599755 26.128343582
0.999520123 -0.014509527 -0.027368516 -0.380920351 0.014616822 0.999886215 0.003724376 0.061425976 0.027311362 -0.004122628 0.999618411 26.946538925
0.999491096 -0.013799745 -0.028760314 -0.398443341 0.013868004 0.999901474 0.002175202 0.065870978 0.028727461 -0.002572944 0.999583900 27.747810364
0.999473870 -0.012922818 -0.029751142 -0.426188350 0.012983476 0.999914050 0.001846564 0.067010388 0.029724723 -0.002231865 0.999555647 28.542427063
0.999451935 -0.012788843 -0.030531675 -0.459872961 0.012833837 0.999916732 0.001278180 0.067797646 0.030512789 -0.001669319 0.999532938 29.321046829
0.999412179 -0.011638872 -0.032246828 -0.492542624 0.011659367 0.999931872 0.000447587 0.068151936 0.032239426 -0.000823302 0.999479830 30.101533890
0.999328434 -0.011916204 -0.034654241 -0.515247166 0.011905495 0.999929011 -0.000515386 0.081754819 0.034657922 0.000102464 0.999399185 30.861064911
0.999250233 -0.013811523 -0.036169525 -0.550918400 0.013900081 0.999900937 0.002198069 0.058251668 0.036135584 -0.002699180 0.999343276 31.582674026
0.999153256 -0.014094726 -0.038654111 -0.576631784 0.014268141 0.999889314 0.004214124 0.063324936 0.038590442 -0.004762078 0.999243796 32.328994751
0.999073327 -0.013190735 -0.040968932 -0.605824590 0.013433940 0.999893725 0.005666686 0.064908043 0.040889837 -0.006211809 0.999144316 33.079872131
0.998980165 -0.011953113 -0.043540876 -0.631169438 0.012165535 0.999915361 0.004616957 0.084755652 0.043482009 -0.005141946 0.999040961 33.826293945
0.998939455 -0.009802583 -0.044988580 -0.676374018 0.010030358 0.999938011 0.004840021 0.067385010 0.044938352 -0.005286140 0.998975754 34.525089264
0.998911560 -0.008484856 -0.045866132 -0.732804477 0.008691514 0.999952972 0.004308120 0.079877399 0.045827426 -0.004702077 0.998938441 35.259315491
0.998841107 -0.008021268 -0.047456577 -0.769617558 0.008279868 0.999951899 0.005255133 0.087604135 0.047412146 -0.005641976 0.998859525 35.968826294
0.998783648 -0.006253806 -0.048910633 -0.804658651 0.006621435 0.999951005 0.007357912 0.087459326 0.048862223 -0.007672820 0.998776078 36.646865845
0.998810172 -0.003328701 -0.048653379 -0.849014997 0.003714394 0.999962389 0.007839102 0.090778306 0.048625458 -0.008010492 0.998784959 37.333847046
0.998907387 -0.000054307 -0.046733964 -0.904602587 0.000307316 0.999985397 0.005406634 0.097541101 0.046732984 -0.005415089 0.998892725 37.992477417
0.998952150 0.001098330 -0.045752361 -0.922582984 -0.000985129 0.999996424 0.002496689 0.098105937 0.045754943 -0.002449001 0.998949707 38.636894226
0.999043822 0.001706081 -0.043686807 -0.952634752 -0.001701903 0.999998569 0.000132848 0.107819416 0.043686975 -0.000058370 0.999045253 39.278881073
0.999162376 0.002582890 -0.040838189 -0.980843842 -0.002546241 0.999996305 0.000949399 0.111546353 0.040840480 -0.000844621 0.999165297 39.921276093
0.999289155 0.007496222 -0.036948156 -1.022685051 -0.007360130 0.999965668 0.003817985 0.107401237 0.036975510 -0.003543327 0.999309838 40.554244995
0.999385774 0.011741490 -0.033019349 -1.051130295 -0.011505027 0.999906898 0.007342285 0.108089060 0.033102490 -0.006957886 0.999427795 41.176162720
0.999447465 0.016401777 -0.028909460 -1.076113343 -0.016163111 0.999833524 0.008470168 0.107179731 0.029043574 -0.007998222 0.999546170 41.781402588
0.999507248 0.019692395 -0.024440808 -1.075433135 -0.019473581 0.999768436 0.009158913 0.106532097 0.024615509 -0.008678451 0.999659240 42.399230957
0.999544680 0.023546143 -0.018866811 -1.090170383 -0.023342852 0.999667764 0.010923965 0.114178598 0.019117760 -0.010478584 0.999762297 42.971385956
0.999523401 0.028438266 -0.012008887 -1.109946728 -0.028293107 0.999526560 0.012089506 0.118613958 0.012347007 -0.011743975 0.999854803 43.523368835
0.999485672 0.031663645 -0.005074695 -1.114444256 -0.031603333 0.999433637 0.011555165 0.122550666 0.005437702 -0.011388845 0.999920309 44.065006256
0.999390125 0.034888435 0.001483336 -1.103198886 -0.034903243 0.999324203 0.011523997 0.128907472 -0.001080276 -0.011568742 0.999932468 44.585525513
0.999195933 0.038888317 0.009751767 -1.110110641 -0.038996831 0.999176621 0.011195991 0.136321843 -0.009308343 -0.011567277 0.999889791 45.085102081
0.998934388 0.042933699 0.016934425 -1.106162548 -0.043084316 0.999034166 0.008631842 0.137338817 -0.016547473 -0.009352253 0.999819279 45.579582214
0.998677731 0.044909339 0.025019601 -1.098218679 -0.045058429 0.998969615 0.005427066 0.141303241 -0.024750095 -0.006547233 0.999672174 46.022865295
0.998418450 0.045580845 0.032905325 -1.085214138 -0.045769140 0.998939574 0.004991584 0.144638926 -0.032642905 -0.006489737 0.999445975 46.443717957
0.998181045 0.044755824 0.040392332 -1.058276892 -0.045045387 0.998965085 0.006286805 0.146093428 -0.040069163 -0.008094858 0.999164164 46.849239349
0.997729540 0.046704158 0.048520520 -1.041512728 -0.047100578 0.998865247 0.007058731 0.148100615 -0.048135795 -0.009328049 0.998797297 47.228832245
0.997167647 0.049025647 0.057033978 -1.015589476 -0.049534760 0.998743832 0.007546362 0.148917556 -0.056592368 -0.010350153 0.998343647 47.601104736
0.996384025 0.053847130 0.065721594 -0.995848417 -0.054418273 0.998494208 0.006929910 0.149641573 -0.065249473 -0.010481308 0.997813940 47.927909851
0.995549142 0.057625167 0.074573539 -0.970584631 -0.058310855 0.998273671 0.007048627 0.148807257 -0.074038617 -0.011365701 0.997190595 48.233760834
0.994850993 0.057053763 0.083763562 -0.939970970 -0.057897791 0.998293102 0.007680111 0.148487806 -0.083182395 -0.012490293 0.996456087 48.514732361
0.993990481 0.055972394 0.094074175 -0.898628235 -0.056764390 0.998370945 0.005762034 0.148669451 -0.093598418 -0.011067471 0.995548546 48.788169861
0.992834687 0.054716088 0.106233135 -0.864258289 -0.055236373 0.998471498 0.001959335 0.143832415 -0.105963536 -0.007813230 0.994339347 49.054759979
0.991264939 0.055325497 0.119719215 -0.825216770 -0.055509906 0.998456597 -0.001796511 0.142523378 -0.119633824 -0.004864783 0.992806137 49.311393738
0.989217222 0.057043828 0.134889573 -0.781537056 -0.057017695 0.998364925 -0.004060072 0.143316925 -0.134900630 -0.003674800 0.990852296 49.574920654
0.986787736 0.058681346 0.151018143 -0.732504368 -0.058534253 0.998270631 -0.005423042 0.142673492 -0.151075244 -0.003488343 0.988516092 49.832500458
0.983980179 0.059583467 0.168026239 -0.679260254 -0.059364192 0.998216331 -0.006332383 0.137821406 -0.168103874 -0.003743801 0.985762179 50.081680298
0.980749249 0.058612075 0.186267108 -0.620593071 -0.058256783 0.998274386 -0.007385288 0.137586474 -0.186378554 -0.003608205 0.982471406 50.335472107
0.976981282 0.057405178 0.205456078 -0.551996231 -0.057028208 0.998342395 -0.007760960 0.138393968 -0.205561027 -0.004134479 0.978635609 50.582435608
0.972565591 0.057605427 0.225383654 -0.478127480 -0.057036698 0.998331070 -0.009039524 0.139046699 -0.225528270 -0.004063610 0.974228084 50.830459595
0.967335343 0.059510272 0.246416122 -0.400269508 -0.058551516 0.998221219 -0.011222792 0.139500380 -0.246645689 -0.003571832 0.969099104 51.078235626
0.961159945 0.060693029 0.269235671 -0.318144798 -0.059297770 0.998151481 -0.013319909 0.139557958 -0.269546390 -0.003162512 0.962982178 51.328022003
0.953898787 0.061778400 0.293701649 -0.225296974 -0.060205042 0.998082161 -0.014403725 0.137761772 -0.294028193 -0.003942627 0.955788553 51.577278137
0.945336163 0.064687282 0.319616854 -0.130862236 -0.063118987 0.997889102 -0.015274718 0.134264469 -0.319930226 -0.005734152 0.947423756 51.830265045
0.935489714 0.066763334 0.346989453 -0.022018433 -0.065154701 0.997741818 -0.016314697 0.128880918 -0.347295165 -0.007345766 0.937727034 52.083511353
0.924314499 0.067393363 0.375634104 0.097366333 -0.065617688 0.997690797 -0.017534023 0.122325242 -0.375948489 -0.008441289 0.926602066 52.332084656
0.911569417 0.065441445 0.405904830 0.229749680 -0.062960334 0.997825921 -0.019478634 0.115958750 -0.406297117 -0.007799773 0.913707733 52.574550629
0.896655977 0.062645465 0.438273638 0.372303009 -0.058992889 0.998016834 -0.021960985 0.108502626 -0.438780248 -0.006163579 0.898573160 52.797546387
0.880155623 0.060993116 0.470750481 0.575723648 -0.055615932 0.998130679 -0.025339192 0.081988454 -0.471415937 -0.003878795 0.881902575 53.005867004
0.860733867 0.062731355 0.505175233 0.741790771 -0.055071555 0.998028696 -0.030099923 0.073016524 -0.506067514 -0.001912762 0.862491786 53.227653503
0.838820338 0.064658433 0.540555060 0.919431686 -0.054840669 0.997907043 -0.034264125 0.064727664 -0.541639209 -0.000902959 0.840610564 53.455070496
0.814040661 0.067326516 0.576892614 1.110153198 -0.056079555 0.997729063 -0.037307799 0.051576257 -0.578094304 -0.001981813 0.815967560 53.687911987
0.786969185 0.070775583 0.612919569 1.318824768 -0.058744393 0.997481167 -0.039756089 0.035406709 -0.614189386 -0.004718767 0.789144516 53.910552979
0.757034779 0.074943349 0.649062276 1.544736862 -0.062465183 0.997151256 -0.042278752 0.021510363 -0.650381744 -0.008537304 0.759559512 54.143005371
0.724008799 0.076501615 0.685535252 1.794996262 -0.062779814 0.997014284 -0.044957656 0.012355447 -0.686927915 -0.010488038 0.726650000 54.367195129
0.687207758 0.074149899 0.722666740 2.080091476 -0.059618782 0.997178078 -0.045622922 -0.002666235 -0.724010468 -0.011732091 0.689689219 54.599876404
0.648250163 0.072582953 0.757959962 2.379295349 -0.056431696 0.997288465 -0.047237672 -0.015906096 -0.759333551 -0.012151140 0.650588214 54.821235657
0.606202722 0.071981773 0.792045891 2.716127396 -0.054449558 0.997315288 -0.048963126 -0.032349229 -0.793443978 -0.013444968 0.608494639 55.033092499
0.560166895 0.071306899 0.825305045 3.060670853 -0.051019944 0.997366607 -0.051543906 -0.054498911 -0.826807201 -0.013233824 0.562329769 55.233169556
0.512460947 0.069984332 0.855853915 3.436178207 -0.047923885 0.997450888 -0.052867465 -0.075793862 -0.857372224 -0.013923333 0.514508486 55.414604187
0.463052183 0.068767980 0.883659184 3.830770493 -0.047389168 0.997480392 -0.052793045 -0.091474295 -0.885063171 -0.017429940 0.465144336 55.603084564
0.413195908 0.066205516 0.908232391 4.251544952 -0.047364920 0.997566164 -0.051169071 -0.114443898 -0.909409583 -0.021875508 0.415326029 55.768962860
0.365132391 0.066016458 0.928611934 4.696033478 -0.049753416 0.997440755 -0.051346440 -0.126188755 -0.929625094 -0.027453370 0.367482483 55.894432068
0.315893829 0.065592103 0.946524560 5.163400650 -0.047864154 0.997438967 -0.053146135 -0.153066874 -0.947586477 -0.028516062 0.318224370 56.025886536
0.268098146 0.063240580 0.961313725 5.645085335 -0.037611276 0.997769535 -0.055149540 -0.168660998 -0.962657154 -0.021370754 0.269878685 56.130344391
0.224120557 0.057967253 0.972835898 6.158742905 -0.024959695 0.998243451 -0.053730994 -0.188618362 -0.974241793 -0.012239468 0.225173756 56.205204010
0.181309178 0.056263003 0.981815457 6.693047523 -0.017001314 0.998392165 -0.054073352 -0.228275061 -0.983279228 -0.006888160 0.181974232 56.284957886
0.143115625 0.058386542 0.987982213 7.237537861 -0.013380772 0.998281300 -0.057056885 -0.238941193 -0.989615560 -0.005054237 0.143650889 56.345233917
0.111346349 0.058330067 0.992068350 7.752086163 -0.004894298 0.998296022 -0.058146916 -0.268260479 -0.993769586 0.001618968 0.111442104 56.332897186
0.081446342 0.056904797 0.995052040 8.312799454 0.002036958 0.998357058 -0.057260554 -0.296339273 -0.996675611 0.006690541 0.081196636 56.370986938
0.055832610 0.055252466 0.996910214 8.892654419 0.008857126 0.998400986 -0.055831145 -0.324866414 -0.998400807 0.011946959 0.055253956 56.396389008
0.035917297 0.056308132 0.997767210 9.478934288 0.014240963 0.998281181 -0.056849781 -0.322074473 -0.999253213 0.016251056 0.035053693 56.407352448
0.017895140 0.058447789 0.998130083 10.087479591 0.017792625 0.998113215 -0.058765803 -0.339799643 -0.999681532 0.018810976 0.016821433 56.438823700
0.007694960 0.055767965 0.998414099 10.653569221 0.017225729 0.998288095 -0.055893689 -0.398712218 -0.999822140 0.017628510 0.006721143 56.380775452
-0.003934195 0.056864776 0.998374104 11.258246422 0.017733917 0.998228848 -0.056786615 -0.427145123 -0.999835074 0.017481675 -0.004935664 56.375320435
-0.013086297 0.059467703 0.998144448 11.869316101 0.022487495 0.997994900 -0.059163976 -0.460185111 -0.999661446 0.021671532 -0.014397338 56.361377716
-0.019819487 0.061654054 0.997900784 12.513183594 0.026654352 0.997774661 -0.061116867 -0.486975372 -0.999448180 0.025387095 -0.021418732 56.342601776
-0.024221612 0.060925875 0.997848332 13.156912804 0.027053798 0.997815490 -0.060267184 -0.517045259 -0.999340534 0.025535818 -0.025816973 56.323478699
-0.027550820 0.058354475 0.997915685 13.830733299 0.024743168 0.998028576 -0.057677958 -0.541612923 -0.999314070 0.023102518 -0.028940378 56.299900055
-0.029976374 0.051768973 0.998209059 14.499090195 0.022776771 0.998433948 -0.051096655 -0.569258153 -0.999291003 0.021204287 -0.031108554 56.284473419
-0.030932374 0.046220504 0.998452246 15.188571930 0.024140663 0.998673379 -0.045482859 -0.597643793 -0.999229908 0.022696408 -0.032007132 56.260437012
-0.031762067 0.043426104 0.998551548 15.890327454 0.026762376 0.998734534 -0.042582795 -0.626836717 -0.999137104 0.025371097 -0.032884054 56.238655090
-0.031109324 0.045723580 0.998469532 16.593448639 0.030136442 0.998541832 -0.044787928 -0.656673491 -0.999061584 0.028697003 -0.032441907 56.206752777
-0.030506130 0.052834172 0.998137236 17.298624039 0.031143602 0.998167396 -0.051883925 -0.690354288 -0.999049187 0.029502807 -0.032095671 56.193279266
-0.028044697 0.060723267 0.997760594 18.017480850 0.031951711 0.997697592 -0.059821349 -0.720633686 -0.999095857 0.030202491 -0.029920336 56.172004700
-0.027149627 0.061664831 0.997727573 18.777112961 0.031836189 0.997642517 -0.060793273 -0.762176633 -0.999124289 0.030113332 -0.029048800 56.186672211
-0.024263851 0.056802448 0.998090565 19.510652542 0.031510990 0.997931719 -0.056027379 -0.802701235 -0.999208808 0.030091388 -0.026003575 56.165302277
-0.021843076 0.050452102 0.998487592 20.245820999 0.031052327 0.998278201 -0.049762219 -0.840448141 -0.999279082 0.029918406 -0.023372125 56.154544830
-0.018738370 0.048611369 0.998641968 20.982763290 0.029462229 0.998410523 -0.048047274 -0.878011942 -0.999390304 0.028521899 -0.020140786 56.142349243
-0.015212808 0.054211330 0.998413563 21.724718094 0.037031781 0.997874618 -0.053617820 -0.914090991 -0.999198258 0.036157351 -0.017188016 56.123653412
-0.012367440 0.059704009 0.998139501 22.473566055 0.039074339 0.997482240 -0.059180547 -0.947409987 -0.999159753 0.038269721 -0.014669197 56.122253418
-0.010249252 0.060513742 0.998114765 23.227870941 0.032643814 0.997655511 -0.060150687 -0.983771801 -0.999414504 0.031965777 -0.012200623 56.129516602
-0.006844490 0.057233065 0.998337328 23.973171234 0.028019883 0.997979760 -0.057020463 -1.019321442 -0.999583960 0.027583020 -0.008434325 56.140098572
-0.002150592 0.053872533 0.998545527 24.709121704 0.032059580 0.998038292 -0.053776123 -1.060073733 -0.999483645 0.031897303 -0.003873504 56.137390137
0.001716987 0.054700878 0.998501301 25.454965591 0.036932845 0.997818053 -0.054726955 -1.100847125 -0.999316216 0.036971461 -0.000307018 56.125862122
0.004624774 0.059319131 0.998228371 26.202890396 0.036463149 0.997565091 -0.059448648 -1.141277552 -0.999324322 0.036673490 0.002450551 56.138744354
0.007635871 0.059580982 0.998194158 26.961059570 0.033193450 0.997658134 -0.059802901 -1.185473084 -0.999419689 0.033590168 0.005640291 56.155246735
0.012111478 0.058984511 0.998185396 27.715423584 0.032241814 0.997716546 -0.059348013 -1.227237344 -0.999406636 0.032902103 0.010182055 56.164455414
0.015733041 0.055635646 0.998327196 28.463792801 0.036165621 0.997765839 -0.056174308 -1.272443652 -0.999221861 0.036988910 0.013685794 56.174621582
0.018645886 0.056216866 0.998244464 29.223064423 0.040233128 0.997567177 -0.056930218 -1.318444133 -0.999016285 0.041224014 0.016338745 56.194435120
0.022043509 0.057051823 0.998127818 29.957981110 0.043532569 0.997368693 -0.057969850 -1.357156634 -0.998808801 0.044728924 0.019501891 56.207229614
0.025097797 0.057106055 0.998052537 30.705213547 0.043779477 0.997346520 -0.058166564 -1.395056367 -0.998726010 0.045154072 0.022531124 56.227371216
0.028374536 0.055617735 0.998048782 31.461687088 0.044862028 0.997373998 -0.056855556 -1.437963009 -0.998590112 0.046387751 0.025804896 56.258213043
0.032524537 0.054349892 0.997992039 32.227474213 0.047368873 0.997314513 -0.055856742 -1.483361006 -0.998347819 0.049090471 0.029862706 56.274044037
0.034694340 0.055094473 0.997878194 32.981834412 0.045865621 0.997339427 -0.056659389 -1.512560844 -0.998344958 0.047734059 0.032075088 56.317909241
0.037739649 0.056814596 0.997671127 33.739337921 0.043204721 0.997356057 -0.058430985 -1.553024769 -0.998353183 0.045309264 0.035185218 56.358203888
0.040569220 0.056799829 0.997560978 34.496707916 0.045044046 0.997263908 -0.058614779 -1.593888521 -0.998160839 0.047312129 0.037899729 56.392940521
0.043274913 0.056493934 0.997464538 35.260059357 0.042998329 0.997369528 -0.058354020 -1.634090424 -0.998137534 0.045414571 0.040731940 56.435997009
0.045396645 0.056401290 0.997375548 36.022811890 0.041767437 0.997424603 -0.058305152 -1.672823906 -0.998095512 0.044304676 0.042923994 56.460426331
0.048461337 0.056579482 0.997221231 36.786102295 0.038754795 0.997536004 -0.058480680 -1.712387562 -0.998072922 0.041481167 0.046149198 56.503440857
0.051786404 0.058901377 0.996919632 37.559642792 0.037312012 0.997447968 -0.060870823 -1.750291109 -0.997960925 0.040349361 0.049456522 56.551258087
0.054821149 0.062165242 0.996559083 38.326076508 0.036431309 0.997270942 -0.064213738 -1.795869946 -0.997831404 0.039826225 0.052406780 56.605873108
0.059121527 0.063944049 0.996200681 39.093128204 0.036779743 0.997129202 -0.066186406 -1.846034884 -0.997572958 0.040553048 0.056599945 56.640884399
0.061325837 0.066775493 0.995881617 39.869323730 0.031756867 0.997123897 -0.068814397 -1.875547647 -0.997612476 0.035846181 0.059028886 56.710231781
0.063461825 0.065756984 0.995815575 40.613826752 0.027620196 0.997329056 -0.067617118 -1.923853278 -0.997601986 0.031795729 0.061476082 56.757255554
0.067934237 0.066209294 0.995490432 41.388618469 0.029860370 0.997213721 -0.068361610 -1.973533392 -0.997242868 0.034369808 0.065767907 56.804313660
0.071637273 0.067175359 0.995166123 42.165664673 0.029440762 0.997152328 -0.069428742 -2.024163723 -0.996996105 0.034272134 0.069455571 56.864379883
0.075494662 0.068112992 0.994817257 42.948322296 0.025565544 0.997204125 -0.070216522 -2.072385788 -0.996818423 0.030734012 0.073542230 56.934066772
0.080324985 0.065648593 0.994604647 43.735919952 0.024703186 0.997391105 -0.067827560 -2.124964952 -0.996462584 0.030018143 0.078493699 57.001178741
0.083853759 0.066275634 0.994271636 44.546600342 0.025017815 0.997331202 -0.068589509 -2.169594288 -0.996163964 0.030625990 0.081971921 57.075073242
0.089376271 0.070011251 0.993534267 45.337322235 0.021587091 0.997155905 -0.072208390 -2.219778299 -0.995763958 0.027901230 0.087610751 57.146232605
0.095454775 0.078591540 0.992326498 46.124080658 0.019592492 0.996536970 -0.080809683 -2.275281906 -0.995240867 0.027155818 0.093584426 57.226406097
0.103197947 0.083218209 0.991173446 46.917236328 0.018011939 0.996174216 -0.085513406 -2.334085941 -0.994497657 0.026677769 0.101304218 57.308845520
0.110333472 0.085747525 0.990188837 47.708389282 0.014055744 0.996037126 -0.087820172 -2.401689053 -0.993795216 0.023607343 0.108691014 57.409740448
0.116837166 0.084696859 0.989533126 48.523601532 0.010347228 0.996199012 -0.086489171 -2.448965073 -0.993097126 0.020344071 0.115516715 57.521831512
0.125841781 0.082920387 0.988578856 49.335617065 0.010377733 0.996336102 -0.084892094 -2.513360023 -0.991996109 0.020942178 0.124520190 57.606643677
0.131552041 0.080144837 0.988064229 50.146358490 0.010070144 0.996567070 -0.082175262 -2.565291405 -0.991258085 0.020760272 0.130293354 57.750167847
0.139139608 0.074530050 0.987464190 50.949623108 0.008457936 0.997037947 -0.076444417 -2.624191761 -0.990236580 0.018988350 0.138097093 57.867385864
0.146372125 0.066927880 0.986962914 51.743846893 0.005990489 0.997630537 -0.068539679 -2.682105303 -0.989211440 0.015944688 0.145624340 57.992961884
0.153884366 0.063758150 0.986029685 52.571006775 0.005669699 0.997842669 -0.065406822 -2.752139091 -0.988072574 0.015655581 0.153190881 58.122009277
0.161151931 0.065782271 0.984734893 53.369853973 0.005485891 0.997701049 -0.067546196 -2.803952217 -0.986914337 0.016287351 0.160420582 58.257022858
0.167291760 0.072090298 0.983268261 54.145355225 0.005993562 0.997230291 -0.074133694 -2.860284328 -0.985889256 0.018295230 0.166396320 58.387928009
0.172268480 0.076065205 0.982108772 54.917823792 0.004889288 0.996935844 -0.078071177 -2.905702829 -0.985037923 0.018251019 0.171368703 58.530601501
0.176591426 0.078174300 0.981174946 55.683914185 0.003786166 0.996779680 -0.080099031 -2.975873232 -0.984276891 0.017859694 0.175726786 58.691055298
0.182288557 0.077692039 0.980170846 56.434463501 0.001546945 0.996849537 -0.079301737 -3.031971931 -0.983243883 0.015972070 0.181594044 58.835693359
0.187681347 0.075203449 0.979346812 57.230850220 0.004689548 0.996984720 -0.077456571 -3.097439289 -0.982218742 0.019129844 0.186762795 58.972099304
0.192153901 0.068560272 0.978966951 57.987182617 0.005222246 0.997471154 -0.070881225 -3.151230812 -0.981350839 0.018732509 0.191309929 59.119823456
0.195308998 0.062393546 0.978755057 58.740291595 0.003970044 0.997915804 -0.064407229 -3.201192617 -0.980733752 0.016465010 0.194654211 59.283065796
0.198217317 0.058951169 0.978383720 59.477302551 0.000304518 0.998186052 -0.060206018 -3.252684355 -0.980158091 0.012231809 0.197839767 59.451030731
0.201288894 0.059225135 0.977739871 60.199920654 -0.001099341 0.998183548 -0.060237169 -3.295458794 -0.979531348 0.011050203 0.200988382 59.607139587
0.203501776 0.061315790 0.977152765 60.918403625 -0.002477750 0.998066127 -0.062112089 -3.336907864 -0.979071379 0.010218780 0.203260168 59.761085510
0.205171198 0.065882422 0.976506114 61.611701965 -0.008090494 0.997811854 -0.065619975 -3.389407873 -0.978692651 0.005562916 0.205255300 59.906856537
0.207406834 0.069993712 0.975747526 62.306259155 -0.009366318 0.997533381 -0.069565579 -3.436868906 -0.978209972 0.005289211 0.207550809 60.057907104
0.209307641 0.075536020 0.974928021 62.989662170 -0.010114294 0.997125864 -0.075084440 -3.484984875 -0.977797568 0.005855039 0.209470049 60.211933136
0.210922286 0.077308200 0.974440932 63.662490845 -0.009243134 0.996980846 -0.077095702 -3.535505295 -0.977459013 0.007254313 0.211000040 60.363197327
0.212358773 0.077422693 0.974119842 64.331130981 -0.011976625 0.996987700 -0.076629311 -3.583354950 -0.977118373 0.004606241 0.212646365 60.516227722
0.212673783 0.074527860 0.974276841 64.981040955 -0.012348084 0.997212291 -0.073586866 -3.633903503 -0.977045238 0.003619547 0.213001207 60.666053772
0.213702753 0.072468400 0.974207103 65.665710449 -0.011402250 0.997361779 -0.071689613 -3.669345617 -0.976832211 0.004212115 0.213965267 60.817832947
0.213712841 0.071400762 0.974283636 66.312759399 -0.010555265 0.997435987 -0.070782132 -3.714716673 -0.976839542 0.004843228 0.213918492 60.956878662
0.212240025 0.070572980 0.974665940 66.944648743 -0.011032345 0.997498393 -0.069823846 -3.763183117 -0.977155328 0.004066565 0.212487668 61.098323822
0.211418718 0.071409315 0.974783421 67.567062378 -0.011473802 0.997440100 -0.070580527 -3.803808212 -0.977328241 0.003737572 0.211696833 61.225944519
0.209134951 0.074279577 0.975061595 68.176414490 -0.012382324 0.997232139 -0.073312707 -3.850106716 -0.977808416 0.003258723 0.209475815 61.361793518
0.206809968 0.078060672 0.975262046 68.776885986 -0.010565844 0.996932209 -0.077554598 -3.896613359 -0.978324115 0.005734599 0.207000256 61.490550995
0.204328999 0.078374989 0.975759745 69.397293091 -0.008960928 0.996897817 -0.078196362 -3.950695992 -0.978861272 0.007234073 0.204397425 61.628559113
0.201851368 0.077786319 0.976322353 69.985816956 -0.010019878 0.996953011 -0.077358447 -3.988828182 -0.979364872 0.005832278 0.202015728 61.751220703
0.199642703 0.074625552 0.977022946 70.573844910 -0.010156372 0.997199714 -0.074091338 -4.033589363 -0.979816139 0.004868789 0.199841619 61.873069763
0.197614908 0.070306331 0.977755308 71.148338318 -0.009533925 0.997515380 -0.069800302 -4.081979752 -0.980233252 0.004471731 0.197794214 61.991828918
0.195448548 0.069116175 0.978275478 71.703750610 -0.005458219 0.997574687 -0.069389187 -4.124664307 -0.980698764 0.008222375 0.195351809 62.102745056
0.193976432 0.071800813 0.978375196 72.282913208 -0.003364873 0.997360766 -0.072527006 -4.142775536 -0.981000364 0.010776425 0.193706140 62.199401855
0.192070007 0.073790438 0.978603125 72.832763672 0.000689028 0.997158885 -0.075324841 -4.180123329 -0.981380939 0.015141929 0.191473454 62.294429779
0.190317035 0.075761475 0.978795052 73.376853943 0.000352707 0.997012436 -0.077240132 -4.216403008 -0.981722653 0.015045342 0.189721763 62.403785706
0.188884914 0.078287557 0.978873670 73.910156250 0.000070550 0.996815920 -0.079736166 -4.255251884 -0.981999218 0.015130016 0.188277975 62.512722015
0.187732384 0.076867193 0.979207933 74.455162048 0.001849859 0.996903598 -0.078610949 -4.293724537 -0.982218444 0.016569220 0.187008962 62.611267090
0.188529179 0.075145774 0.979188383 75.003692627 0.007842606 0.996921122 -0.078016624 -4.334659576 -0.982036352 0.022387803 0.187359408 62.706150055
0.190692723 0.073284976 0.978910446 75.555152893 0.012518446 0.996946752 -0.077073842 -4.373744965 -0.981570005 0.026951857 0.189193115 62.805900574
0.191892520 0.072338931 0.978746295 76.078598022 0.015152913 0.996942580 -0.076654688 -4.417709827 -0.981298923 0.029540317 0.190209687 62.919536591
0.195298195 0.072149709 0.978086352 76.634757996 0.012485112 0.997026622 -0.076039806 -4.458497047 -0.980664492 0.027061956 0.193816692 63.037933350
0.200434521 0.072830267 0.976996243 77.184341431 0.011447489 0.996990800 -0.076669276 -4.496658325 -0.979640186 0.026551319 0.198997647 63.162117004
0.207297429 0.071393818 0.975669324 77.747207642 0.012741413 0.997051835 -0.075665601 -4.538199425 -0.978195071 0.028116692 0.205776632 63.282333374
0.214906424 0.071934104 0.973981857 78.318763733 0.010297480 0.997061431 -0.075910762 -4.575466156 -0.976580322 0.026343273 0.213534161 63.413089752
0.223496750 0.069898710 0.972195089 78.898605347 0.010937402 0.997182667 -0.074209660 -4.611339569 -0.974643230 0.027218908 0.222102597 63.550521851
0.232657641 0.069753818 0.970054030 79.485473633 0.007462129 0.997267306 -0.073500350 -4.653037548 -0.972530067 0.024339093 0.231501311 63.698108673
0.241662517 0.069853939 0.967842758 80.027992249 0.006750510 0.997260392 -0.073662698 -4.681488514 -0.970336854 0.024334950 0.240528941 63.858131409
0.251342118 0.074087679 0.965058625 80.612930298 0.001301980 0.997039318 -0.076881930 -4.718203545 -0.967897475 0.020580160 0.250501513 64.023506165
0.261094540 0.076690227 0.962261975 81.211303711 -0.002223739 0.996884346 -0.078846186 -4.754102707 -0.965310633 0.018446490 0.260451615 64.194084167
0.271681488 0.079340748 0.959111094 81.812500000 -0.006127260 0.996718347 -0.080716103 -4.797454834 -0.962367713 0.016052352 0.271276027 64.384140015
0.281709164 0.080650173 0.956104338 82.417884827 -0.007064362 0.996608496 -0.081985377 -4.844945431 -0.959473908 0.016341764 0.281323493 64.576957703
0.291426867 0.080995731 0.953157961 82.999038696 -0.009489201 0.996604681 -0.081786364 -4.884613037 -0.956546068 0.014790034 0.291205913 64.766189575
0.301736385 0.081141271 0.949932277 83.616905212 -0.009844352 0.996583819 -0.081999198 -4.928869247 -0.953340590 0.015390673 0.301504433 64.975471497
0.311756402 0.082013048 0.946615994 84.257461548 -0.014553427 0.996563315 -0.081547365 -4.982689381 -0.950050592 0.011646410 0.311878532 65.199401855
0.322482586 0.077491321 0.943398118 84.918182373 -0.014264160 0.996928096 -0.077012375 -5.026004791 -0.946467996 0.011378367 0.322597265 65.429763794
0.333518684 0.070140608 0.940130711 85.585212708 -0.010326442 0.997440398 -0.070752949 -5.072992325 -0.942686915 0.013889222 0.333389282 65.662071228
0.343815565 0.065658465 0.936738968 86.253807068 -0.008938059 0.997736156 -0.066653334 -5.122733593 -0.938994646 0.014543821 0.343624085 65.923278809
0.354112625 0.062362000 0.933121264 86.943473816 -0.009443942 0.997961760 -0.063111499 -5.164862633 -0.935155094 0.013536233 0.353979826 66.197425842
0.363324225 0.060957424 0.929666460 87.598457336 -0.004078629 0.997951746 -0.063840866 -5.189570904 -0.931653857 0.019403161 0.362828672 66.460792542
0.371950507 0.055286892 0.926604629 88.302207947 0.002688415 0.998156309 -0.060635272 -5.225794792 -0.928248763 0.025044413 0.371116132 66.735122681
0.379321784 0.045911167 0.924125075 89.028266907 0.012306019 0.998429537 -0.054653853 -5.262003899 -0.925183058 0.032103702 0.378161132 67.019050598
0.386402994 0.041468978 0.921397269 89.737915039 0.017961215 0.998460948 -0.052469686 -5.300408840 -0.922155082 0.036823858 0.385063469 67.308784485
0.393660575 0.041368738 0.918324590 90.451400757 0.019793997 0.998373866 -0.053459939 -5.346531868 -0.919042766 0.039222378 0.392201513 67.615249634
0.400984317 0.048232488 0.914814293 91.181427002 0.021675156 0.997833908 -0.062110320 -5.380062103 -0.915828466 0.044734005 0.399070233 67.939453125
0.408059895 0.052673433 0.911434293 91.879325867 0.025286876 0.997299135 -0.068956941 -5.417974472 -0.912604928 0.051185895 0.405625790 68.248779297
0.413314164 0.054680288 0.908945203 92.587249756 0.023918098 0.997198999 -0.070865467 -5.463047981 -0.910274327 0.051029935 0.410848707 68.579254150
0.417782575 0.056410909 0.906794071 93.277442932 0.016762508 0.997422099 -0.069771715 -5.513321877 -0.908392310 0.044349544 0.415759981 68.915893555
0.421561778 0.060387183 0.904786766 93.957160950 0.010091102 0.997405946 -0.071270458 -5.561871529 -0.906743526 0.039175190 0.419858843 69.254570007
0.425157338 0.062982343 0.902925491 94.631095886 0.009401389 0.997214913 -0.073986165 -5.620644569 -0.905070603 0.039944511 0.423381150 69.596710205
0.429605812 0.067213096 0.900511622 95.304031372 0.006141122 0.996985555 -0.077343524 -5.672771454 -0.902995527 0.038757384 0.427898169 69.915916443
0.432690561 0.070806324 0.898757696 95.963821411 0.002762318 0.996802211 -0.079860382 -5.722208023 -0.901538253 0.037037492 0.431111366 70.252861023
0.436037421 0.069167003 0.897266567 96.611602783 0.001494754 0.996985018 -0.077580318 -5.782460213 -0.899927258 0.035169117 0.434619427 70.592094421
0.440181673 0.066454299 0.895446181 97.275146484 0.002157110 0.997176409 -0.075064436 -5.838836670 -0.897906125 0.034973558 0.438795447 70.926872253
0.443999797 0.063626193 0.893765032 97.909179688 0.002367671 0.997388840 -0.072179243 -5.884063721 -0.896023929 0.034163713 0.442689747 71.234817505
0.447452545 0.062726274 0.892105162 98.536796570 0.001169954 0.997495353 -0.070723332 -5.940120697 -0.894306898 0.032689057 0.446258396 71.560890198
0.450781226 0.064448327 0.890304863 99.150794983 -0.001002635 0.997426093 -0.071695074 -5.993145943 -0.892633915 0.031426139 0.449685603 71.883865356
0.453912228 0.064110376 0.888737023 99.710998535 -0.000100642 0.997411966 -0.071898386 -6.041072369 -0.891046345 0.032546122 0.452743977 72.140357971
0.456243485 0.062513866 0.887656391 100.315895081 0.001710581 0.997465789 -0.071126491 -6.085611820 -0.889853299 0.033969410 0.454980463 72.447158813
0.457553148 0.061576754 0.887047529 100.908485413 0.003361109 0.997472405 -0.070975900 -6.134119511 -0.889175951 0.035456710 0.456189632 72.765975952
0.459036350 0.061740637 0.886269569 101.482795715 0.001313898 0.997534037 -0.070172235 -6.187683105 -0.888416588 0.033376075 0.457823247 73.075317383
0.461258948 0.061088949 0.885160029 102.061676025 0.002166880 0.997546554 -0.069974408 -6.241206169 -0.887262940 0.034194365 0.459994882 73.378982544
0.463861287 0.063078947 0.883659244 102.622596741 0.001237106 0.997414768 -0.071848661 -6.286893845 -0.885907054 0.034420993 0.462584138 73.680046082
0.466175765 0.063408256 0.882416904 103.168769836 0.003415847 0.997291744 -0.073467448 -6.339344978 -0.884685576 0.037262946 0.464696676 73.983070374
0.469773084 0.062043991 0.880604208 103.710128784 0.006798590 0.997243464 -0.073888741 -6.371942997 -0.882761061 0.040697806 0.468056202 74.250373840
0.473270535 0.060834508 0.878814101 104.255744934 0.009848449 0.997184873 -0.074332252 -6.408282280 -0.880862176 0.043834206 0.471339136 74.535362244
0.476669580 0.060169112 0.877020895 104.782737732 0.011029152 0.997167051 -0.074406333 -6.451416016 -0.879013240 0.045140039 0.474655569 74.819503784
0.479721785 0.059657514 0.875390172 105.291992188 0.011983939 0.997147322 -0.074522525 -6.495158195 -0.877338886 0.046240702 0.477638304 75.102073669
0.483130634 0.058703754 0.873578012 105.795860291 0.013167783 0.997149765 -0.074290089 -6.532775879 -0.875449240 0.047394902 0.480980575 75.381538391
0.486553907 0.058016099 0.871722043 106.290649414 0.014722917 0.997106433 -0.074578501 -6.575925827 -0.873526573 0.049120750 0.484291792 75.659484863
0.490833491 0.059223969 0.869238138 106.759712219 0.014621534 0.996986568 -0.076184228 -6.612213135 -0.871130824 0.050103351 0.488488346 75.925819397
0.494288862 0.058153488 0.867350399 107.246925354 0.016590228 0.996947110 -0.076297097 -6.667045593 -0.869139373 0.052102346 0.491815060 76.214897156
0.499308079 0.061716899 0.864223659 107.737388611 0.014259278 0.996739328 -0.079418600 -6.709396362 -0.866307139 0.051977556 0.496799946 76.495399475
0.504818499 0.067459971 0.860585570 108.219924927 0.010886793 0.996364892 -0.084489696 -6.754433632 -0.863156855 0.052020971 0.502249002 76.791641235
0.510508537 0.074742042 0.856618106 108.696861267 0.005571756 0.995906770 -0.090215847 -6.798193455 -0.859854639 0.050828826 0.508002400 77.093559265
0.516701698 0.080904290 0.852334261 109.177131653 0.001157700 0.995458305 -0.095191553 -6.838089466 -0.856164753 0.050172381 0.514261305 77.401977539
0.522727787 0.085650213 0.848186135 109.650848389 -0.002652114 0.995098710 -0.098851055 -6.885031223 -0.852495492 0.049422707 0.520392835 77.713455200
0.528016984 0.086573832 0.844809473 110.082321167 -0.006443291 0.995169878 -0.097955242 -6.912382603 -0.849209368 0.046278674 0.526024461 78.002311707
0.533745885 0.085181393 0.841343820 110.569000244 -0.014098345 0.995671928 -0.091862306 -6.978101730 -0.845527291 0.037169572 0.532636762 78.317840576
0.540560126 0.083195157 0.837181807 111.082771301 -0.020477131 0.996104836 -0.085766286 -7.024021149 -0.841056108 0.029218750 0.540158153 78.645629883
0.545633495 0.081263222 0.834074676 111.576095581 -0.026814032 0.996470690 -0.079544194 -7.078164101 -0.837594867 0.021037061 0.545886695 79.004463196
0.551912010 0.079495028 0.830104589 112.086021423 -0.029629022 0.996686757 -0.075748295 -7.125045776 -0.833375812 0.017211206 0.552438736 79.362243652
0.557631791 0.083284408 0.825899780 112.581321716 -0.034773812 0.996424317 -0.077001631 -7.168970108 -0.829359829 0.014218863 0.558534026 79.723007202
0.563358784 0.087068953 0.821611762 113.055992126 -0.037946030 0.996109009 -0.079542361 -7.186215401 -0.825340509 0.013633980 0.564470708 80.084579468
0.569782734 0.090241343 0.816825807 113.581367493 -0.040785071 0.995832980 -0.081567809 -7.234238148 -0.820782721 0.013161631 0.571089029 80.453376770
0.575377882 0.092252970 0.812668204 114.108337402 -0.043203816 0.995659351 -0.082437113 -7.282276630 -0.816745698 0.012322130 0.576866150 80.859344482
