1.000000000 0.000000000 0.000000000 0.000000000 0.000000000 1.000000000 0.000000000 0.000000000 0.000000000 0.000000000 1.000000000 0.000000000
0.999999106 0.000321039 0.001305022 -0.005477244 -0.000315178 0.999989867 -0.004489203 -0.001976895 -0.001306450 0.004488787 0.999989092 0.954837143
0.999996901 -0.001410974 0.002062205 -0.003515539 0.001422044 0.999984503 -0.005376212 0.000733338 -0.002054588 0.005379128 0.999983430 1.908679128
0.999992967 -0.002962994 0.002303546 -0.004464256 0.002966423 0.999994457 -0.001486381 0.000265546 -0.002299129 0.001493204 0.999996245 2.859891415
0.999983191 -0.005545617 0.001697503 -0.001988847 0.005537465 0.999973297 0.004769381 -0.001923721 -0.001723906 -0.004759902 0.999987185 3.807961941
0.999958277 -0.009125258 0.000268682 0.003147749 0.009123890 0.999947250 0.004709279 0.000687152 -0.000311642 -0.004706632 0.999988854 4.741744995
0.999930084 -0.011812555 -0.000569576 0.002419830 0.011813563 0.999928534 0.001799034 0.005472263 0.000548284 -0.001805637 0.999998152 5.674006462
0.999917924 -0.012737620 -0.001314224 -0.005648004 0.012735097 0.999917090 -0.001908430 0.011900191 0.001338424 0.001891537 0.999997318 6.604665279
0.999924958 -0.012129058 -0.001722308 -0.016981943 0.012124827 0.999923468 -0.002445882 0.010161249 0.001751842 0.002424816 0.999995530 7.522357464
0.999926925 -0.011809122 -0.002641177 -0.026132137 0.011807471 0.999930084 -0.000640417 0.010807317 0.002648555 0.000609185 0.999996305 8.443908691
0.999927938 -0.011568232 -0.003203257 -0.035056029 0.011575997 0.999930084 0.002416156 0.009743237 0.003175082 -0.002453062 0.999991894 9.359935760
0.999916852 -0.012083800 -0.004492040 -0.037044674 0.012102295 0.999918282 0.004113326 0.009700377 0.004441968 -0.004167349 0.999981463 10.279443741
0.999905109 -0.012882856 -0.004874228 -0.046706520 0.012906786 0.999904633 0.004910681 0.012148697 0.004810499 -0.004973126 0.999975979 11.195318222
0.999896705 -0.013194351 -0.005690008 -0.052832298 0.013221767 0.999900997 0.004807768 0.017300628 0.005626010 -0.004882504 0.999972284 12.102194786
0.999884248 -0.013807576 -0.006385820 -0.064091831 0.013829223 0.999898732 0.003358528 0.022181364 0.006338800 -0.003446450 0.999973953 13.007402420
0.999872386 -0.013959972 -0.007772264 -0.075490288 0.013971795 0.999901235 0.001468819 0.024507560 0.007750993 -0.001577224 0.999968767 13.909941673
0.999838531 -0.015365140 -0.009310117 -0.083923228 0.015367645 0.999881864 0.000197738 0.027783036 0.009305980 -0.000340780 0.999956667 14.805170059
0.999820709 -0.015248065 -0.011231401 -0.094246291 0.015241086 0.999883592 -0.000706769 0.030272860 0.011240871 0.000535464 0.999936700 15.709986687
0.999827981 -0.014000436 -0.012164492 -0.123465188 0.013984681 0.999901235 -0.001379469 0.030289264 0.012182606 0.001209115 0.999925077 16.596282959
0.999824345 -0.012292105 -0.014150782 -0.138663769 0.012268742 0.999923170 -0.001736756 0.032884147 0.014171044 0.001562838 0.999898374 17.497114182
0.999798715 -0.012944181 -0.015329653 -0.160474777 0.012935449 0.999916077 -0.000668738 0.031601034 0.015337022 0.000470307 0.999882221 18.388494492
0.999777317 -0.012728930 -0.016832367 -0.178647295 0.012741575 0.999918640 0.000644342 0.031421226 0.016822791 -0.000858669 0.999858141 19.268810272
0.999758720 -0.012538746 -0.018034598 -0.201070607 0.012565893 0.999920130 0.001392840 0.028663142 0.018015690 -0.001619125 0.999836385 20.150062561
0.999708474 -0.013828736 -0.019793188 -0.218548641 0.013843277 0.999903977 0.000597806 0.037780531 0.019783020 -0.000871634 0.999803901 21.028938293
0.999685049 -0.013214180 -0.021334652 -0.241688550 0.013228612 0.999912500 0.000535560 0.030358527 0.021325706 -0.000817619 0.999772251 21.884252548
0.999656677 -0.013499621 -0.022452362 -0.267807961 0.013526198 0.999908030 0.001032304 0.031145021 0.022436360 -0.001335645 0.999747336 22.747337341
0.999647081 -0.013096808 -0.023110880 -0.291069895 0.013178100 0.999907494 0.003368790 0.028882012 0.023064623 -0.003672158 0.999727190 23.609121323
0.999608397 -0.014049436 -0.024196992 -0.309682578 0.014200320 0.999880731 0.006075110 0.032649405 0.024108747 -0.006416337 0.999688745 24.455238342
0.999591410 -0.013748272 -0.025060862 -0.330178827 0.013947879 0.999872267 0.007807482 0.032654524 0.024950320 -0.008153837 0.999655426 25.295061111
0.999586880 -0.012884783 -0.025689580 -0.356848747 0.013060600 0.999892354 0.006687858 0.033651367 0.025600644 -0.007020617 0.999647617 26.120656967
0.999586940 -0.011426435 -0.026371082 -0.385215908 0.011534243 0.999925733 0.003939564 0.039091438 0.026324108 -0.004242107 0.999644458 26.927705765
0.999575913 -0.010760638 -0.027059903 -0.410599321 0.010824096 0.999939024 0.002199705 0.042548630 0.027034583 -0.002491672 0.999631405 27.732868195
0.999553442 -0.009929551 -0.028183497 -0.436510623 0.009980480 0.999948800 0.001667011 0.047759026 0.028165499 -0.001947551 0.999601364 28.531217575
0.999511302 -0.010024324 -0.029607147 -0.460681081 0.010070862 0.999948263 0.001423150 0.045148458 0.029591348 -0.001720624 0.999560535 29.316646576
0.999465406 -0.009681343 -0.031227738 -0.491654456 0.009702723 0.999952734 0.000533152 0.044514082 0.031221094 -0.000835861 0.999512136 30.093542099
0.999396205 -0.009952000 -0.033288088 -0.521515191 0.009975824 0.999950051 0.000549585 0.044642635 0.033280943 -0.000881329 0.999445677 30.857213974
0.999336779 -0.009821764 -0.035064463 -0.553487837 0.009880192 0.999949992 0.001493425 0.049399607 0.035048038 -0.001838878 0.999383926 31.621387482
0.999246895 -0.010156241 -0.037449673 -0.579454422 0.010299767 0.999940276 0.003641554 0.053278625 0.037410457 -0.004024534 0.999291837 32.379264832
0.999173880 -0.009180669 -0.039586589 -0.611612797 0.009392588 0.999942541 0.005170692 0.056087911 0.039536834 -0.005538241 0.999202907 33.123992920
0.999101698 -0.007952991 -0.041624449 -0.642032743 0.008190505 0.999951065 0.005538633 0.056471094 0.041578364 -0.005874582 0.999117970 33.857727051
0.999039888 -0.005208226 -0.043497801 -0.683113933 0.005417025 0.999974310 0.004683721 0.059877224 0.043472297 -0.004914852 0.999042571 34.571556091
0.998971462 -0.003608405 -0.045198370 -0.719162226 0.003784828 0.999985576 0.003818332 0.064657107 0.045183934 -0.003985472 0.998970747 35.279140472
0.998874724 -0.003455842 -0.047297753 -0.749384403 0.003691169 0.999981225 0.004889016 0.068304829 0.047279973 -0.005058099 0.998868883 35.982700348
0.998826087 -0.002157712 -0.048390444 -0.790437341 0.002481034 0.999974966 0.006622481 0.073960364 0.048374940 -0.006734765 0.998806536 36.673435211
0.998804152 0.000698486 -0.048885223 -0.822657108 -0.000356205 0.999975502 0.007010086 0.080488622 0.048888907 -0.006984291 0.998779774 37.364440918
0.998850167 0.003915205 -0.047781125 -0.861105740 -0.003669551 0.999979556 0.005227873 0.075298250 0.047800612 -0.005046526 0.998844147 38.025711060
0.998936772 0.005666285 -0.045751754 -0.900156915 -0.005569829 0.999981940 0.002235485 0.078180149 0.045763608 -0.001978279 0.998950303 38.676296234
0.999014616 0.006212211 -0.043943580 -0.926009417 -0.006205338 0.999980688 0.000292831 0.084919520 0.043944556 -0.000019857 0.999033988 39.326866150
0.999138832 0.007124599 -0.040876035 -0.955617607 -0.007093743 0.999974370 0.000899861 0.087740898 0.040881407 -0.000609122 0.999163806 39.967044830
0.999204457 0.012031347 -0.038021553 -0.986485004 -0.011908185 0.999923110 0.003464130 0.090971485 0.038060311 -0.003008607 0.999270856 40.604614258
0.999288797 0.016118199 -0.034087680 -1.012510538 -0.015888847 0.999849260 0.006988511 0.091762155 0.034195185 -0.006441928 0.999394417 41.232212067
0.999332488 0.021079158 -0.029836707 -1.038341403 -0.020833828 0.999746680 0.008509631 0.086941332 0.030008523 -0.007882338 0.999518573 41.828075409
0.999383509 0.025061194 -0.024584053 -1.059344172 -0.024868663 0.999657869 0.008106246 0.104262665 0.024778789 -0.007489876 0.999665022 42.423198700
0.999403059 0.029116631 -0.018594431 -1.077172756 -0.028929226 0.999528706 0.010269222 0.105789453 0.018884674 -0.009725166 0.999774516 42.993942261
0.999346316 0.034138214 -0.011891373 -1.095581532 -0.033999104 0.999353230 0.011710162 0.105971336 0.012283445 -0.011298214 0.999860704 43.536888123
0.999294996 0.037197094 -0.005087057 -1.098516822 -0.037138194 0.999247074 0.011221022 0.110218287 0.005500616 -0.011024186 0.999924123 44.071796417
0.999174654 0.040568870 0.002032293 -1.098764062 -0.040589374 0.999111474 0.011346337 0.110206962 -0.001570179 -0.011419462 0.999933541 44.582942963
0.998936355 0.045068663 0.009742906 -1.101534963 -0.045173652 0.998920321 0.010838632 0.115833938 -0.009243905 -0.011267225 0.999893785 45.075328827
0.998630047 0.049405109 0.017236821 -1.094531417 -0.049548741 0.998739719 0.008007163 0.120497137 -0.016819505 -0.008850259 0.999819398 45.539802551
0.998377860 0.051138490 0.025030373 -1.082226396 -0.051276818 0.998672366 0.004915666 0.123038173 -0.024745762 -0.006191169 0.999674618 45.985492706
0.998113871 0.051855076 0.032860488 -1.067298293 -0.052034523 0.998634577 0.004629078 0.124579996 -0.032575570 -0.006330227 0.999449253 46.409740448
0.997859597 0.051126376 0.040771857 -1.043079376 -0.051415652 0.998658836 0.006077765 0.124244258 -0.040406432 -0.008161068 0.999149978 46.803813934
0.997397840 0.053158436 0.048700206 -1.020640612 -0.053555280 0.998541117 0.006879230 0.126386195 -0.048263483 -0.009469484 0.998789728 47.193817139
0.996795297 0.055760290 0.057356909 -1.002417326 -0.056251738 0.998392165 0.006988465 0.126669019 -0.056875009 -0.010192497 0.998329222 47.540527344
0.995977461 0.060640078 0.065969281 -0.978041172 -0.061197173 0.998104811 0.006454915 0.126532823 -0.065452836 -0.010466081 0.997800767 47.867683411
0.995106339 0.064395182 0.074945405 -0.957783699 -0.065056473 0.997860909 0.006413396 0.127425492 -0.074372098 -0.011257693 0.997166991 48.170364380
0.994428277 0.063486561 0.084153958 -0.923975945 -0.064313181 0.997904181 0.007145746 0.124630302 -0.083523929 -0.012518142 0.996427119 48.451042175
0.993519843 0.062592328 0.094871163 -0.892426968 -0.063377321 0.997975647 0.005281106 0.122269720 -0.094348557 -0.011259565 0.995475531 48.716236115
0.992384911 0.061264653 0.106858559 -0.857529640 -0.061714482 0.998093426 0.000904742 0.122538567 -0.106599398 -0.007492574 0.994273841 48.983768463
0.990847528 0.062102113 0.119852312 -0.812945843 -0.062124204 0.998062074 -0.003555690 0.127390027 -0.119840868 -0.003922584 0.992785335 49.255535126
0.988726139 0.063868605 0.135431230 -0.769634247 -0.063727625 0.997952819 -0.005380495 0.119525164 -0.135497659 -0.003310876 0.990772069 49.494129181
0.986249089 0.065449916 0.151752919 -0.727821350 -0.065163925 0.997850955 -0.006862381 0.121519864 -0.151875973 -0.003120802 0.988394558 49.762916565
0.983424067 0.066168852 0.168815941 -0.674107552 -0.065738797 0.997803748 -0.008141353 0.119354814 -0.168983862 -0.003091359 0.985613942 50.020969391
0.980252802 0.065190345 0.186694324 -0.612163544 -0.064574547 0.997868776 -0.009384518 0.118679523 -0.186908215 -0.002856501 0.982373238 50.273384094
0.976458728 0.064172097 0.205937549 -0.546771049 -0.063618369 0.997930825 -0.009316329 0.109655350 -0.206109285 -0.004004404 0.978520811 50.497909546
0.971926987 0.064531237 0.226260111 -0.477374077 -0.063726485 0.997908175 -0.010867003 0.110684335 -0.226488113 -0.003856829 0.974006295 50.751388550
0.966659307 0.066727981 0.247218817 -0.399153709 -0.065520912 0.997764945 -0.013115677 0.111004770 -0.247541443 -0.003519613 0.968870938 51.003154755
0.960436702 0.068055622 0.270055145 -0.316756248 -0.066428207 0.997675836 -0.015172328 0.103852808 -0.270460039 -0.003367220 0.962725282 51.232830048
0.953129470 0.069298930 0.294519752 -0.226789474 -0.067438498 0.997587323 -0.016481489 0.100617826 -0.294951379 -0.004152975 0.955503225 51.480884552
0.944568694 0.072153337 0.320287198 -0.128647804 -0.070235997 0.997376084 -0.017550809 0.095421135 -0.320713103 -0.005917735 0.947157919 51.727363586
0.934790015 0.073938541 0.347420037 -0.023605347 -0.072034121 0.997232199 -0.018413212 0.082935870 -0.347819865 -0.007813608 0.937528729 51.960346222
0.923613906 0.074717931 0.375971496 0.099124908 -0.072597973 0.997164190 -0.019824818 0.076011419 -0.376386672 -0.008984288 0.926419139 52.202949524
0.911078036 0.072863176 0.405743450 0.236154556 -0.069958009 0.997307122 -0.022008374 0.068185210 -0.406254441 -0.008333657 0.913721979 52.432880402
0.896199763 0.070130371 0.438072801 0.380664825 -0.065982692 0.997514844 -0.024704622 0.058647156 -0.438716650 -0.006764947 0.898599982 52.655914307
0.879020095 0.069070444 0.471755087 0.540130615 -0.062953897 0.997601986 -0.028758679 0.045701265 -0.472610176 -0.004419367 0.881260514 52.873493195
0.859504938 0.071231738 0.506139517 0.712028503 -0.062573582 0.997457027 -0.034117647 0.042354822 -0.507282615 -0.002346677 0.861776531 53.109264374
0.838034153 0.072977379 0.540715456 0.897771835 -0.061884645 0.997333050 -0.038691893 0.033108950 -0.542097032 -0.001036856 0.840315342 53.322517395
0.813285530 0.075904623 0.576892555 1.092056274 -0.062992208 0.997113347 -0.042390663 0.022796869 -0.578445017 -0.001864026 0.815719366 53.558265686
0.785957873 0.079984933 0.613084555 1.305166245 -0.066035554 0.996784389 -0.045387838 0.010738015 -0.614743471 -0.004812437 0.788712442 53.790565491
0.756027699 0.084112994 0.649112523 1.528282166 -0.069509186 0.996418178 -0.048159361 -0.005640745 -0.650838315 -0.008709470 0.759166479 54.019294739
0.723216176 0.085320145 0.685331106 1.792072296 -0.069219261 0.996297598 -0.050988134 -0.021318674 -0.687143981 -0.010562669 0.726444423 54.247367859
0.686594129 0.082840793 0.722305954 2.073701859 -0.065481782 0.996495783 -0.052043147 -0.041121125 -0.724086106 -0.011565365 0.689612627 54.473098755
0.647597551 0.081299059 0.757633090 2.378351212 -0.062510669 0.996608675 -0.053510848 -0.062246084 -0.759414136 -0.012706655 0.650483489 54.691631317
0.605239630 0.080980510 0.791913509 2.711769104 -0.060588125 0.996612728 -0.055606917 -0.078669190 -0.793734252 -0.014325052 0.608095944 54.907287598
0.559165478 0.080757171 0.825113356 3.070186615 -0.056973852 0.996634662 -0.058934432 -0.098157287 -0.827096105 -0.014055791 0.561884761 55.112293243
0.510732412 0.079451457 0.856060624 3.450363159 -0.053836972 0.996722162 -0.060386769 -0.124330759 -0.858052373 -0.015246231 0.513335764 55.311401367
0.462937891 0.077283330 0.883015156 3.852115631 -0.051661249 0.996850848 -0.060162060 -0.151828647 -0.884884000 -0.017766368 0.465472639 55.476707458
0.413479924 0.075104862 0.907410383 4.285104752 -0.051168825 0.996933997 -0.059198473 -0.170445085 -0.909074247 -0.021953747 0.416055262 55.646018982
0.362819016 0.075462475 0.928799093 4.747867584 -0.054442193 0.996729672 -0.059714787 -0.188729286 -0.930267930 -0.028900197 0.365740925 55.812953949
0.313574672 0.075489156 0.946558177 5.207155228 -0.051957160 0.996705592 -0.062276170 -0.209294558 -0.948141038 -0.029652242 0.316463858 55.937248230
0.267269045 0.072470210 0.960892916 5.697216034 -0.041106582 0.997117758 -0.063768625 -0.239846110 -0.962744772 -0.022455648 0.269477665 56.016284943
0.222896516 0.066703595 0.972557306 6.206497192 -0.027694235 0.997686923 -0.062079992 -0.268236160 -0.974448621 -0.013096820 0.224228203 56.095561981
0.180302888 0.065684013 0.981415570 6.723829269 -0.018915771 0.997814834 -0.063306436 -0.300100386 -0.983429253 -0.007149896 0.181151360 56.160919189
0.141472742 0.067284472 0.987652957 7.259453773 -0.015532458 0.997715473 -0.065745115 -0.323213995 -0.989820302 -0.006039538 0.142194659 56.221420288
0.109049462 0.067636952 0.991732657 7.799601555 -0.006776287 0.997709811 -0.067299508 -0.363802612 -0.994013190 0.000618710 0.109258056 56.250308990
0.079888910 0.066063359 0.994612098 8.361947060 0.000355218 0.997799456 -0.066303588 -0.399790674 -0.996803761 0.005650227 0.079689644 56.277133942
0.055204086 0.064320385 0.996401370 8.931752205 0.007135763 0.997871995 -0.064810708 -0.432312101 -0.998449564 0.010687898 0.054627649 56.281475067
0.035403986 0.063271731 0.997368157 9.507649422 0.012052090 0.997894228 -0.063732907 -0.460322022 -0.999300420 0.014276770 0.034566876 56.282913208
0.019551819 0.065286383 0.997674942 10.095210075 0.014812244 0.997737408 -0.065580726 -0.489171505 -0.999699175 0.016060028 0.018540541 56.285713196
0.006039375 0.065009609 0.997866333 10.694728851 0.015437647 0.997759700 -0.065096095 -0.522185922 -0.999862611 0.015797846 0.005022250 56.282554626
-0.005528080 0.066028588 0.997802377 11.298515320 0.016383337 0.997689664 -0.065930374 -0.556640446 -0.999850452 0.015982866 -0.006597077 56.274093628
-0.014278270 0.068720423 0.997533739 11.923172951 0.021510357 0.997425735 -0.068405092 -0.592371583 -0.999666691 0.020480603 -0.015719712 56.254383087
-0.020696312 0.070231870 0.997316003 12.542851448 0.025660194 0.997238278 -0.069693908 -0.633104861 -0.999456525 0.024148915 -0.022441316 56.227600098
-0.024811901 0.069950029 0.997241855 13.202288628 0.026214525 0.997251511 -0.069298469 -0.663833082 -0.999348342 0.024422796 -0.026577411 56.202674866
-0.028628703 0.067073919 0.997337341 13.864634514 0.023707863 0.997510970 -0.066405073 -0.700739682 -0.999308944 0.021743644 -0.030147631 56.189785004
-0.030834351 0.060081158 0.997717083 14.532809258 0.021826765 0.997994244 -0.059423290 -0.739383280 -0.999286175 0.019944662 -0.032083876 56.169143677
-0.032313295 0.054805525 0.997974038 15.217982292 0.023209281 0.998267353 -0.054070141 -0.770664871 -0.999208272 0.021415077 -0.033529304 56.150222778
-0.032684740 0.052007962 0.998111665 15.903591156 0.025518177 0.998363078 -0.051185429 -0.807925820 -0.999139845 0.023797009 -0.033958387 56.120456696
-0.032588813 0.054091807 0.998003960 16.597660065 0.028785976 0.998170912 -0.053160876 -0.848030627 -0.999054134 0.026996071 -0.034086287 56.100498199
-0.032148439 0.061651044 0.997579873 17.307188034 0.029517634 0.997718930 -0.060708392 -0.877748966 -0.999047041 0.027494514 -0.033894900 56.087062836
-0.029597258 0.069740124 0.997125983 18.009654999 0.030599548 0.997158706 -0.068834111 -0.912579536 -0.999093413 0.028474307 -0.031647183 56.061553955
-0.027645329 0.070324428 0.997141004 18.729854584 0.031107794 0.997099638 -0.069459036 -0.949445486 -0.999133587 0.029098641 -0.029752789 56.044963837
-0.025753189 0.066028498 0.997485340 19.465612411 0.030562967 0.997401774 -0.065233901 -0.992056966 -0.999201000 0.028806135 -0.027704306 56.036026001
-0.023382135 0.059972387 0.997926176 20.207473755 0.029788613 0.997797608 -0.059266701 -1.031313300 -0.999282658 0.028341057 -0.025117133 56.026050568
-0.019531017 0.058215301 0.998112977 20.954324722 0.028213931 0.997937799 -0.057653014 -1.074887991 -0.999411047 0.027034672 -0.021133225 56.000698090
-0.017253283 0.063599944 0.997826278 21.679967880 0.035708714 0.997377396 -0.062953874 -1.121062517 -0.999213278 0.034544934 -0.019479105 56.000869751
-0.013598865 0.068999566 0.997523963 22.421213150 0.037193675 0.996960700 -0.068453550 -1.163478732 -0.999215543 0.036170688 -0.016123883 55.981750488
-0.011228439 0.069572791 0.997513711 23.151638031 0.031464804 0.997107089 -0.069190264 -1.206800938 -0.999441803 0.030609671 -0.013385050 55.987014771
-0.008126392 0.065999299 0.997786582 23.896629333 0.026990935 0.997470438 -0.065758564 -1.250193119 -0.999602675 0.026396815 -0.009887217 55.994838715
-0.003406029 0.062339123 0.998049200 24.639299393 0.031089125 0.997579098 -0.062203676 -1.300114036 -0.999510825 0.030816607 -0.005335853 55.987171173
0.000570375 0.063344985 0.997991562 25.373241425 0.035950072 0.997345269 -0.063324511 -1.344921112 -0.999353409 0.035913993 -0.001708398 55.976245880
0.002812112 0.067622915 0.997707009 26.109605789 0.035340454 0.997080922 -0.067680113 -1.396938920 -0.999371350 0.035449740 0.000414078 55.987663269
0.007060368 0.068498515 0.997626245 26.851819992 0.031843435 0.997129738 -0.068689801 -1.438418627 -0.999467909 0.032252822 0.004858874 55.997570038
0.010595124 0.068082869 0.997623384 27.597160339 0.030983942 0.997177958 -0.068381540 -1.484384537 -0.999463737 0.031634815 0.008455749 56.012752533
0.014086044 0.064742178 0.997802615 28.338100433 0.034712996 0.997268438 -0.065197550 -1.534988642 -0.999298036 0.035555087 0.011800173 56.021278381
0.017701032 0.065265402 0.997710943 29.079393387 0.039358795 0.997048318 -0.065920345 -1.582179427 -0.999068320 0.040435556 0.015080016 56.029453278
0.021413092 0.066454910 0.997559667 29.817033768 0.042191971 0.996839523 -0.067312606 -1.624555111 -0.998880029 0.043530382 0.018541550 56.040428162
0.024140432 0.065939590 0.997531533 30.566661835 0.042820528 0.996838391 -0.066930018 -1.676811457 -0.998791099 0.044330563 0.021240545 56.060775757
0.027687520 0.063979737 0.997566938 31.314756393 0.044519607 0.996880412 -0.065171346 -1.727969646 -0.998624742 0.046215724 0.024752794 56.083168030
0.031180363 0.063653030 0.997484863 32.051986694 0.046119392 0.996815503 -0.065051973 -1.767839432 -0.998449147 0.048031740 0.028145429 56.103080750
0.033287037 0.063877165 0.997402430 32.798938751 0.044493698 0.996871352 -0.065328099 -1.813580751 -0.998454928 0.046552699 0.030340767 56.143466949
0.036487736 0.065665849 0.997174323 33.553836823 0.041584820 0.996874690 -0.067167744 -1.860113621 -0.998468518 0.043918110 0.033643000 56.174983978
0.039942328 0.066416860 0.996992171 34.307472229 0.043862596 0.996710002 -0.068155326 -1.889681578 -0.998238802 0.046452936 0.036897704 56.199382782
0.042760868 0.066096209 0.996896505 35.064487457 0.041819099 0.996816278 -0.067884654 -1.938643217 -0.998209715 0.044592127 0.039860647 56.235214233
0.045292668 0.066408291 0.996764064 35.827003479 0.040285580 0.996854842 -0.068244912 -1.986235142 -0.998161137 0.043246198 0.042474918 56.270626068
0.047954042 0.066249661 0.996650100 36.577800751 0.037034735 0.996994019 -0.068054453 -2.036235094 -0.998162687 0.040174156 0.045356352 56.319046021
0.051439844 0.068586551 0.996318221 37.344093323 0.035539143 0.996881306 -0.070460215 -2.079236507 -0.998043478 0.039032754 0.048841912 56.362575531
0.054207709 0.072127312 0.995921254 38.103866577 0.034502327 0.996656895 -0.074058518 -2.127016068 -0.997933447 0.038376145 0.051537920 56.414806366
0.057828851 0.073938683 0.995584726 38.874275208 0.034704871 0.996501982 -0.076022632 -2.183425903 -0.997723103 0.038947947 0.055060528 56.459281921
0.060553331 0.076055378 0.995263159 39.641944885 0.028834827 0.996543467 -0.077907562 -2.233646393 -0.997748375 0.033415809 0.058150988 56.519523621
0.062989496 0.075473346 0.995156288 40.403285980 0.024979249 0.996704817 -0.077171870 -2.287961483 -0.997701526 0.029719274 0.060896669 56.579845428
0.066706240 0.075777330 0.994890988 41.177303314 0.027491972 0.996593714 -0.077750310 -2.346364498 -0.997393787 0.032537941 0.064395756 56.634468079
0.070938170 0.076954223 0.994507849 41.952507019 0.027113724 0.996502459 -0.079042584 -2.402485847 -0.997112155 0.032571957 0.068603531 56.683769226
0.074572504 0.077978849 0.994162142 42.743106842 0.022878336 0.996541798 -0.079881608 -2.457362652 -0.996953130 0.028701751 0.072530590 56.760231018
0.078576602 0.076300032 0.993983924 43.520339966 0.022121577 0.996687829 -0.078256346 -2.506708622 -0.996662736 0.028137615 0.076628469 56.823287964
0.084035136 0.076492175 0.993522584 44.323081970 0.022222795 0.996657431 -0.078613207 -2.568722725 -0.996215045 0.028685117 0.082054369 56.886470795
0.088367060 0.079724491 0.992892325 45.108337402 0.018832648 0.996479928 -0.081688665 -2.629950285 -0.995909929 0.025917381 0.086554587 56.971439362
0.094270594 0.088370733 0.991616666 45.895599365 0.017115260 0.995761454 -0.090367198 -2.690678596 -0.995399475 0.025490750 0.092358552 57.055271149
0.101577833 0.093059465 0.990465462 46.687728882 0.015313763 0.995350897 -0.095089003 -2.755195618 -0.994709730 0.024826691 0.099680498 57.139625549
0.108662002 0.096278355 0.989405394 47.482009888 0.010685740 0.995128095 -0.098008804 -2.819741726 -0.994021297 0.021222360 0.107103817 57.241657257
0.115830109 0.094104424 0.988801122 48.288810730 0.007359825 0.995393217 -0.095593937 -2.895065069 -0.993241787 0.018350059 0.114603907 57.344417572
0.123000391 0.093048453 0.988034785 49.102287292 0.007290897 0.995483160 -0.094657533 -2.959720135 -0.992379904 0.018846577 0.121766403 57.454902649
0.130720094 0.088968977 0.987419248 49.913597107 0.006816627 0.995861113 -0.090632014 -3.035802841 -0.991395891 0.018578293 0.129572555 57.561416626
0.138316631 0.083424605 0.986868203 50.718753815 0.004832483 0.996377230 -0.084905744 -3.103509665 -0.990376353 0.016512899 0.137412384 57.678115845
0.145615637 0.076796129 0.986356258 51.541923523 0.002357079 0.996952951 -0.077969179 -3.155859947 -0.989338458 0.013678449 0.144990906 57.810501099
0.152817145 0.073901936 0.985487461 52.349536896 0.002446616 0.997168720 -0.075157315 -3.223507881 -0.988251507 0.013896435 0.152203649 57.944866180
0.160141051 0.074865997 0.984251022 53.132514954 0.002145282 0.997090876 -0.076191708 -3.295905590 -0.987091839 0.014312915 0.159514576 58.073547363
0.166014805 0.082038783 0.982704818 53.917785645 0.002377506 0.996497214 -0.083591878 -3.351288557 -0.986120403 0.016213873 0.165238246 58.206012726
0.170638770 0.085796639 0.981591284 54.705333710 0.000846638 0.996188700 -0.087219730 -3.410752296 -0.985333323 0.015714118 0.169915795 58.353965759
0.175943390 0.088646926 0.980400741 55.457336426 -0.000407495 0.995943546 -0.089979142 -3.475489140 -0.984400153 0.015431726 0.175265819 58.494918823
0.181440786 0.088564031 0.979405820 56.229667664 -0.003550188 0.995988965 -0.089405894 -3.542387724 -0.983395457 0.012744803 0.181027427 58.628376007
0.186697632 0.085216731 0.978714466 56.989959717 0.001028504 0.996213317 -0.086936541 -3.609874725 -0.982416809 0.017237457 0.185903028 58.785884857
0.191252723 0.078758754 0.978375971 57.750862122 0.002076727 0.996740937 -0.080643080 -3.663558960 -0.981538534 0.017455027 0.190465882 58.930488586
0.195058092 0.072662473 0.978096366 58.500640869 0.000207527 0.997248709 -0.074126691 -3.723070621 -0.980791569 0.014661989 0.194506362 59.077854156
0.197754100 0.068980545 0.977821529 59.231517792 -0.003363754 0.997562766 -0.069692902 -3.789717197 -0.980245829 0.010492904 0.197504163 59.246208191
0.200640067 0.069104671 0.977224708 59.953109741 -0.005021726 0.997568429 -0.069512255 -3.842189789 -0.979652166 0.009039585 0.200499237 59.402183533
0.202830017 0.071308143 0.976614058 60.677616119 -0.007363310 0.997427821 -0.071298592 -3.893979549 -0.979186356 0.007270382 0.202833340 59.562988281
0.204763651 0.075326160 0.975908697 61.367477417 -0.011101923 0.997148931 -0.074636221 -3.952479362 -0.978748441 0.004448323 0.205016181 59.708663940
0.206657737 0.079716727 0.975160420 62.055023193 -0.011724947 0.996805549 -0.079001389 -4.000441551 -0.978343129 0.004892544 0.206932262 59.861778259
0.208534062 0.084880941 0.974324822 62.734500885 -0.012191656 0.996374965 -0.084192529 -4.054068565 -0.977939129 0.005678378 0.208812967 60.018268585
0.210406795 0.086927459 0.973741531 63.414749146 -0.011883183 0.996192753 -0.086363986 -4.112773418 -0.977541685 0.006600415 0.210638702 60.164440155
0.212047830 0.087039515 0.973375440 64.083625793 -0.014439943 0.996196091 -0.085934423 -4.168547630 -0.977152646 0.004166723 0.212498054 60.315464020
0.212345332 0.083805740 0.973594427 64.743537903 -0.013858601 0.996473730 -0.082752548 -4.223567963 -0.977096379 0.004079461 0.212757975 60.468410492
0.213344187 0.081524953 0.973569691 65.388954163 -0.014172555 0.996665716 -0.080353223 -4.280056477 -0.976874292 0.003344926 0.213788241 60.605968475
0.213418320 0.080213994 0.973662317 66.037010193 -0.013042078 0.996768653 -0.079258874 -4.332921982 -0.976873875 0.004216714 0.213774845 60.746685028
0.212054476 0.079577550 0.974012494 66.677566528 -0.013431991 0.996822298 -0.078516826 -4.382353783 -0.977165520 0.003566914 0.212449491 60.890552521
0.210389152 0.080291934 0.974314928 67.286315918 -0.014345621 0.996767879 -0.079044521 -4.432812691 -0.977512479 0.002652962 0.210860983 61.022270203
0.207813904 0.083045222 0.974636793 67.888259888 -0.015105484 0.996543288 -0.081690967 -4.484068871 -0.978051722 0.002254159 0.208349973 61.155403137
0.205874756 0.086955830 0.974707246 68.491401672 -0.012913388 0.996198893 -0.086145617 -4.534091473 -0.978493094 0.005148435 0.206215084 61.283245087
0.204364210 0.087585382 0.974968731 69.092163086 -0.010190015 0.996125579 -0.087350041 -4.578416824 -0.978841901 0.007916277 0.204464912 61.409622192
0.201959565 0.086348891 0.975579917 69.681991577 -0.011570347 0.996246696 -0.085782893 -4.630897522 -0.979325533 0.006036875 0.202200636 61.533588409
0.199797034 0.083761804 0.976250470 70.264610291 -0.011702462 0.996472299 -0.083101831 -4.674731255 -0.979767442 0.005178964 0.200072452 61.648124695
0.197349131 0.079572648 0.977098525 70.842117310 -0.011435256 0.996819377 -0.078869052 -4.729078770 -0.980266571 0.004391362 0.197631404 61.772445679
0.195891738 0.078605026 0.977470160 71.405525208 -0.007698249 0.996874690 -0.078622706 -4.778286934 -0.980595291 0.007876727 0.195884645 61.882404327
0.194058076 0.080218382 0.977704704 71.957756042 -0.004081124 0.996708393 -0.080967560 -4.817193508 -0.980981529 0.011722273 0.193746731 61.984436035
0.191706076 0.082290456 0.977996409 72.506927490 0.000208563 0.996475339 -0.083886199 -4.856402874 -0.981452286 0.016285468 0.191013232 62.086605072
0.189911753 0.084069155 0.978195310 73.049461365 -0.000314846 0.996332407 -0.085566796 -4.900975227 -0.981801093 0.015942158 0.189241737 62.191196442
0.188876539 0.086873822 0.978150606 73.586944580 -0.000773575 0.996092021 -0.088317923 -4.944595337 -0.982000530 0.015924510 0.188205600 62.293693542
0.187295184 0.084904671 0.978627443 74.127853394 0.001070121 0.996239364 -0.086637467 -4.995768547 -0.982303083 0.017274028 0.186499953 62.399250031
0.187966704 0.083673559 0.978604794 74.676963806 0.007005659 0.996224999 -0.086525761 -5.035953522 -0.982150495 0.023119733 0.186670899 62.496513367
0.190024599 0.081923023 0.978355408 75.221656799 0.011729976 0.996251822 -0.085699886 -5.073075294 -0.981709361 0.027761171 0.188351423 62.602935791
0.192435816 0.080965467 0.977963805 75.775306702 0.014263479 0.996254325 -0.085286394 -5.121602058 -0.981205940 0.030361323 0.190560207 62.700199127
0.195564032 0.081037499 0.977337003 76.326477051 0.011377863 0.996325433 -0.084888637 -5.165792465 -0.980624914 0.027721172 0.193923414 62.820617676
0.200983435 0.081537709 0.976195276 76.886787415 0.010402167 0.996296048 -0.085358277 -5.214240551 -0.979539335 0.027310146 0.199390829 62.949150085
0.207726836 0.080271810 0.974887788 77.455268860 0.011663500 0.996353090 -0.084524512 -5.256243706 -0.978117347 0.028928611 0.206033081 63.063079834
0.215283275 0.080874160 0.973197043 78.018226624 0.009742059 0.996337354 -0.084952213 -5.293902397 -0.976503134 0.027769733 0.213706896 63.197547913
0.223614812 0.078898117 0.971479118 78.593879700 0.010045262 0.996478856 -0.083240688 -5.335775375 -0.974625885 0.028372610 0.222034857 63.339645386
0.232496634 0.078227274 0.969446123 79.166244507 0.006656190 0.996608794 -0.082015425 -5.388947487 -0.972574413 0.025521128 0.231187478 63.487625122
0.242231056 0.077831715 0.967091680 79.744827271 0.005640544 0.996647418 -0.081623167 -5.435662270 -0.970202148 0.025226591 0.240979910 63.641548157
0.251281172 0.081844471 0.964447558 80.329345703 0.000091070 0.996416569 -0.084581122 -5.480554581 -0.967914045 0.021341478 0.250373304 63.814285278
0.260516465 0.083830379 0.961823046 80.929031372 -0.003099013 0.996290803 -0.085995108 -5.523896217 -0.965464473 0.019422440 0.259809971 63.994197845
0.271718532 0.087160408 0.958421588 81.528152466 -0.007737630 0.996055961 -0.088389277 -5.568737984 -0.962345600 0.016601091 0.271321267 64.172737122
0.281906903 0.089066058 0.955298662 82.138832092 -0.008937913 0.995882392 -0.090212271 -5.617112637 -0.959400058 0.016893081 0.281542182 64.364776611
0.292078286 0.089668818 0.952181578 82.760787964 -0.011851477 0.995858133 -0.090146504 -5.667828560 -0.956321001 0.015045079 0.291931272 64.562767029
0.302679032 0.089861616 0.948846817 83.391052246 -0.012703389 0.995837331 -0.090259559 -5.720647812 -0.953007877 0.015266108 0.302560687 64.771369934
0.312402189 0.090902127 0.945590615 84.031219482 -0.016724726 0.995783031 -0.090201773 -5.767946243 -0.949802637 0.012364494 0.312605143 65.003906250
0.322784454 0.086170062 0.942541718 84.684028625 -0.016161224 0.996203542 -0.085541375 -5.816545963 -0.946334422 0.012378801 0.322951674 65.237388611
0.333383650 0.079279222 0.939451993 85.344520569 -0.012587979 0.996743679 -0.079646893 -5.866541862 -0.942707181 0.014727169 0.333296031 65.477592468
0.344484121 0.074715681 0.935814142 86.007057190 -0.011064530 0.997081816 -0.075534314 -5.920802116 -0.938726962 0.015666025 0.344305575 65.722755432
0.354697078 0.071643934 0.932232320 86.688789368 -0.011838655 0.997324049 -0.072141975 -5.967191696 -0.934906304 0.014552171 0.354596138 65.994575500
0.364298820 0.069294997 0.928700447 87.376495361 -0.005740996 0.997376025 -0.072167203 -6.008773804 -0.931264400 0.020958766 0.363740802 66.260856628
0.373217940 0.063721232 0.925552785 88.085044861 0.000960319 0.997611403 -0.069069460 -6.051390648 -0.927743196 0.026666788 0.372265339 66.536796570
0.379974872 0.054834716 0.923370063 88.789802551 0.010060609 0.997937441 -0.063402951 -6.090298653 -0.924942136 0.033381183 0.378639340 66.823005676
0.386943668 0.050461207 0.920721531 89.503204346 0.015287252 0.998013258 -0.061121900 -6.135813236 -0.921976626 0.037726037 0.385403454 67.119087219
0.394349217 0.050206076 0.917588174 90.212142944 0.017363835 0.997921050 -0.062063918 -6.187482357 -0.918796599 0.040407706 0.392657667 67.424018860
0.401270658 0.056846127 0.914193749 90.919021606 0.019384135 0.997321784 -0.070523523 -6.225383759 -0.915754378 0.046019882 0.399094015 67.743927002
0.408597976 0.061076608 0.910668612 91.623550415 0.023099739 0.996746898 -0.077214070 -6.272178650 -0.912422121 0.052585721 0.405857921 68.053558350
0.414341182 0.062672429 0.907961130 92.339828491 0.021878665 0.996651947 -0.078778520 -6.327332020 -0.909858525 0.052506171 0.411582857 68.373779297
0.418305933 0.064934187 0.905982196 93.029365540 0.014130355 0.996855557 -0.077971511 -6.380366802 -0.908196270 0.045417801 0.416072994 68.721542358
0.422399670 0.068743147 0.903799176 93.717094421 0.007417524 0.996824384 -0.079285316 -6.439103127 -0.906379342 0.040194053 0.420548439 69.059455872
0.426055461 0.071969487 0.901829779 94.393409729 0.006204738 0.996574879 -0.082461841 -6.500813484 -0.904675722 0.040728934 0.424149722 69.391738892
0.430239528 0.075937822 0.899515033 95.076431274 0.003415871 0.996311367 -0.085743278 -6.558756828 -0.902708232 0.039962776 0.428393185 69.722755432
0.433784693 0.078695484 0.897573233 95.721061707 0.000360419 0.996163249 -0.087513618 -6.621212006 -0.901016474 0.038285580 0.432091981 70.034957886
0.437824726 0.077279903 0.895732701 96.384765625 -0.000765478 0.996330559 -0.085584879 -6.681076050 -0.899060011 0.036785517 0.436277300 70.365798950
0.441627145 0.074326441 0.894114673 97.025177002 0.000003346 0.996562481 -0.082844421 -6.740526199 -0.897198677 0.036589351 0.440108806 70.690017700
0.445029110 0.071773097 0.892635286 97.671264648 -0.000211766 0.996791422 -0.080042280 -6.795257092 -0.895516098 0.035432119 0.443616360 71.016036987
0.448442519 0.070566006 0.891021729 98.283302307 -0.001417596 0.996933520 -0.078240432 -6.857228756 -0.893810570 0.033823218 0.447167426 71.335960388
0.451671749 0.072642751 0.889221966 98.901992798 -0.003815711 0.996827960 -0.079495199 -6.910195351 -0.892176092 0.032512724 0.450516224 71.661636353
0.454584211 0.072713189 0.887730837 99.503746033 -0.002614538 0.996766806 -0.080305405 -6.967289925 -0.890699923 0.034184564 0.453304619 71.968811035
0.456805259 0.070935972 0.886733890 100.117721558 0.000024471 0.996814549 -0.079754688 -7.016828060 -0.889566720 0.036454059 0.455348432 72.288635254
0.458835423 0.069734149 0.885780513 100.712501526 0.002118972 0.996826768 -0.079574011 -7.067112923 -0.888518751 0.038388316 0.457231641 72.586128235
0.460636258 0.069685072 0.884849250 101.290336609 0.000501230 0.996892810 -0.078769818 -7.121999741 -0.887588859 0.036727745 0.459169954 72.890151978
0.462140977 0.069002636 0.884117782 101.863952637 0.002249076 0.996873796 -0.078978501 -7.169107914 -0.886803627 0.038487658 0.460540980 73.206565857
0.464867085 0.070868269 0.882539690 102.425361633 0.001294441 0.996735990 -0.080720104 -7.216972828 -0.885379553 0.038666513 0.463258028 73.500160217
0.467904836 0.070605487 0.880954027 102.974525452 0.004483129 0.996601284 -0.082255363 -7.269488335 -0.883767486 0.042437110 0.465997964 73.784881592
0.470911562 0.069944277 0.879403234 103.522560120 0.006086873 0.996570528 -0.082522772 -7.323322296 -0.882159412 0.044213742 0.468870938 74.085723877
0.474191308 0.068031393 0.877789438 104.060684204 0.009362937 0.996563971 -0.082294755 -7.371870041 -0.880371988 0.047242146 0.471925050 74.374748230
0.477261633 0.066947617 0.876207292 104.582984924 0.011114118 0.996554136 -0.082196593 -7.417331696 -0.878690958 0.048967551 0.474872977 74.659698486
0.480396837 0.066665612 0.874513924 105.101623535 0.012477608 0.996486485 -0.082818113 -7.458143234 -0.876962483 0.050697394 0.477877170 74.947044373
0.484076411 0.065850459 0.872544348 105.618644714 0.012694508 0.996530890 -0.082250386 -7.511229992 -0.874933600 0.050891999 0.481561154 75.234024048
0.487219274 0.065361492 0.870830119 106.116516113 0.014170363 0.996472061 -0.082719877 -7.558604240 -0.873164654 0.052642703 0.484574258 75.516174316
0.491299987 0.066610083 0.868439615 106.622764587 0.013815704 0.996349931 -0.084236823 -7.602945328 -0.870880842 0.053383660 0.488586515 75.798645020
0.495582551 0.066609383 0.866002917 107.113693237 0.016169526 0.996174693 -0.085874900 -7.647590160 -0.868410349 0.056560956 0.492609710 76.085868835
0.500103652 0.070064783 0.863126397 107.599128723 0.014007099 0.995936573 -0.088961564 -7.698505878 -0.865852237 0.056579903 0.497090131 76.377593994
0.505204797 0.075731762 0.859670103 108.082649231 0.010338331 0.995539606 -0.093776599 -7.752471447 -0.862937510 0.056263946 0.502168417 76.688529968
0.511345267 0.082743034 0.855382740 108.565567017 0.005419080 0.995023787 -0.099490322 -7.799750805 -0.859358311 0.055509288 0.508352280 76.981597900
0.517366707 0.089044914 0.851118445 109.041908264 0.000532888 0.994538009 -0.104373544 -7.849216938 -0.855763674 0.054452948 0.514493406 77.286338806
0.523629665 0.093500555 0.846799672 109.526092529 -0.003253582 0.994171500 -0.107760929 -7.905574799 -0.851939797 0.053671688 0.520881891 77.600044250
0.529149771 0.094064184 0.843298495 110.013854980 -0.007687383 0.994327128 -0.106086738 -7.957620144 -0.848493636 0.049653012 0.526871026 77.921943665
0.534918010 0.093021110 0.839767694 110.507110596 -0.013952362 0.994757831 -0.101301961 -8.011041641 -0.844788730 0.042471495 0.533411741 78.248466492
0.540360868 0.090746604 0.836525679 110.997314453 -0.020255299 0.995282173 -0.094884485 -8.066450119 -0.841189563 0.034327783 0.539649665 78.589530945
0.546042144 0.089168899 0.832998753 111.496955872 -0.026656915 0.995665133 -0.089107670 -8.117973328 -0.837333500 0.026451370 0.546052098 78.935440063
0.552229047 0.087217152 0.829117775 112.003829956 -0.029288637 0.995928526 -0.085256875 -8.168272018 -0.833177805 0.022797603 0.552535057 79.287139893
0.558511078 0.090758875 0.824516952 112.514968872 -0.034351241 0.995674133 -0.086330198 -8.216115952 -0.828785479 0.019893207 0.559212744 79.652366638
0.564505994 0.095003515 0.819943488 113.030502319 -0.038366590 0.995300710 -0.088907190 -8.261917114 -0.824536860 0.018730201 0.565498173 80.026000977
0.570653439 0.097997688 0.815322697 113.555778503 -0.040930904 0.995014131 -0.090947710 -8.311710358 -0.820170283 0.018527739 0.571819365 80.411178589
0.577127695 0.100484513 0.810448349 114.090774536 -0.043523803 0.994775414 -0.092344858 -8.362856865 -0.815493286 0.018020980 0.578485906 80.801124573
