1.000000000 0.000000000 0.000000000 0.000000000 0.000000000 1.000000000 0.000000000 0.000000000 0.000000000 0.000000000 1.000000000 0.000000000
0.999998190 0.000125139 0.001898303 -0.010582805 -0.000116587 0.999989848 -0.004504584 -0.006622920 -0.001898848 0.004504355 0.999988053 0.956085212
0.999994224 -0.001809021 0.002877358 -0.013885631 0.001823696 0.999985301 -0.005105976 -0.005893722 -0.002868079 0.005111194 0.999982825 1.898825868
0.999991661 -0.002876154 0.002899226 -0.012554966 0.002878971 0.999995387 -0.000967990 -0.008139627 -0.002896428 0.000976329 0.999995329 2.841710973
0.999979210 -0.006108884 0.002064381 -0.011544229 0.006097250 0.999965757 0.005595403 -0.013883519 -0.002098492 -0.005582700 0.999982215 3.798257174
0.999952397 -0.009742326 0.000540036 -0.007209512 0.009739149 0.999936884 0.005601549 -0.009120783 -0.000594574 -0.005596023 0.999984165 4.738347305
0.999923716 -0.012337472 -0.000590347 -0.003231489 0.012338956 0.999920542 0.002580618 -0.003243759 0.000558462 -0.002587706 0.999996496 5.673894099
0.999917583 -0.012794580 -0.001061415 -0.016357104 0.012793271 0.999917406 -0.001230516 0.005768399 0.001077072 0.001216835 0.999998680 6.592739013
0.999925819 -0.012072192 -0.001618293 -0.032001705 0.012069729 0.999925998 -0.001523102 0.001574060 0.001636560 0.001503457 0.999997531 7.550192459
0.999918560 -0.012501141 -0.002568145 -0.039412029 0.012501295 0.999921855 0.000043857 0.010259341 0.002567396 -0.000075959 0.999996701 8.472146655
0.999917547 -0.012498254 -0.002948381 -0.052597687 0.012506920 0.999917465 0.002939274 0.015231586 0.002911402 -0.002975907 0.999991334 9.385197154
0.999899212 -0.013676956 -0.003808754 -0.064680625 0.013693348 0.999896947 0.004311403 0.023108996 0.003749394 -0.004363123 0.999983452 10.304592739
0.999884325 -0.014596575 -0.004275040 -0.081898749 0.014615855 0.999882993 0.004514024 0.035676667 0.004208650 -0.004575985 0.999980674 11.226753492
0.999894474 -0.013774145 -0.004616778 -0.093522560 0.013793498 0.999896101 0.004186489 0.042830317 0.004558633 -0.004249729 0.999980579 12.118102601
0.999881586 -0.014643271 -0.004731558 -0.112741342 0.014654945 0.999889628 0.002442102 0.046813143 0.004695276 -0.002511153 0.999985824 13.031515944
0.999866963 -0.015051237 -0.006286239 -0.123148488 0.015050539 0.999886722 -0.000158327 0.059873867 0.006287910 0.000063695 0.999980229 13.945407389
0.999833455 -0.016866808 -0.006969457 -0.144856095 0.016856329 0.999856706 -0.001559543 0.065227757 0.006994763 0.001441804 0.999974497 14.838107166
0.999830562 -0.016533350 -0.008092992 -0.159877738 0.016514740 0.999860835 -0.002361023 0.061541850 0.008130902 0.002226969 0.999964464 15.731627952
0.999839431 -0.015189545 -0.009507389 -0.180412748 0.015162908 0.999880925 -0.002867485 0.055782161 0.009549813 0.002722865 0.999950692 16.633277970
0.999846218 -0.013365037 -0.011354103 -0.203491885 0.013327484 0.999905484 -0.003376695 0.062960489 0.011398160 0.003224854 0.999929839 17.525578794
0.999814221 -0.014300143 -0.012923981 -0.217589629 0.014265809 0.999894471 -0.002744906 0.062906973 0.012961870 0.002560025 0.999912714 18.401958075
0.999810274 -0.013132955 -0.014385475 -0.236371094 0.013110379 0.999912673 -0.001662576 0.068343096 0.014406053 0.001473661 0.999895141 19.283902729
0.999818763 -0.011494670 -0.015176118 -0.267861529 0.011466911 0.999932419 -0.001914903 0.074706197 0.015197103 0.001740533 0.999883002 20.175404315
0.999786156 -0.012227097 -0.016677532 -0.293167517 0.012192252 0.999923275 -0.002189390 0.076492469 0.016703022 0.001985585 0.999858523 21.055339524
0.999760954 -0.012085500 -0.018220170 -0.316743299 0.012038950 0.999923985 -0.002662365 0.072320399 0.018250961 0.002442377 0.999830454 21.929538866
0.999740394 -0.012244283 -0.019215165 -0.342518537 0.012203592 0.999923039 -0.002233470 0.069926265 0.019241033 0.001998396 0.999812877 22.789209325
0.999718842 -0.012161320 -0.020355318 -0.362307315 0.012151417 0.999925983 -0.000610132 0.075468436 0.020361232 0.000362615 0.999792623 23.646728291
0.999700525 -0.012699344 -0.020918588 -0.384480833 0.012746915 0.999916460 0.002142326 0.073513055 0.020889634 -0.002408332 0.999778887 24.486976784
0.999678635 -0.012482273 -0.022063988 -0.402665699 0.012561290 0.999915165 0.003446304 0.076848063 0.022019099 -0.003722349 0.999750621 25.328034234
0.999670036 -0.011797401 -0.022817541 -0.424550279 0.011852431 0.999927163 0.002278011 0.076937350 0.022789004 -0.002547702 0.999737051 26.150383628
0.999679958 -0.009963629 -0.023253104 -0.457669212 0.009947893 0.999950205 -0.000792268 0.084566080 0.023259840 0.000560695 0.999729296 26.935349664
0.999666475 -0.009385085 -0.024059482 -0.482170326 0.009326626 0.999953278 -0.002540813 0.087281078 0.024082204 0.002315571 0.999707300 27.724322201
0.999652402 -0.008267684 -0.025034371 -0.513292882 0.008200372 0.999962483 -0.002790264 0.085594392 0.025056501 0.002584003 0.999682697 28.518830035
0.999615880 -0.008758242 -0.026294213 -0.536509872 0.008681786 0.999957751 -0.003020489 0.077435544 0.026319556 0.002791048 0.999649684 29.290594026
0.999549984 -0.008999762 -0.028615273 -0.557185623 0.008894516 0.999953211 -0.003803130 0.070505910 0.028648161 0.003546899 0.999583264 30.071931480
0.999510777 -0.008552327 -0.030084279 -0.600484867 0.008438084 0.999956706 -0.003922320 0.068210901 0.030116521 0.003666548 0.999539670 30.818561240
0.999449218 -0.008643962 -0.032039689 -0.630417928 0.008553391 0.999959030 -0.002962851 0.069677188 0.032063987 0.002687171 0.999482206 31.570184679
0.999375203 -0.009020553 -0.034173589 -0.654986807 0.008994958 0.999959137 -0.000902628 0.065297255 0.034180335 0.000594674 0.999415505 32.300874288
0.999292536 -0.008255776 -0.036691535 -0.673582835 0.008268567 0.999965795 0.000196871 0.073961624 0.036688655 -0.000500118 0.999326620 33.056082430
0.999229700 -0.007327119 -0.038552825 -0.703789406 0.007354467 0.999972794 0.000567581 0.068147161 0.038547618 -0.000850680 0.999256402 33.774712211
0.999139370 -0.004916470 -0.041186745 -0.730670911 0.004890350 0.999987772 -0.000734904 0.078449180 0.041189854 0.000532854 0.999151196 34.518664235
0.999045723 -0.003469314 -0.043538576 -0.759854163 0.003411043 0.999993185 -0.001412603 0.078758771 0.043543180 0.001262743 0.999050748 35.235750652
0.998972730 -0.003161480 -0.045204974 -0.788569408 0.003135696 0.999994878 -0.000641287 0.081638893 0.045206770 0.000498880 0.998977527 35.946906198
0.998922294 -0.001403701 -0.046392668 -0.824365638 0.001457617 0.999998301 0.001128359 0.083669837 0.046391005 -0.001194766 0.998922643 36.634607274
0.998894649 0.000958937 -0.046995315 -0.854285984 -0.000889473 0.999998481 0.001498997 0.087894287 0.046996681 -0.001455539 0.998893985 37.344112147
0.998883346 0.003337579 -0.047126660 -0.867885024 -0.003380920 0.999993932 -0.000839980 0.093538210 0.047123570 0.000998373 0.998888569 38.039617497
0.998929033 0.004625061 -0.046036901 -0.888713691 -0.004808391 0.999980942 -0.003872305 0.092695490 0.046018114 0.004089521 0.998932234 38.695330870
0.999033346 0.004566522 -0.043720941 -0.922425710 -0.004847512 0.999968260 -0.006323048 0.099328513 0.043690678 0.006528874 0.999023773 39.345935806
0.999145332 0.005600864 -0.040954061 -0.943023261 -0.005840058 0.999966568 -0.005723254 0.097796410 0.040920637 0.005957537 0.999144639 40.002310305
0.999216179 0.010127695 -0.038268229 -0.964924812 -0.010265103 0.999941546 -0.003395879 0.102077002 0.038231600 0.003786045 0.999261733 40.647835460
0.999298246 0.014365831 -0.034592457 -0.997919651 -0.014361377 0.999896799 0.000377245 0.094285877 0.034594306 0.000119815 0.999401431 41.258401322
0.999339143 0.019963613 -0.030376481 -1.027182109 -0.019928413 0.999800342 0.001461142 0.092804506 0.030399585 -0.000854821 0.999537460 41.860943543
0.999395480 0.023320351 -0.025784411 -1.029392373 -0.023291942 0.999727723 0.001401641 0.096328450 0.025810077 -0.000800225 0.999666544 42.444276474
0.999429137 0.027082323 -0.020197705 -1.047805164 -0.027023951 0.999629800 0.003157415 0.099297947 0.020275738 -0.002609791 0.999791020 43.026301827
0.999387662 0.032142199 -0.013826814 -1.061964347 -0.032085840 0.999475958 0.004278833 0.099667833 0.013957100 -0.003832568 0.999895250 43.580146791
0.999369413 0.034808593 -0.007009849 -1.067023027 -0.034781750 0.999387261 0.003915601 0.097798707 0.007141850 -0.003669317 0.999967765 44.118805667
0.999280313 0.037931812 0.000185917 -1.067929526 -0.037932262 0.999270773 0.004366464 0.092792870 -0.000020153 -0.004370374 0.999990450 44.625343049
0.999057852 0.042749317 0.007476926 -1.067322525 -0.042778584 0.999077354 0.003799126 0.092464100 -0.007307618 -0.004115399 0.999964830 45.121738683
0.998785996 0.046969158 0.014846985 -1.066788702 -0.046990442 0.998894747 0.001087767 0.092871335 -0.014779484 -0.001784113 0.999889186 45.585605886
0.998536656 0.049228979 0.022384257 -1.052371078 -0.049197363 0.998787151 -0.001961270 0.095448923 -0.022453660 0.000857154 0.999747517 46.036811250
0.998333244 0.049355567 0.029912578 -1.031656035 -0.049302241 0.998780731 -0.002518126 0.098315512 -0.030000390 0.001039172 0.999549347 46.458817526
0.998121223 0.048852840 0.036978705 -0.989983862 -0.048834871 0.998805899 -0.001389561 0.102281257 -0.037002433 -0.000418900 0.999315088 46.860177581
0.997722929 0.050500059 0.044706827 -0.963669286 -0.050516337 0.998722941 -0.000766336 0.100539817 -0.044688434 -0.001493834 0.998999856 47.255040899
0.997192517 0.052708347 0.053187537 -0.936990379 -0.052736194 0.998608090 -0.000880740 0.103095684 -0.053159927 -0.001926641 0.998584153 47.615764683
0.996449507 0.057462898 0.061533701 -0.907328795 -0.057476103 0.998345668 -0.001556887 0.100104898 -0.061521367 -0.001985359 0.998103792 47.943867401
0.995623974 0.061366994 0.070476903 -0.886277874 -0.061422555 0.998110898 -0.001380546 0.096465894 -0.070428485 -0.002954367 0.997512456 48.258260318
0.995008985 0.060356579 0.079461959 -0.854890473 -0.060491910 0.998168438 -0.000705219 0.093475861 -0.079358984 -0.004105106 0.996837650 48.541322684
0.994150886 0.059572464 0.090084054 -0.821889594 -0.059599826 0.998219493 -0.002388599 0.088818498 -0.090065953 -0.002994366 0.995931302 48.822043112
0.993155770 0.057747370 0.101522698 -0.776317004 -0.057346181 0.998330728 -0.006868253 0.088682027 -0.101749853 0.000999306 0.994809514 49.090830403
0.991698006 0.058788004 0.114363608 -0.731712284 -0.057919985 0.998261711 -0.010901016 0.086489341 -0.114805659 0.004186577 0.993379149 49.348817267
0.989705872 0.060776894 0.129570274 -0.686240311 -0.059598418 0.998138339 -0.012957012 0.081367955 -0.130116545 0.005101448 0.991485582 49.596981447
0.987368783 0.062048463 0.145783654 -0.639783094 -0.060616056 0.998059410 -0.014251604 0.079547847 -0.146385038 0.005234759 0.989213838 49.860528192
0.984645798 0.062899286 0.162838363 -0.591705505 -0.061192901 0.998005931 -0.015478706 0.075372728 -0.163487251 0.005276491 0.986531336 50.108048615
0.981539574 0.061888747 0.180969188 -0.531512529 -0.059801846 0.998065997 -0.016970710 0.077099955 -0.181669489 0.005835132 0.983342335 50.368739525
0.977834184 0.060971001 0.200306880 -0.464665010 -0.058710910 0.998126671 -0.017209827 0.074136620 -0.200980940 0.005068158 0.979582041 50.607047760
0.973477604 0.060845254 0.220542988 -0.397173361 -0.058184873 0.998133556 -0.018545225 0.070987739 -0.221259746 0.005221096 0.975200936 50.855160958
0.968289455 0.063254744 0.241690648 -0.323759657 -0.060058756 0.997982765 -0.020575407 0.065492602 -0.242504593 0.005407310 0.970135188 51.103124641
0.962275082 0.064148999 0.264407966 -0.240431545 -0.060335448 0.997923912 -0.022527770 0.058083153 -0.265304166 0.005724739 0.964147772 51.349314328
0.955130913 0.065416513 0.288869554 -0.147700819 -0.061139835 0.997845097 -0.023813518 0.054148863 -0.289804865 0.005083590 0.957072253 51.593635947
0.946780992 0.068267770 0.314555661 -0.049215087 -0.063729587 0.997661441 -0.024702017 0.048519688 -0.315506406 0.003340898 0.948917566 51.844342748
0.937145949 0.070228373 0.341797375 0.050265562 -0.065325504 0.997529136 -0.025849575 0.040355606 -0.342768214 0.001896738 0.939418093 52.074032461
0.926045752 0.071005031 0.370671756 0.158321986 -0.065612545 0.997475615 -0.027154937 0.025801227 -0.371664175 0.000825997 0.928366877 52.306686947
0.913495637 0.069467665 0.400874001 0.292777165 -0.062998240 0.997583040 -0.029313819 0.018073184 -0.401941467 0.001523689 0.915664095 52.545713578
0.898813629 0.066909022 0.433194232 0.445383815 -0.058955142 0.997754480 -0.031785027 0.008871212 -0.434348191 0.003029788 0.900739957 52.777439937
0.881631414 0.066048832 0.467293913 0.598448868 -0.055698175 0.997800308 -0.035948005 -0.000895260 -0.468640334 0.005665473 0.883370896 53.000393850
0.862382352 0.067820065 0.501694247 0.761827593 -0.054883412 0.997670021 -0.040525799 -0.014848580 -0.503273773 0.007414042 0.864095216 53.219940185
0.840843657 0.069737700 0.536766800 0.947266742 -0.054100250 0.997527644 -0.044852682 -0.026737177 -0.538567644 0.008674875 0.842537619 53.451464719
0.816353046 0.072541557 0.572979430 1.136802401 -0.054827168 0.997334152 -0.048151548 -0.041654900 -0.574944942 0.007893823 0.818154020 53.680125996
0.789290555 0.076613530 0.609221459 1.353550733 -0.057445013 0.997047167 -0.050960938 -0.053779809 -0.611326827 0.005226253 0.791360977 53.909346281
0.759556214 0.081463840 0.645320076 1.583996301 -0.061265225 0.996675504 -0.053707660 -0.063438639 -0.647549944 0.001258308 0.762021972 54.143696212
0.726760685 0.082540959 0.681913409 1.837177351 -0.060498408 0.996587574 -0.056152921 -0.083543931 -0.684221345 -0.000444940 0.729274264 54.373346420
0.690424641 0.079693302 0.719001246 2.126725943 -0.056004246 0.996818808 -0.056707928 -0.104450818 -0.721233207 -0.001114572 0.692691431 54.602671872
0.651570858 0.078463573 0.754518976 2.447527657 -0.052811490 0.996914947 -0.058064916 -0.122069824 -0.756747226 -0.002013864 0.653704506 54.837772795
0.609420575 0.078262779 0.788974968 2.794534435 -0.050685219 0.996926328 -0.059740311 -0.138629968 -0.791225361 -0.003582395 0.611514182 55.057145543
0.563347494 0.078362021 0.822495590 3.151542845 -0.047022821 0.996919464 -0.062772902 -0.156012783 -0.824880873 -0.003313106 0.565296885 55.265866731
0.515112520 0.077153013 0.853643078 3.543970558 -0.043399822 0.997010747 -0.063922022 -0.181107377 -0.856023100 -0.004120924 0.516921145 55.472619754
0.466367192 0.075720472 0.881344457 3.955578440 -0.040853323 0.997110207 -0.064048744 -0.194892652 -0.883647355 -0.006135617 0.468112921 55.665600975
0.416603801 0.073415438 0.906118892 4.396575358 -0.040049781 0.997248257 -0.062385331 -0.216806348 -0.908205532 -0.010299897 0.418397686 55.845606365
0.366369401 0.073056656 0.927596996 4.849444049 -0.043195919 0.997173443 -0.061475505 -0.245400607 -0.929466285 -0.017545661 0.368489586 56.004783045
0.317094664 0.073315989 0.945555784 5.318979488 -0.040702181 0.997140888 -0.063666182 -0.268477505 -0.947520082 -0.018297976 0.319172175 56.136407780
0.270097290 0.069930590 0.960290147 5.824277268 -0.029227878 0.997494817 -0.064419104 -0.298003152 -0.962389311 -0.010667818 0.271464570 56.240981616
0.226089217 0.063980850 0.972003146 6.326768623 -0.015533335 0.997950560 -0.062075730 -0.323989731 -0.973982742 -0.001063798 0.226619697 56.311460888
0.183867498 0.063352391 0.980907344 6.857500413 -0.006033075 0.997974797 -0.063323823 -0.341877586 -0.982932523 0.005725306 0.183877338 56.377130312
0.145147865 0.064960681 0.987275143 7.379342759 -0.002336879 0.997862044 -0.065313713 -0.360266113 -0.989407215 0.007173004 0.144989351 56.435418832
0.112309522 0.065349052 0.991522099 7.927204783 0.006185180 0.997769825 -0.066461420 -0.399323589 -0.993654022 0.013596993 0.111654856 56.473484014
0.083538393 0.063875667 0.994455246 8.489935120 0.013668285 0.997776172 -0.065237169 -0.426867550 -0.996410816 0.019042306 0.082479547 56.492419476
0.058444269 0.062117467 0.996356205 9.056561955 0.020121965 0.997786151 -0.063386930 -0.455088572 -0.998087859 0.023753247 0.057064957 56.513333634
0.038298178 0.061488624 0.997372748 9.635903457 0.024921540 0.997735772 -0.062467968 -0.476141077 -0.998955538 0.027248474 0.036679071 56.520927386
0.022712391 0.062906754 0.997760937 10.221760563 0.027664850 0.997596655 -0.063526141 -0.509211517 -0.999359196 0.029045738 0.020917500 56.513819828
0.009546601 0.062658942 0.997989338 10.806103825 0.028523960 0.997611626 -0.062908083 -0.540722773 -0.999547521 0.029067166 0.007736519 56.502705210
-0.002085364 0.063467624 0.997981719 11.409806649 0.029082842 0.997565594 -0.063380389 -0.578500253 -0.999574829 0.028891974 -0.003926106 56.495187328
-0.010710011 0.066411446 0.997734842 12.029089731 0.034086627 0.997236416 -0.066012373 -0.609198983 -0.999361495 0.033302422 -0.012944155 56.477818675
-0.017360643 0.068297765 0.997513921 12.668799914 0.038372355 0.996974797 -0.067593023 -0.641109292 -0.999112692 0.037103500 -0.019928869 56.462086414
-0.021946562 0.067943387 0.997447765 13.310417665 0.038415919 0.997008561 -0.067068215 -0.669786180 -0.999020803 0.036845956 -0.024491018 56.445378304
-0.025385942 0.064933494 0.997566637 13.968944762 0.037059561 0.997263427 -0.063970670 -0.708477985 -0.998990562 0.035345426 -0.027722878 56.426974191
-0.028317801 0.058127958 0.997907432 14.635437700 0.034243804 0.997778226 -0.057148689 -0.745785445 -0.999012244 0.032553822 -0.030245408 56.424600167
-0.029394833 0.052709682 0.998177155 15.320854199 0.035667992 0.998028017 -0.051651437 -0.772081924 -0.998931298 0.034084689 -0.031216915 56.397847445
-0.029688754 0.050179490 0.998298851 16.030978015 0.038534285 0.998054122 -0.049021204 -0.803795715 -0.998816143 0.037013354 -0.031564615 56.374360191
-0.029518855 0.052530327 0.998182950 16.722205633 0.041869447 0.997806643 -0.051272335 -0.840014555 -0.998686931 0.040279867 -0.031653525 56.353930928
-0.028646849 0.059547851 0.997814317 17.417513610 0.043002868 0.997373243 -0.058286933 -0.881381074 -0.998664163 0.041239141 -0.031132329 56.335847104
-0.026215635 0.067408194 0.997381008 18.130416886 0.044430707 0.996816523 -0.066202205 -0.914978090 -0.998668440 0.042578810 -0.029127172 56.321464475
-0.024248387 0.068045993 0.997387467 18.847799043 0.045384652 0.996727119 -0.066897554 -0.951871839 -0.998675247 0.043643926 -0.027257269 56.311802650
-0.022336320 0.063920713 0.997704982 19.573424946 0.044217482 0.997040564 -0.062888218 -0.987221106 -0.998772198 0.042711310 -0.025096630 56.303071148
-0.019301572 0.057457651 0.998161344 20.299781767 0.043846807 0.997435471 -0.056567996 -1.026897120 -0.998851794 0.042674336 -0.021771407 56.280788983
-0.016317248 0.055592555 0.998320197 21.036641198 0.042409539 0.997593070 -0.054858893 -1.074942050 -0.998967056 0.041443153 -0.018635628 56.275381251
-0.012899234 0.061025303 0.998052865 21.750349598 0.050029001 0.996925189 -0.060309757 -1.112142851 -0.998664463 0.049153638 -0.015912607 56.254057887
-0.009385094 0.066673095 0.997730734 22.491925730 0.051425042 0.996486544 -0.066106225 -1.149564085 -0.998632758 0.050687931 -0.012780787 56.245193438
-0.006654146 0.067019796 0.997729457 23.207830875 0.045619821 0.996733061 -0.066648614 -1.193148602 -0.998936712 0.045072750 -0.009689839 56.248130197
-0.003294225 0.063781694 0.997958438 23.939891539 0.041207135 0.997124856 -0.063592395 -1.233598845 -0.999145195 0.040913521 -0.005913015 56.257540179
0.001521496 0.060306970 0.998178719 24.681361970 0.045030474 0.997163200 -0.060314254 -1.276163261 -0.998984455 0.045040228 -0.001198472 56.250132897
0.005215024 0.061501913 0.998093341 25.419952318 0.049597696 0.996862579 -0.061685221 -1.318083178 -0.998755662 0.049824820 0.002148309 56.246485804
0.007873925 0.066075772 0.997783540 26.157986518 0.049655693 0.996557651 -0.066386445 -1.364084205 -0.998735357 0.050068355 0.004565782 56.265642019
0.011214213 0.067248204 0.997673253 26.902458067 0.045700791 0.996658931 -0.067693528 -1.399386214 -0.998892226 0.046353586 0.008103449 56.292345456
0.014721388 0.066658195 0.997667262 27.658053724 0.044671264 0.996735287 -0.067255086 -1.450111741 -0.998893267 0.045557146 0.011695621 56.313771831
0.018506711 0.063716152 0.997796449 28.405781453 0.049014213 0.996709661 -0.064555849 -1.498630952 -0.998626611 0.050100924 0.015322821 56.328486088
0.021900936 0.064298362 0.997690368 29.137985805 0.053729399 0.996411858 -0.065395414 -1.543994305 -0.998315331 0.055037525 0.018367640 56.340432196
0.025603896 0.065567630 0.997519587 29.898487629 0.056147435 0.996177245 -0.066920564 -1.582128379 -0.998094137 0.057721593 0.021824564 56.351686218
0.028111367 0.065592014 0.997450469 30.649734637 0.056634677 0.996137470 -0.067101819 -1.628378515 -0.997999130 0.058376609 0.024288004 56.377228241
0.031944611 0.064209969 0.997424996 31.411717140 0.057948564 0.996136644 -0.065982953 -1.676735513 -0.997808351 0.059907146 0.028100322 56.389642184
0.035707406 0.063760261 0.997326231 32.165366366 0.059714322 0.996043386 -0.065816207 -1.717366888 -0.997576654 0.061904785 0.031758725 56.420766330
0.038384577 0.064184615 0.997199558 32.915252871 0.057800100 0.996121549 -0.066340092 -1.762561214 -0.997589982 0.060184670 0.034525828 56.453720117
0.041637732 0.065941977 0.996954339 33.676714425 0.054333008 0.996193765 -0.068160884 -1.814246600 -0.997654361 0.057005593 0.037896423 56.490037349
0.044532303 0.065881081 0.996833264 34.437408845 0.055812846 0.996100637 -0.068326032 -1.861143633 -0.997447643 0.058678817 0.040681645 56.518022198
0.047395791 0.065520278 0.996725003 35.186679299 0.053675497 0.996237632 -0.068040592 -1.908466626 -0.997432995 0.056724548 0.043700637 56.556493325
0.050000328 0.066146425 0.996556380 35.940697612 0.052109641 0.996272608 -0.068742092 -1.952278787 -0.997388867 0.055367322 0.046367091 56.596262904
0.052977385 0.066254416 0.996395378 36.712093721 0.049516245 0.996394855 -0.068887112 -2.002011789 -0.997367304 0.052987217 0.049505724 56.640076430
0.056587498 0.068236276 0.996063083 37.462150735 0.048700506 0.996285436 -0.071018240 -2.048647180 -0.997209164 0.052527520 0.053054159 56.687353061
0.060257754 0.071890296 0.995590673 38.223974080 0.047689764 0.996056774 -0.074810358 -2.095287953 -0.997042973 0.051987388 0.056591713 56.729059750
0.063406918 0.074016085 0.995239259 38.977987231 0.047666424 0.995883214 -0.077100815 -2.149861583 -0.996848772 0.052328221 0.059617803 56.790628257
0.065901459 0.076598934 0.994881702 39.751079439 0.041462906 0.995977774 -0.079429848 -2.197345894 -0.996964305 0.046485229 0.062460374 56.857471198
0.068521191 0.076460031 0.994715391 40.525144003 0.037368512 0.996162437 -0.079145398 -2.244930640 -0.996949568 0.042594171 0.065401039 56.921374378
0.072128468 0.077080020 0.994412467 41.295926118 0.039422843 0.996009891 -0.080063328 -2.303098484 -0.996615936 0.044977411 0.068801954 56.979627688
0.075907484 0.078282078 0.994037208 42.078298729 0.038640028 0.995933684 -0.081382091 -2.360458759 -0.996365898 0.044587135 0.072573999 57.043901451
0.079819965 0.079693995 0.993618458 42.857025046 0.035204735 0.995951711 -0.082709224 -2.408836827 -0.996187432 0.041581922 0.076691225 57.108912761
0.084266119 0.078005234 0.993385325 43.650972709 0.034174413 0.996118394 -0.081118768 -2.463787673 -0.995857083 0.040783924 0.081273249 57.173443089
0.088804410 0.077857008 0.993001542 44.441933069 0.034051992 0.996120302 -0.081146816 -2.529000599 -0.995466845 0.041019875 0.085808690 57.250119377
0.093840421 0.081636582 0.992234571 45.238198917 0.030787284 0.995917866 -0.084851329 -2.585194220 -0.995111109 0.038510692 0.090943983 57.334623152
0.100099238 0.090663268 0.990838188 46.034295593 0.028910421 0.995154339 -0.093978873 -2.644512918 -0.994557354 0.038052763 0.096993078 57.420558448
0.107260450 0.095733356 0.989611197 46.830768459 0.027532995 0.994685687 -0.099208458 -2.706559040 -0.993849652 0.037888103 0.104054608 57.514463845
0.113891903 0.098788331 0.988569421 47.626149266 0.023133006 0.994510554 -0.102047158 -2.779397981 -0.993223791 0.034490927 0.110981428 57.626308062
0.121040356 0.097154320 0.987881709 48.442752383 0.019300193 0.994780356 -0.100197534 -2.852064851 -0.992459941 0.031194253 0.118533471 57.736447336
0.128688937 0.095820449 0.987044882 49.255836668 0.019444274 0.994885819 -0.099116738 -2.921720493 -0.991494366 0.031947599 0.126167640 57.848456928
0.135842822 0.092565232 0.986396678 50.048167456 0.018246488 0.995223109 -0.095906357 -2.997567068 -0.990562362 0.031026465 0.133504925 57.961588263
0.142785263 0.087413097 0.985886058 50.854486049 0.016076981 0.995756072 -0.090616636 -3.063038121 -0.989623110 0.028788792 0.140773954 58.094318114
0.149734098 0.079850024 0.985496663 51.681526019 0.014039311 0.996461342 -0.082871540 -3.129943590 -0.988626622 0.026244390 0.148083201 58.236249755
0.156775824 0.077386450 0.984597724 52.470475283 0.013815742 0.996656104 -0.080534060 -3.197117664 -0.987537577 0.026228741 0.155182431 58.370545722
0.163589050 0.079290276 0.983337010 53.253141002 0.013747675 0.996484843 -0.082637515 -3.259967347 -0.986432777 0.027037190 0.161923952 58.510009874
0.169551475 0.085768979 0.981782043 54.038974556 0.014570143 0.995878743 -0.089516703 -3.323601845 -0.985413623 0.029482394 0.167603043 58.647846242
0.174517000 0.089633392 0.980565996 54.820331339 0.012620752 0.995562693 -0.093250426 -3.387401799 -0.984573275 0.028649265 0.172611373 58.790225944
0.179361043 0.092340302 0.979440087 55.597411458 0.011880087 0.995309280 -0.096011983 -3.456930618 -0.983711584 0.028856643 0.177422699 58.947225206
0.184283586 0.092093220 0.978549129 56.374573869 0.008628963 0.995410706 -0.095305131 -3.532714415 -0.982835236 0.026007036 0.182643186 59.106322862
0.189466770 0.088728004 0.977869973 57.134458930 0.012299741 0.995616125 -0.092721350 -3.610205632 -0.981810093 0.029595162 0.187544840 59.250961913
0.193756589 0.082415546 0.977581742 57.896120993 0.012953419 0.996163341 -0.086549443 -3.669409411 -0.980964114 0.029432551 0.191945648 59.402229974
0.196656330 0.076087542 0.977515715 58.639268801 0.010996434 0.996750480 -0.079796990 -3.737836496 -0.980410815 0.026441770 0.195180599 59.560669278
0.199476141 0.072567325 0.977211979 59.372150324 0.007082262 0.997121296 -0.075491468 -3.800291652 -0.979877090 0.021979618 0.198387968 59.724085212
0.202059898 0.073064771 0.976643915 60.110688704 0.004214859 0.997139159 -0.075470084 -3.855822580 -0.979364096 0.019365894 0.201173879 59.887759944
0.204022417 0.074799268 0.976104463 60.817075802 0.002038708 0.997042134 -0.076829855 -3.917149533 -0.978964094 0.017665005 0.203266453 60.043381724
0.204943413 0.079095002 0.975572744 61.506099487 -0.002370866 0.996766693 -0.080315252 -3.980906774 -0.978770952 0.014147130 0.204468291 60.203995865
0.206664823 0.083229555 0.974865371 62.197791521 -0.003562377 0.996432725 -0.084315677 -4.038663009 -0.978405315 0.013952247 0.206224088 60.362416854
0.208078504 0.088736288 0.974078645 62.878182077 -0.004317653 0.995949884 -0.089806388 -4.091768671 -0.978102599 0.014481045 0.207618894 60.519104124
0.209824945 0.090762353 0.973517174 63.560419248 -0.003477296 0.995745058 -0.092085218 -4.147689540 -0.977732786 0.015936569 0.209247760 60.665747173
0.210464604 0.090954202 0.973361178 64.224049017 -0.006049930 0.995764661 -0.091739516 -4.204214621 -0.977582758 0.013419154 0.210123482 60.822487910
0.210914343 0.087571132 0.973574053 64.875215873 -0.005690852 0.996072178 -0.088361933 -4.270487424 -0.977487982 0.013096333 0.210584264 60.969478830
0.211157522 0.085326528 0.973720640 65.523447787 -0.006128413 0.996278509 -0.085974274 -4.328491198 -0.977432833 0.012186752 0.210894617 61.117669567
0.210877439 0.083894835 0.973905726 66.147662658 -0.005169234 0.996392020 -0.084712583 -4.388163881 -0.977498841 0.012829626 0.210550269 61.253476136
0.209341555 0.083005532 0.974313191 66.792174305 -0.004611748 0.996463364 -0.083901708 -4.444332868 -0.977831706 0.013070827 0.208983991 61.398928708
0.207182423 0.084084831 0.974682094 67.405104891 -0.006947643 0.996400812 -0.084481663 -4.505436185 -0.978277657 0.010731372 0.207020926 61.541121775
0.204941724 0.086977257 0.974901968 68.019850382 -0.007642029 0.996155650 -0.087266944 -4.561228917 -0.978744343 0.010434409 0.204818539 61.675983770
0.202638067 0.090635973 0.975050221 68.612756647 -0.005689430 0.995799627 -0.091382342 -4.619594490 -0.979237175 0.012970062 0.202302579 61.799301459
0.200992165 0.091257960 0.975332833 69.214827732 -0.002743038 0.995699766 -0.092598339 -4.666888810 -0.979589008 0.015936166 0.200378176 61.925561988
0.198472734 0.089921630 0.975972681 69.806136113 -0.003457417 0.995840407 -0.091049054 -4.719433974 -0.980100311 0.014696410 0.197958065 62.049487504
0.196208737 0.087211730 0.976676121 70.393278553 -0.003762688 0.996096568 -0.088189964 -4.768121045 -0.980554931 0.013628714 0.195771000 62.167458192
0.194106142 0.083097948 0.977454621 70.979800464 -0.002467662 0.996443936 -0.084222281 -4.817800974 -0.980977429 0.013936034 0.193620946 62.286893945
0.192101357 0.082002509 0.977943075 71.551491892 0.001283380 0.996481006 -0.083809052 -4.874436199 -0.981374252 0.017354906 0.191320113 62.394200664
0.190122954 0.083507906 0.978202276 72.109460304 0.005083438 0.996278793 -0.086039091 -4.919931063 -0.981747127 0.021330637 0.188990960 62.502467536
0.187722230 0.085578011 0.978486979 72.650179339 0.009429226 0.995994300 -0.088918185 -4.966597857 -0.982176896 0.025918295 0.186163337 62.599849156
0.186060708 0.087666624 0.978619423 73.202743024 0.008878434 0.995820851 -0.090895580 -5.007045259 -0.982498136 0.025600704 0.184504790 62.703039495
0.184577268 0.090526363 0.978639980 73.735203200 0.007688132 0.995585473 -0.093543885 -5.052845126 -0.982787935 0.024789988 0.183066468 62.795027852
0.183206217 0.089393624 0.979001666 74.292613490 0.008469525 0.995676554 -0.092501176 -5.096412857 -0.983038020 0.025238470 0.181657014 62.901823419
0.183577714 0.087579050 0.979096079 74.839612808 0.014695902 0.995667469 -0.091816782 -5.146620335 -0.982895342 0.031244215 0.181495305 62.999401379
0.185738385 0.085941813 0.978833621 75.381701176 0.019092497 0.995663977 -0.091042415 -5.189685452 -0.982413726 0.035598449 0.183292175 63.093265247
0.187682844 0.085380215 0.978511813 75.936428447 0.021908419 0.995603139 -0.091073652 -5.234055720 -0.981985321 0.038530609 0.184987083 63.198371365
0.190848817 0.085716269 0.977869854 76.490929443 0.019078159 0.995668144 -0.090999842 -5.276313587 -0.981434029 0.036023169 0.188386778 63.316172953
0.196341815 0.086167848 0.976742030 77.053203683 0.018307111 0.995635434 -0.091514659 -5.323929947 -0.980364596 0.035849479 0.193907384 63.436566284
0.203120871 0.085346750 0.975427006 77.615635394 0.019434527 0.995646337 -0.091162882 -5.365476422 -0.978960781 0.037474046 0.200577877 63.555160674
0.210945277 0.085704893 0.973733414 78.178596793 0.017757069 0.995648525 -0.091480603 -5.407626756 -0.977336573 0.036588052 0.208505486 63.684459675
0.219238908 0.083986318 0.972049690 78.751090045 0.017730778 0.995780690 -0.090035758 -5.456085910 -0.975510082 0.036974538 0.216824728 63.821706896
0.228033905 0.083676948 0.970050878 79.325285952 0.014139306 0.995910557 -0.089231399 -5.510861323 -0.973550522 0.034063631 0.225918239 63.971686322
0.237642846 0.083768279 0.967733823 79.898958994 0.012832293 0.995916813 -0.089359013 -5.555865528 -0.971267836 0.033653774 0.235597567 64.119409370
0.246815667 0.087760537 0.965080367 80.485031811 0.006667391 0.995713430 -0.092251345 -5.614853210 -0.969039510 0.029203645 0.245172541 64.299491581
0.255910095 0.089888450 0.962512384 81.092077832 0.003079047 0.995586687 -0.093795887 -5.668198310 -0.966695683 0.026966935 0.254503913 64.485664103
0.266929271 0.092382438 0.959277984 81.695936789 -0.000927991 0.995418943 -0.095604738 -5.721614671 -0.963715676 0.024629502 0.265792183 64.659754295
0.277208553 0.094181679 0.956182634 82.304952639 -0.002369097 0.995248102 -0.097342705 -5.779913640 -0.960806851 0.024718941 0.276114412 64.848614802
0.287137116 0.095059318 0.953161058 82.932673372 -0.005634450 0.995214094 -0.097555930 -5.834239040 -0.957872919 0.022641390 0.286298511 65.047540820
0.297658427 0.095631486 0.949870560 83.557138126 -0.006749970 0.995156081 -0.098075541 -5.889355989 -0.954648573 0.022781413 0.296862103 65.249152190
0.308001644 0.096640693 0.946464772 84.208942233 -0.010658104 0.995115555 -0.098139885 -5.936997690 -0.951326123 0.020139726 0.307527233 65.478325819
0.319121262 0.091543811 0.943282222 84.855167290 -0.009326655 0.995578991 -0.093463821 -5.989452844 -0.947667998 0.021028625 0.318564222 65.689660006
0.329842273 0.085177971 0.940185507 85.514729155 -0.006427750 0.996100735 -0.087988696 -6.038576076 -0.944014173 0.022979114 0.329103634 65.925321791
0.340908217 0.080714249 0.936625217 86.195043392 -0.005030016 0.996449782 -0.084038867 -6.095756762 -0.940083127 0.023938300 0.340103913 66.177266534
0.350997015 0.078117749 0.933112379 86.866532836 -0.006523112 0.996693820 -0.080986906 -6.151779086 -0.936353856 0.022339366 0.350346127 66.447550009
0.361016474 0.075605608 0.929489590 87.577649214 0.000551081 0.996690677 -0.081285852 -6.195056088 -0.932559275 0.029857756 0.359780090 66.717027128
0.369586478 0.070155612 0.926544130 88.262622958 0.006941644 0.996909410 -0.078252427 -6.246448222 -0.929170409 0.035352778 0.367957243 66.987299141
0.376137944 0.060780548 0.924567992 88.962987172 0.016505316 0.997248287 -0.072273293 -6.298932313 -0.926416657 0.042445015 0.374099718 67.274301557
0.383070837 0.056992752 0.921959088 89.680851628 0.020779617 0.997310524 -0.070284611 -6.347712294 -0.923485214 0.046081942 0.380856290 67.576404375
0.390567982 0.056839418 0.918817681 90.410004231 0.023170626 0.997168880 -0.071535632 -6.404690658 -0.920282442 0.049229108 0.388145233 67.890595821
0.398038036 0.063271956 0.915184343 91.106441130 0.024999650 0.996500013 -0.079766790 -6.456014103 -0.917028211 0.054629504 0.395063131 68.189165322
0.405139131 0.067839366 0.911734668 91.831212708 0.028584506 0.995815813 -0.086797419 -6.505881232 -0.913808082 0.061226516 0.401504799 68.515709313
0.410400163 0.070427010 0.909181908 92.562929429 0.026317637 0.995683231 -0.089007221 -6.566384642 -0.911525693 0.060456097 0.406775088 68.851900343
0.414116601 0.072451534 0.907335779 93.287987104 0.018914994 0.995926848 -0.088158588 -6.631911560 -0.910027287 0.053670186 0.411059421 69.235224973
0.417744515 0.076194211 0.905363994 93.960158601 0.011872562 0.995934492 -0.089294627 -6.701964259 -0.908486963 0.048051331 0.415141551 69.567721486
0.421758216 0.079223190 0.903240662 94.632943102 0.011090910 0.995650244 -0.092507207 -6.771398028 -0.906640502 0.049033435 0.419045013 69.888071437
0.425221254 0.083754068 0.901205937 95.296908718 0.007653607 0.995340926 -0.096113801 -6.834376885 -0.905057074 0.047767107 0.422599096 70.220183474
0.428866369 0.086668192 0.899200902 95.968891263 0.004664517 0.995161498 -0.098141918 -6.903406277 -0.903355899 0.046284106 0.426387032 70.549819253
0.432747532 0.085462786 0.897455116 96.627579211 0.003475835 0.995330859 -0.096459316 -6.967464135 -0.901508454 0.044861937 0.430429918 70.874091644
0.436800665 0.082364331 0.895779714 97.281361207 0.004326111 0.995595631 -0.093651615 -7.039144602 -0.899547922 0.044782330 0.434520516 71.200240532
0.440256214 0.079931285 0.894307249 97.929280520 0.003808215 0.995854379 -0.090882089 -7.102693212 -0.897864112 0.043417118 0.438126683 71.522572150
0.443798059 0.079011984 0.892636762 98.554284779 0.002932126 0.995972029 -0.089616518 -7.169029406 -0.896122026 0.042388960 0.441778780 71.840347018
0.447221225 0.080956943 0.890752013 99.177847252 0.000649550 0.995865614 -0.090836425 -7.229272388 -0.894423140 0.041202565 0.445319655 72.164650124
0.449949121 0.081361912 0.889340221 99.782297726 0.001161281 0.995787124 -0.091687815 -7.297198284 -0.893053436 0.042287626 0.447959057 72.474646143
0.452525779 0.079588759 0.888192574 100.383837002 0.003392640 0.995848398 -0.090964051 -7.356504912 -0.891744868 0.044176895 0.450377056 72.763764512
0.454190020 0.078550619 0.887435195 100.978899397 0.005235591 0.995852950 -0.090826710 -7.416465572 -0.890889451 0.045898833 0.451895212 73.071156431
0.455725555 0.078194168 0.886679136 101.570634282 0.004321367 0.995927906 -0.090049611 -7.480609609 -0.890109849 0.044869575 0.453531892 73.391954853
0.457691765 0.077496013 0.885727168 102.147501000 0.005909904 0.995907042 -0.090190007 -7.538277352 -0.889091289 0.046513786 0.455360458 73.693528746
0.460341277 0.079032502 0.884217039 102.707018178 0.005438048 0.995759529 -0.091833477 -7.595505307 -0.887725372 0.047083154 0.457959431 73.983891676
0.463383435 0.079009155 0.882628657 103.261942143 0.008094123 0.995598468 -0.093371177 -7.657204430 -0.886120916 0.050410762 0.460704328 74.264073815
0.466096542 0.078578871 0.881237411 103.811915709 0.009478794 0.995547332 -0.093785190 -7.714984244 -0.884683088 0.052066020 0.463276336 74.565639292
0.469661327 0.076751336 0.879504105 104.347261851 0.013100041 0.995498342 -0.093869273 -7.766049488 -0.882749470 0.055608307 0.466541627 74.839236155
0.473211354 0.075705441 0.877689980 104.876107197 0.014775661 0.995478424 -0.093831701 -7.818146742 -0.880825008 0.057370676 0.469953095 75.117671788
0.476584799 0.075355813 0.875892933 105.391050429 0.016047998 0.995407840 -0.094369981 -7.866169933 -0.878982020 0.059031626 0.473186936 75.395234650
0.480322710 0.074341288 0.873935620 105.901002482 0.017059150 0.995421185 -0.094051311 -7.917060485 -0.876925926 0.060083579 0.476855202 75.669086445
0.483148941 0.073820035 0.872420600 106.415257832 0.018455482 0.995359170 -0.094443203 -7.977811774 -0.875343645 0.061731076 0.479544344 75.977751025
0.487708675 0.074747714 0.869800568 106.915287606 0.018084668 0.995248942 -0.095668635 -8.037196840 -0.872819107 0.062388478 0.484039755 76.242097843
0.491994295 0.074905633 0.867370025 107.426758652 0.020280073 0.995035332 -0.097434117 -8.090429780 -0.870362185 0.065527357 0.488032615 76.536379296
0.497014198 0.078067021 0.864223598 107.917231957 0.018573450 0.994759620 -0.100540172 -8.143578284 -0.867543609 0.066021507 0.492959681 76.816193277
0.502483695 0.084264017 0.860470634 108.396743845 0.014833254 0.994252600 -0.106027077 -8.196272501 -0.864459433 0.066040457 0.498345811 77.099373762
0.508572978 0.091198213 0.856175456 108.879276288 0.009901880 0.993689523 -0.111727727 -8.251475568 -0.860961950 0.065299449 0.504460606 77.396832160
0.514540908 0.097569034 0.851896671 109.361212241 0.004322416 0.993197331 -0.116363131 -8.314569861 -0.857454938 0.063555843 0.510618923 77.706960323
0.520763874 0.102316293 0.847547264 109.845132456 0.000735938 0.992737802 -0.120295949 -8.371454583 -0.853700443 0.063269526 0.516906685 78.023674477
0.526884673 0.102622045 0.843718708 110.324553489 -0.003316605 0.992924754 -0.118698921 -8.421255744 -0.849930316 0.059742361 0.523497191 78.309349878
0.532493621 0.101865826 0.840282034 110.826358787 -0.009633564 0.993396947 -0.114322792 -8.478094945 -0.846379193 0.052781247 0.529958868 78.639284900
0.537895244 0.099912121 0.837070054 111.325568179 -0.016682263 0.994019004 -0.107925539 -8.543528022 -0.842846610 0.044088412 0.536344855 78.991008128
0.543550549 0.098139267 0.833619509 111.827796825 -0.022997152 0.994509784 -0.102085359 -8.606368078 -0.839061340 0.036317678 0.542823262 79.342924616
0.549695784 0.096462831 0.829776757 112.337896799 -0.025976447 0.994803986 -0.098439087 -8.665148646 -0.834960939 0.032556899 0.549345319 79.695451245
0.556165479 0.099902082 0.825045171 112.849347109 -0.030662979 0.994539393 -0.099755588 -8.718494307 -0.830505714 0.030182272 0.556191774 80.052070046
0.562531286 0.103900322 0.820221480 113.367151467 -0.034700839 0.994165069 -0.102135539 -8.773635324 -0.826047459 0.028992063 0.562854383 80.419258821
0.568391796 0.107088462 0.815759050 113.890479700 -0.037866949 0.993847525 -0.104082621 -8.833964138 -0.821886160 0.028269401 0.568949893 80.807977206
0.575237660 0.109311829 0.810649467 114.432051720 -0.040231221 0.993612025 -0.105435256 -8.892173758 -0.816996379 0.028036912 0.575960805 81.190348167
