1.000000000 0.000000000 0.000000000 0.000000000 0.000000000 1.000000000 0.000000000 0.000000000 0.000000000 0.000000000 1.000000000 0.000000000
0.999030650 -0.000723076 0.044014409 0.040661037 0.000829954 0.999996662 -0.002410009 -0.019832032 -0.044012532 0.002444202 0.999027967 1.028633475
0.995998561 -0.004756032 0.089242704 0.130404979 0.005434338 0.999958158 -0.007359237 -0.039846063 -0.089203961 0.007814763 0.995982647 2.050076485
0.990908444 -0.004323662 0.134468406 0.267161846 0.005887478 0.999919534 -0.011234146 -0.063560829 -0.134408996 0.011923689 0.990854204 3.063636780
0.983659625 -0.002302373 0.180023417 0.451254696 0.004847449 0.999894440 -0.013698825 -0.088818349 -0.179972917 0.014347636 0.983566880 4.066995621
0.974175334 -0.004534324 0.225747198 0.686244965 0.007810359 0.999876678 -0.013620957 -0.119135171 -0.225657642 0.015032370 0.974090695 5.061220646
0.962505519 -0.004659189 0.271222085 0.957132041 0.008994203 0.999850869 -0.014742437 -0.152095139 -0.271112978 0.016629104 0.962403834 6.064968109
0.948965192 -0.007399108 0.315294325 1.282518625 0.013589815 0.999755561 -0.017440710 -0.183255091 -0.315088302 0.020835416 0.948833644 7.045819283
0.933843255 -0.008918708 0.357571363 1.657181978 0.016816018 0.999678373 -0.018982744 -0.217325389 -0.357286990 0.023739833 0.933692873 8.010283470
0.916568339 -0.008875364 0.399779588 2.062038422 0.018278098 0.999638557 -0.019713277 -0.249447659 -0.399460077 0.025375772 0.916399300 8.947019577
0.896971762 -0.009002553 0.441996187 2.504973173 0.019091612 0.999648750 -0.018383065 -0.281318486 -0.441675484 0.024927510 0.896828532 9.857045174
0.875304699 -0.009052240 0.483486921 2.996965408 0.019927638 0.999650657 -0.017360717 -0.320912480 -0.483160883 0.024830671 0.875179350 10.721758842
0.851271689 -0.009269152 0.524643064 3.525099754 0.020792669 0.999654472 -0.016076190 -0.352817506 -0.524312735 0.024593940 0.851170480 11.590951920
0.825727642 -0.008964162 0.563997746 4.100735664 0.021938495 0.999627471 -0.016231261 -0.383384943 -0.563642204 0.025775865 0.825616777 12.440869331
0.798472226 -0.010554196 0.601939261 4.741356850 0.025121609 0.999559581 -0.015797865 -0.416440904 -0.601507485 0.027735831 0.798385620 13.280934334
0.769779980 -0.009764221 0.638234615 5.383470535 0.025930760 0.999535918 -0.015983609 -0.455242395 -0.637782395 0.028853774 0.769675970 14.053289413
0.739430785 -0.013207919 0.673103034 6.063299656 0.030996371 0.999415159 -0.014439809 -0.491343915 -0.672518551 0.031540986 0.739407837 14.777265549
0.707403600 -0.012562513 0.706698179 6.789626122 0.031588316 0.999404967 -0.013854076 -0.522836387 -0.706103623 0.032123826 0.707379460 15.498479843
0.673260331 -0.011360462 0.739318192 7.546813965 0.033101268 0.999342620 -0.014787638 -0.552995980 -0.738664210 0.034428302 0.673193693 16.193403244
0.637690067 -0.012613470 0.770189703 8.331871986 0.037612539 0.999183118 -0.014778144 -0.581976771 -0.769374192 0.038392667 0.637643516 16.835172653
0.600947976 -0.010880274 0.799214065 9.132211685 0.037635736 0.999183476 -0.014696594 -0.612884998 -0.798401594 0.038910899 0.600866735 17.438098907
0.563208520 -0.009863854 0.826255918 9.958730698 0.040776748 0.999042273 -0.015868453 -0.646812201 -0.825308084 0.042629275 0.563071311 18.000211716
0.524335623 -0.008356765 0.851470709 10.808166504 0.045523670 0.998796999 -0.018230781 -0.675476968 -0.850293934 0.048321132 0.524085224 18.520313263
0.485531867 -0.007218922 0.874189138 11.685717583 0.046771381 0.998748243 -0.017729711 -0.701345980 -0.872966886 0.049495380 0.485261828 19.010425568
0.447172314 -0.009108794 0.894401431 12.578814507 0.052086111 0.998516440 -0.015872272 -0.728588939 -0.892929971 0.053683538 0.446983337 19.445949554
0.410270512 -0.009775758 0.911911607 13.508772850 0.056025654 0.998323977 -0.014503936 -0.758174539 -0.910241306 0.057040974 0.410130650 19.851335526
0.375160307 -0.007514347 0.926929474 14.447410583 0.057859302 0.998207033 -0.015325479 -0.786571741 -0.925152361 0.059381012 0.374922454 20.226703644
0.341703445 -0.008307257 0.939771056 15.416778564 0.058525611 0.998208284 -0.012456262 -0.808669209 -0.937983751 0.059257034 0.341577351 20.577377319
0.308379948 -0.009844420 0.951212227 16.433418274 0.060893685 0.998099864 -0.009411866 -0.829579413 -0.949312210 0.060825258 0.308393508 20.902473450
0.275520921 -0.009832450 0.961244762 17.452487946 0.061302382 0.998092115 -0.007361703 -0.852033377 -0.959338427 0.060954899 0.275598019 21.189674377
0.243497044 -0.006977310 0.969876468 18.475185394 0.059104852 0.998222411 -0.007657625 -0.872916937 -0.968099058 0.059189018 0.243476644 21.449443817
0.212570995 -0.005349719 0.977130949 19.523475647 0.058782559 0.998243928 -0.007322599 -0.886238337 -0.975375891 0.058994818 0.212512165 21.675746918
0.182181925 -0.005298940 0.983250558 20.585472107 0.060956817 0.998122871 -0.005915311 -0.907783449 -0.981373549 0.061013486 0.182162896 21.863098145
0.151570663 -0.005369975 0.988431931 21.658704758 0.062526383 0.998034596 -0.004165935 -0.919121981 -0.986466825 0.062434498 0.151608542 22.026418686
0.121034041 -0.006072409 0.992629766 22.755374908 0.060877454 0.998144388 -0.001316809 -0.931488276 -0.990779817 0.060588151 0.121179119 22.166032791
0.091863491 -0.006404242 0.995751023 23.877746582 0.061713316 0.998093665 0.000725916 -0.942562342 -0.993857443 0.061384421 0.092083588 22.266036987
0.065104365 -0.005744306 0.997861922 24.996257782 0.064953692 0.997887135 0.001506622 -0.941461265 -0.995762289 0.064716741 0.065339908 22.326929092
0.039748393 -0.005529696 0.999194443 26.164857864 0.068430074 0.997651994 0.002798981 -0.952539265 -0.996863723 0.068263702 0.040033463 22.364267349
0.016336517 -0.004857817 0.999854803 27.341064453 0.072329968 0.997373998 0.003663973 -0.954342067 -0.997246981 0.072259612 0.016644986 22.389001846
-0.003545288 -0.005301055 0.999979675 28.478191376 0.078663386 0.996885657 0.005563541 -0.968599379 -0.996894956 0.078681514 -0.003117241 22.376710892
-0.021031130 -0.005519319 0.999763548 29.757780075 0.082526952 0.996562481 0.007237693 -0.954657078 -0.996366858 0.082659662 -0.020503348 22.337198257
-0.036396727 -0.005889991 0.999320030 31.009401321 0.086631522 0.996199489 0.009026850 -0.964150667 -0.995575368 0.086901166 -0.035748143 22.286436081
-0.050463140 -0.006473250 0.998704970 32.190944672 0.088973679 0.995973766 0.010951260 -0.969171166 -0.994754851 0.089411095 -0.049684010 22.199647903
-0.063735351 -0.007164281 0.997941136 33.497123718 0.088606417 0.995984316 0.012809247 -0.951187372 -0.994025528 0.089240380 -0.062844612 22.095006943
-0.075212389 -0.006806916 0.997144341 34.714393616 0.088294007 0.996003568 0.013458951 -0.946484745 -0.993250847 0.089054145 -0.074310794 21.996128082
-0.087974243 -0.004487482 0.996112704 36.012023926 0.087899476 0.996053994 0.012250285 -0.942923367 -0.992236972 0.088635474 -0.087232657 21.911108017
-0.098303199 -0.001254932 0.995155752 37.218963623 0.088099889 0.996061921 0.009958735 -0.947329879 -0.991249144 0.088652089 -0.097805500 21.802873611
-0.107535973 0.001531576 0.994199991 38.584011078 0.088546745 0.996039689 0.008043097 -0.915407300 -0.990250170 0.088898100 -0.107245691 21.660083771
-0.114568271 0.002944350 0.993411064 39.869686127 0.088997237 0.996005058 0.007311848 -0.903874815 -0.989420891 0.089248553 -0.114372604 21.497386932
-0.120734677 0.003685224 0.992677927 41.156944275 0.088865183 0.996018231 0.007110625 -0.896138132 -0.988699138 0.089073017 -0.120581433 21.364000320
-0.126623929 0.005543440 0.991935253 42.645275116 0.088574514 0.996053040 0.005740388 -0.870823741 -0.987988472 0.088587068 -0.126615152 21.221689224
-0.131559968 0.007358646 0.991280913 43.996799469 0.087424181 0.996162295 0.004207811 -0.859048247 -0.987445712 0.087215520 -0.131698444 21.054018021
-0.135672987 0.008072253 0.990720928 45.383316040 0.088544339 0.996064186 0.004009799 -0.859198987 -0.986789107 0.088266723 -0.135853767 20.863315582
-0.138164043 0.007058577 0.990384221 46.777156830 0.088116601 0.996096611 0.005193461 -0.853041589 -0.986481726 0.087986857 -0.138246715 20.656017303
-0.141029403 0.004821944 0.989993811 48.227176666 0.089051269 0.995996237 0.007834608 -0.854154229 -0.985992193 0.089265101 -0.140894160 20.442459106
-0.142650530 0.003719722 0.989766061 49.624687195 0.088543266 0.996031523 0.009018073 -0.844385326 -0.985804856 0.088923566 -0.142413735 20.252899170
-0.145222902 0.004256930 0.989389777 51.060001373 0.090879098 0.995820761 0.009054666 -0.842826128 -0.985216379 0.091229834 -0.145002872 20.064239502
-0.146328792 0.004033013 0.989227712 52.511188507 0.090104386 0.995889187 0.009268274 -0.831981003 -0.985123873 0.090489998 -0.146090642 19.862796783
-0.146909103 0.004980368 0.989137590 53.978721619 0.092167988 0.995705605 0.008675577 -0.825075626 -0.984846592 0.092441320 -0.146737307 19.654552460
-0.146766230 0.005333301 0.989156961 55.480125427 0.091441274 0.995776653 0.008198618 -0.811465323 -0.984935641 0.091653049 -0.146634102 19.424167633
-0.146420598 0.006965616 0.989197910 57.003078461 0.091010168 0.995828927 0.006458976 -0.799556136 -0.985026896 0.090972811 -0.146443874 19.203067780
-0.144692585 0.007344440 0.989449382 58.548576355 0.092012286 0.995739400 0.006064331 -0.785761416 -0.985189140 0.091918975 -0.144751906 18.964406967
-0.142708287 0.005889125 0.989747405 60.089771271 0.091141000 0.995811880 0.007216098 -0.783621192 -0.985559583 0.091236338 -0.142647326 18.736600876
-0.141883478 0.006701623 0.989860594 61.682514191 0.091843627 0.995752752 0.006423063 -0.776076615 -0.985613346 0.091823712 -0.141896397 18.518224716
-0.141440839 0.007071228 0.989921451 63.300083160 0.091715671 0.995767355 0.005991433 -0.773707271 -0.985688925 0.091638744 -0.141490713 18.306056976
-0.140679613 0.007590486 0.990026057 64.915054321 0.092395775 0.995707214 0.005495107 -0.770154595 -0.985734403 0.092247277 -0.140777022 18.078006744
-0.139300615 0.007311855 0.990223169 66.539543152 0.092168756 0.995727599 0.005613431 -0.762490869 -0.985951364 0.092049599 -0.139379382 17.846923828
-0.138245866 0.006157023 0.990378797 68.198959351 0.094182961 0.995530605 0.006957845 -0.749795079 -0.985909522 0.094238706 -0.138207883 17.604925156
-0.137335926 0.004368299 0.990514815 69.857955933 0.095925286 0.995348573 0.008910524 -0.745444477 -0.985868752 0.096239172 -0.137116104 17.371860504
-0.136687160 0.005424885 0.990599394 71.555053711 0.097475305 0.995205939 0.007999951 -0.737687469 -0.985806882 0.097652487 -0.136560649 17.133943558
-0.135682523 0.007506645 0.990723908 73.253547668 0.099445648 0.995024443 0.006080143 -0.729862869 -0.985748827 0.099348158 -0.135753945 16.892887115
-0.134548232 0.007498216 0.990878701 74.958923340 0.098658860 0.995103955 0.005866377 -0.721692920 -0.985983372 0.098548248 -0.134629250 16.661277771
-0.134128332 0.006997786 0.990939200 76.653617859 0.099233672 0.995043457 0.006404981 -0.725761771 -0.985982895 0.099193618 -0.134157971 16.437244415
-0.134203687 0.005570025 0.990938246 78.390380859 0.098523751 0.995104671 0.007749722 -0.723223388 -0.986043811 0.098670997 -0.134095490 16.206922531
-0.133902088 0.005937857 0.990976870 80.107849121 0.100034118 0.994955301 0.007555048 -0.718785465 -0.985932767 0.100143142 -0.133820593 15.979545593
-0.133506268 0.005797195 0.991030991 81.843322754 0.100771338 0.994879365 0.007755656 -0.709672987 -0.985911369 0.100902952 -0.133406848 15.748127937
-0.133285180 0.006753130 0.991054654 83.572517395 0.101554863 0.994806170 0.006879238 -0.708662808 -0.985860884 0.101563312 -0.133278728 15.508238792
-0.133860886 0.007881978 0.990968764 85.378715515 0.101170197 0.994852483 0.005753282 -0.696458220 -0.985822439 0.101026647 -0.133969232 15.256357193
-0.135412544 0.008327306 0.990754306 87.156402588 0.099516571 0.995022118 0.005238371 -0.697809577 -0.985778749 0.099305801 -0.135567188 15.032578468
-0.137321115 0.008415914 0.990490854 88.956359863 0.098258600 0.995147526 0.005167038 -0.703432083 -0.985641003 0.098033786 -0.137481704 14.811337471
-0.137797460 0.008015951 0.990427911 90.743644714 0.097530566 0.995217264 0.005514639 -0.699081421 -0.985646725 0.097356915 -0.137920216 14.565418243
-0.139118686 0.007582925 0.990246594 92.576942444 0.097304463 0.995236278 0.006049066 -0.701714754 -0.985483468 0.097196966 -0.139193818 14.317182541
-0.139864922 0.007116274 0.990145028 94.426597595 0.095042273 0.995453477 0.006270962 -0.693171442 -0.985598683 0.094982721 -0.139905363 14.068579674
-0.142028108 0.007708868 0.989832520 96.241203308 0.094750792 0.995483875 0.005842626 -0.694120407 -0.985317349 0.094617240 -0.142117098 13.824831963
-0.144273072 0.008782675 0.989498854 98.126312256 0.094421454 0.995520115 0.004930929 -0.690960526 -0.985022783 0.094141327 -0.144456029 13.548277855
-0.148452088 0.009755444 0.988871634 99.974655151 0.094770655 0.995489299 0.004406497 -0.688317180 -0.984368086 0.094370142 -0.148706988 13.278932571
-0.152864560 0.009213897 0.988204122 101.864707947 0.093089111 0.995644569 0.005116611 -0.686941922 -0.983852983 0.092773184 -0.153056458 13.002636909
-0.157359257 0.009123768 0.987499416 103.771507263 0.092088573 0.995735765 0.005474569 -0.676561534 -0.983238399 0.091798887 -0.157528475 12.699498177
-0.161381006 0.009344308 0.986847937 105.670089722 0.090707220 0.995862961 0.005403843 -0.686967671 -0.982714772 0.090386294 -0.161560997 12.388530731
-0.165476382 0.011548834 0.986146271 107.608657837 0.091588564 0.995790064 0.003706884 -0.683862805 -0.981951594 0.090933099 -0.165837467 12.039213181
-0.170489699 0.012737599 0.985277116 109.537902832 0.090849824 0.995860457 0.002845985 -0.695127726 -0.981162369 0.089997441 -0.170941174 11.718584061
-0.175253227 0.012904093 0.984438837 111.480278015 0.089888059 0.995947540 0.002947236 -0.705724359 -0.980411291 0.089005813 -0.175702929 11.383022308
-0.179764435 0.012602017 0.983628929 113.443046570 0.088128604 0.996103406 0.003344224 -0.712549448 -0.979754090 0.087287024 -0.180174559 11.020738602
-0.185185373 0.012169892 0.982628226 115.398040771 0.086226836 0.996267796 0.003911430 -0.709623396 -0.978913426 0.085453279 -0.185543582 10.662908554
-0.191053778 0.011463566 0.981512606 117.341957092 0.085415877 0.996332884 0.004989749 -0.717691183 -0.977856040 0.084790081 -0.191332325 10.301193237
-0.196810678 0.011287027 0.980376482 119.310089111 0.086061984 0.996272743 0.005806912 -0.718652904 -0.976656914 0.085516028 -0.197048530 9.915687561
-0.202257350 0.012957225 0.979246676 121.292205811 0.086579204 0.996233881 0.004700407 -0.719913185 -0.975497842 0.085733108 -0.202617452 9.517225266
-0.208291233 0.014426483 0.977960408 123.259445190 0.086307541 0.996261656 0.003685782 -0.721747756 -0.974251390 0.085173070 -0.208757713 9.114793777
-0.215093687 0.014380476 0.976487517 125.240119934 0.086917035 0.996205509 0.004474604 -0.725133598 -0.972717941 0.085835867 -0.215527400 8.703266144
-0.221197680 0.014891925 0.975115299 127.231422424 0.086222246 0.996266425 0.004343938 -0.721422732 -0.971409917 0.085037515 -0.221655890 8.266342163
-0.226616561 0.015307117 0.973863780 129.213439941 0.085119478 0.996362150 0.004146423 -0.727025330 -0.970257521 0.083834425 -0.227095097 7.813976288
-0.232464910 0.015924629 0.972474337 131.233917236 0.084591009 0.996408105 0.003904480 -0.729344130 -0.968919218 0.083170228 -0.232976973 7.350435257
-0.236771256 0.015099172 0.971448004 133.156616211 0.085523307 0.996321738 0.005358828 -0.736847699 -0.967793941 0.084350266 -0.237191632 6.890274048
-0.240820169 0.015330719 0.970448673 135.146530151 0.088199764 0.996083796 0.006151387 -0.738321662 -0.966553926 0.087074742 -0.241229236 6.403175354
-0.244619638 0.016431374 0.969479799 137.190765381 0.089652531 0.995956540 0.005741055 -0.740272284 -0.965465486 0.088320717 -0.245103627 5.904300690
-0.247339845 0.017198646 0.968776166 139.185546875 0.090824425 0.995851815 0.005509217 -0.747265577 -0.964662611 0.089351192 -0.247875839 5.389308929
-0.250727892 0.017091617 0.967906713 141.216918945 0.089793198 0.995944262 0.005673441 -0.751131058 -0.963884175 0.088333927 -0.251245707 4.872100830
-0.254457831 0.017839259 0.966919243 143.249435425 0.088557445 0.996058881 0.004928219 -0.751576424 -0.963020682 0.086881943 -0.255034775 4.340835571
-0.258626074 0.018702608 0.965796471 145.270538330 0.087986775 0.996112406 0.004271884 -0.759961069 -0.961961985 0.086082131 -0.259266227 3.799686432
-0.262497902 0.017920982 0.964766264 147.304122925 0.086546749 0.996234953 0.005042504 -0.768190444 -0.961043417 0.084821008 -0.263060689 3.250846863
-0.266594350 0.018661695 0.963628113 149.323120117 0.087692060 0.996135235 0.004969385 -0.774912238 -0.959811211 0.085827343 -0.267200500 2.682891846
-0.272013932 0.018953005 0.962106645 151.384185791 0.086727709 0.996220171 0.004895288 -0.780974865 -0.958377123 0.084772900 -0.272629499 2.115192413
-0.276976794 0.019246601 0.960683823 153.438781738 0.086260907 0.996260464 0.004910703 -0.783827305 -0.956996918 0.084229603 -0.277601242 1.536731720
-0.281690866 0.018216975 0.959332287 155.461273193 0.085800424 0.996292591 0.006274936 -0.798085272 -0.955661297 0.084078692 -0.282209486 0.953693390
-0.286047459 0.018048352 0.958045423 157.517166138 0.086177059 0.996255517 0.006962061 -0.801264644 -0.954332411 0.084553048 -0.286531746 0.353702545
-0.290750653 0.019286521 0.956604481 159.605316162 0.087341487 0.996157467 0.006462629 -0.798659384 -0.952804029 0.085430272 -0.291317880 -0.254005432
-0.294306010 0.020386670 0.955493689 161.674148560 0.088012017 0.996102214 0.005855879 -0.801271081 -0.951650023 0.085818343 -0.294953138 -0.885738373
-0.298698902 0.021597754 0.954102993 163.749954224 0.087201752 0.996179342 0.004749836 -0.807921171 -0.950355053 0.084618233 -0.299441069 -1.513881683
-0.302147567 0.022822179 0.952988088 165.820800781 0.088209718 0.996093452 0.004112672 -0.820070267 -0.949171185 0.085305430 -0.302980304 -2.151878357
-0.306017727 0.023598606 0.951733291 167.906173706 0.087416142 0.996166050 0.003407224 -0.827408850 -0.948004007 0.084239535 -0.306907445 -2.806129456
-0.309824347 0.023709640 0.950498164 169.983764648 0.087729014 0.996137261 0.003748060 -0.836077452 -0.946737826 0.084547497 -0.310707539 -3.475616455
-0.313459128 0.023850536 0.949302137 172.064010620 0.087328322 0.996172309 0.003807652 -0.838703156 -0.945577681 0.084094487 -0.314342141 -4.159812927
-0.317167342 0.025059871 0.948038459 174.177963257 0.089948274 0.995939314 0.003766250 -0.844140232 -0.944094360 0.086468950 -0.318133563 -4.870014191
-0.320415974 0.024961490 0.946947992 176.276321411 0.091293640 0.995813131 0.004641180 -0.855566978 -0.942867458 0.087937430 -0.321353287 -5.577507019
-0.322224915 0.024655653 0.946341932 178.344757080 0.092576236 0.995690107 0.005580425 -0.863252640 -0.942125618 0.089406967 -0.323118567 -6.282505035
-0.325502306 0.023879912 0.945239663 180.462326050 0.091800988 0.995756447 0.006456414 -0.867765188 -0.941074312 0.088875510 -0.326313257 -6.998203278
-0.328005850 0.024517005 0.944357395 182.571411133 0.090822205 0.995850861 0.005691628 -0.867481053 -0.940299630 0.087635510 -0.328871608 -7.723640442
-0.330298185 0.026870890 0.943494081 184.655090332 0.091098763 0.995835602 0.003530246 -0.875193775 -0.939470053 0.087117188 -0.331370562 -8.459407806
-0.333015323 0.028670516 0.942485452 186.773544312 0.090338990 0.995909750 0.001624451 -0.881913960 -0.938583851 0.085684150 -0.334243327 -9.210834503
-0.336169243 0.029646456 0.941334844 188.897018433 0.089613363 0.995976567 0.000635364 -0.897605300 -0.937528491 0.084569782 -0.337473363 -9.966541290
-0.340268165 0.030939646 0.939819276 191.054321289 0.088436671 0.996081412 -0.000772724 -0.913576126 -0.936160505 0.082851566 -0.341671050 -10.720508575
-0.343349308 0.031373035 0.938683629 193.187026978 0.089842841 0.995955884 -0.000424721 -0.930556655 -0.934900820 0.084188171 -0.344779462 -11.510559082
-0.347705394 0.030418221 0.937110305 195.377212524 0.089171275 0.996015966 0.000755830 -0.940965891 -0.933353841 0.083826117 -0.349032581 -12.303737640
-0.351691246 0.029763695 0.935642779 197.539123535 0.088684060 0.996058583 0.001649163 -0.952186644 -0.931905746 0.083556592 -0.352944583 -13.110012054
-0.355271310 0.030172443 0.934276164 199.687561035 0.088961504 0.996033669 0.001661930 -0.956372857 -0.930520356 0.083705045 -0.356546372 -13.927497864
-0.359151483 0.030304594 0.932787120 201.824523926 0.088184968 0.996102989 0.001592302 -0.969853640 -0.929103673 0.082829684 -0.360424280 -14.730319977
-0.363340765 0.030673089 0.931151271 203.995574951 0.086980894 0.996209323 0.001124292 -0.992642581 -0.927587092 0.081400871 -0.364631414 -15.560546875
-0.366396457 0.031159732 0.929936945 206.177215576 0.087422319 0.996170700 0.001065458 -1.012896657 -0.926342785 0.081687614 -0.367717505 -16.430835724
-0.369789332 0.032109231 0.928560555 208.288497925 0.088168249 0.996105313 0.000667167 -1.030886054 -0.924922824 0.082116283 -0.371180117 -17.242637634
-0.373122126 0.031125313 0.927259982 210.463058472 0.088284984 0.996093214 0.002089361 -1.051128268 -0.923572242 0.082642742 -0.374412239 -18.109172821
-0.376075804 0.031086694 0.926067293 212.640869141 0.089791365 0.995956004 0.003031520 -1.062678576 -0.922227979 0.084292918 -0.377346307 -18.988132477
-0.379415691 0.031884667 0.924676776 214.821350098 0.090942785 0.995851696 0.002976959 -1.077816248 -0.920745969 0.085222185 -0.380741388 -19.874908447
-0.382585406 0.032975044 0.923331439 217.015808105 0.091081902 0.995841026 0.002175504 -1.088451743 -0.919419646 0.084931120 -0.383997649 -20.775848389
-0.386293381 0.033234164 0.921777070 219.191757202 0.090110295 0.995930076 0.001855213 -1.108370781 -0.917963803 0.083778240 -0.387715876 -21.663967133
-0.389608353 0.034405679 0.920337796 221.360198975 0.089974746 0.995943666 0.000857079 -1.131703734 -0.916575193 0.083141088 -0.391123563 -22.576301575
-0.392522991 0.035388879 0.919061124 223.503723145 0.089727454 0.995966375 -0.000028335 -1.153947949 -0.915354908 0.082453877 -0.394115061 -23.485538483
-0.394757569 0.035131205 0.918113351 225.677947998 0.087456547 0.996168137 -0.000514590 -1.180642366 -0.914613485 0.080091901 -0.396317422 -24.421901703
-0.398011267 0.036737543 0.916644692 227.839752197 0.089024931 0.996028602 -0.001264098 -1.198316455 -0.913050890 0.081101112 -0.399701059 -25.352851868
-0.399602681 0.036114097 0.915976822 229.966629028 0.090474054 0.995898724 0.000204913 -1.229379296 -0.912212789 0.082954012 -0.401231170 -26.300418854
-0.402360588 0.035318237 0.914799750 232.124053955 0.090725437 0.995874882 0.001455835 -1.251230240 -0.910974681 0.083581381 -0.403905064 -27.241802216
-0.405005723 0.034865096 0.913649201 234.299102783 0.089801542 0.995957971 0.001801534 -1.271606445 -0.909893453 0.082776740 -0.406499594 -28.199325562
-0.408323079 0.035241336 0.912157059 236.433563232 0.088725694 0.996055245 0.001234908 -1.292549372 -0.908515215 0.081436016 -0.409839213 -29.143524170
-0.412079424 0.034592219 0.910491168 238.612854004 0.086756900 0.996228516 0.001415698 -1.311235666 -0.907008171 0.079574741 -0.413526446 -30.117683411
-0.415773451 0.033851311 0.908838034 240.771591187 0.085924186 0.996299267 0.002199461 -1.332010627 -0.905400097 0.079005636 -0.417143404 -31.093223572
-0.420227200 0.034398176 0.906766713 242.934173584 0.085492522 0.996337056 0.001824160 -1.342543125 -0.903382599 0.078288317 -0.421628684 -32.080574036
-0.423858881 0.034538839 0.905069411 245.080673218 0.085575365 0.996329606 0.002054882 -1.361500502 -0.901676476 0.078322627 -0.425258785 -33.079071045
-0.428267986 0.033050530 0.903047144 247.237380981 0.082726732 0.996568441 0.002759649 -1.383250237 -0.899857104 0.075888008 -0.429532498 -34.068374634
-0.432354212 0.033255436 0.901090384 249.359954834 0.082938343 0.996550143 0.003016378 -1.401482940 -0.897881389 0.076039083 -0.433620781 -35.072547913
-0.436601609 0.034053687 0.899010241 251.513366699 0.082832165 0.996560395 0.002478391 -1.424340844 -0.895833611 0.075549021 -0.437920690 -36.086074829
-0.439978123 0.034667421 0.897339046 253.628631592 0.083385967 0.996514380 0.002386402 -1.442040205 -0.894128621 0.075875446 -0.441335350 -37.100753784
-0.443920314 0.034666587 0.895395458 255.763031006 0.083128475 0.996535301 0.002631161 -1.456008434 -0.892202020 0.075600863 -0.445264012 -38.136833191
-0.447216541 0.034991618 0.893741012 257.881988525 0.081688948 0.996656239 0.001855171 -1.479220390 -0.890687466 0.073838443 -0.448579490 -39.197135925
-0.450505823 0.035310782 0.892074883 260.009307861 0.082288690 0.996606290 0.002108100 -1.493852615 -0.888973057 0.074357383 -0.451882631 -40.266464233
-0.453927070 0.035996836 0.890311420 262.171752930 0.082740895 0.996569216 0.001892584 -1.498757362 -0.887188911 0.074524254 -0.455348194 -41.366714478
-0.456813633 0.037951626 0.888752460 264.269775391 0.085703552 0.996319532 0.001506169 -1.522276402 -0.885424316 0.076857299 -0.458384931 -42.439498901
-0.459844291 0.040417973 0.887079239 266.373413086 0.088506013 0.996075511 0.000495595 -1.539187312 -0.883577883 0.078739762 -0.461616874 -43.529548645
-0.462869257 0.041350510 0.885461509 268.491180420 0.090015404 0.995940208 0.000545174 -1.559309721 -0.881844163 0.079957530 -0.464712292 -44.622970581
-0.465235263 0.043436855 0.884120703 270.593078613 0.091502756 0.995804489 -0.000774000 -1.568600059 -0.880445004 0.080539383 -0.467257977 -45.730712891
-0.467979431 0.045874905 0.882547855 272.691864014 0.093318418 0.995633841 -0.002270130 -1.591180325 -0.878798544 0.081295602 -0.470217079 -46.841339111
-0.470817000 0.046878297 0.880984545 274.834350586 0.094382823 0.995532751 -0.002533348 -1.606404543 -0.877167702 0.081957057 -0.473138303 -47.970138550
-0.473927975 0.047774937 0.879266620 276.967468262 0.094819613 0.995490015 -0.002981795 -1.634044647 -0.875443518 0.081958584 -0.476320595 -49.096931458
-0.477419883 0.047184438 0.877407491 279.113220215 0.093360610 0.995628595 -0.002742141 -1.654616356 -0.873701334 0.080606133 -0.479737997 -50.250564575
-0.480512172 0.048798285 0.875629365 281.269439697 0.094533101 0.995515227 -0.003603277 -1.669645786 -0.871878207 0.081044547 -0.482970148 -51.427886963
-0.483628958 0.048801966 0.873911560 283.410125732 0.093429297 0.995618284 -0.003893998 -1.691590190 -0.870272338 0.079765707 -0.486069381 -52.607589722
-0.486519724 0.048737403 0.872309089 285.564636230 0.091691315 0.995777309 -0.004496057 -1.709026098 -0.868844688 0.077795751 -0.488934159 -53.792648315
-0.489225566 0.049199998 0.870768487 287.730987549 0.093283363 0.995632291 -0.003845441 -1.734378695 -0.867154300 0.079346947 -0.491678178 -54.989334106
-0.491565734 0.048970114 0.869462430 289.895141602 0.094413042 0.995529413 -0.002692452 -1.756874323 -0.865707338 0.080765083 -0.493991554 -56.191040039
-0.493412465 0.049478397 0.868386984 292.057495117 0.095227793 0.995452046 -0.002610357 -1.758384228 -0.864566803 0.081406586 -0.495880246 -57.436355591
-0.495350033 0.049103726 0.867304564 294.220275879 0.095014758 0.995473623 -0.002093720 -1.780809879 -0.863481641 0.081369609 -0.497773498 -58.664588928
-0.497707129 0.048670679 0.865978539 296.381500244 0.094528861 0.995520771 -0.001622431 -1.790577173 -0.862178504 0.081052475 -0.500078499 -59.903862000
-0.500317097 0.049059756 0.864451230 298.589996338 0.095806338 0.995399415 -0.001041703 -1.799504280 -0.860525370 0.082298733 -0.502715588 -61.175506592
-0.502673864 0.048760399 0.863099873 300.772949219 0.095781036 0.995402336 -0.000451394 -1.813322663 -0.859153628 0.082441680 -0.505033076 -62.426033020
-0.504830778 0.049179718 0.861816049 302.970214844 0.094782226 0.995497227 -0.001287147 -1.829552174 -0.857998848 0.081035063 -0.507219017 -63.706077576
-0.508161485 0.050588168 0.859774828 305.173522949 0.092945911 0.995664477 -0.003648991 -1.843807697 -0.856231868 0.078058295 -0.510660291 -64.975685120
-0.511185467 0.050492514 0.857985973 307.378967285 0.092169844 0.995736480 -0.003684632 -1.867140889 -0.854514003 0.077196904 -0.513659894 -66.290443420
-0.515853405 0.048594527 0.855297506 309.565704346 0.089468211 0.995986223 -0.002627142 -1.886528730 -0.851992190 0.075166717 -0.518130541 -67.580078125
-0.520820558 0.046126973 0.852419078 311.770996094 0.087390766 0.996173978 -0.000511008 -1.909349203 -0.849181235 0.074227393 -0.522858977 -68.897422791
-0.525688291 0.044619128 0.849506319 313.971923828 0.086181931 0.996278822 0.001002638 -1.931281924 -0.846300483 0.073739171 -0.527577519 -70.240364075
-0.530410945 0.044244766 0.846585214 316.197357178 0.086410247 0.996257484 0.002071577 -1.946432829 -0.843325138 0.074252434 -0.532249153 -71.612586975
-0.534270823 0.046888024 0.844011962 318.456970215 0.089744382 0.995963752 0.001479875 -1.952416897 -0.840535939 0.076535985 -0.536322296 -73.031776428
-0.537691951 0.047698285 0.841791093 320.695220947 0.090426624 0.995902240 0.001329126 -1.960756898 -0.838278234 0.076834984 -0.539801836 -74.468475342
-0.541512549 0.047464870 0.839351654 322.896911621 0.091262221 0.995823741 0.002565081 -1.974709749 -0.835724473 0.077990115 -0.543582737 -75.888061523
-0.545680046 0.046492767 0.836702764 325.143798828 0.091766633 0.995770216 0.004516662 -1.982997417 -0.832953870 0.079246052 -0.547638416 -77.331268311
-0.549180329 0.044213939 0.834533453 327.376708984 0.088839777 0.996029675 0.005692599 -1.976507664 -0.830968380 0.077266030 -0.550927877 -78.809860229
-0.554103017 0.043555804 0.831307828 329.607025146 0.087632835 0.996133447 0.006219386 -1.988941789 -0.827822506 0.076296031 -0.555777550 -80.250335693
-0.558064520 0.043585885 0.828652084 331.821472168 0.087877564 0.996108294 0.006788253 -1.995862007 -0.825131238 0.076608218 -0.559722841 -81.728088379
-0.561322153 0.043973509 0.826428354 334.023742676 0.089102671 0.995993972 0.007523880 -1.995918036 -0.822786808 0.077860303 -0.562991500 -83.228904724
-0.565858662 0.043163352 0.823371708 336.244354248 0.089050889 0.995986521 0.008987545 -1.996581316 -0.819679141 0.078407660 -0.567431331 -84.718505859
-0.568871200 0.041904632 0.821358442 338.450866699 0.087364651 0.996129274 0.009687363 -1.995352268 -0.817773163 0.077268556 -0.570330024 -86.244499207
-0.572119236 0.041090921 0.819140553 340.685119629 0.086649396 0.996182978 0.010547300 -1.985312223 -0.815580368 0.077012338 -0.573496103 -87.777893066
-0.574450076 0.040641945 0.817530036 342.869628906 0.087621905 0.996080935 0.012050625 -1.985432148 -0.813836277 0.078556024 -0.575759888 -89.316184998
-0.577498257 0.040141091 0.815404475 345.088928223 0.085599646 0.996262312 0.011580269 -1.983101845 -0.811891913 0.076485932 -0.578775823 -90.877937317
-0.580866456 0.039012436 0.813063443 347.237060547 0.081520326 0.996617198 0.010419804 -1.972589493 -0.809906542 0.072333716 -0.582081795 -92.375083923
-0.584434807 0.038133614 0.810544133 349.367126465 0.077420659 0.996958613 0.008919554 -1.964063168 -0.807738841 0.067965761 -0.585609615 -93.871940613
-0.586553216 0.035614420 0.809127271 351.502593994 0.076100297 0.997036338 0.011281292 -1.967047453 -0.806327522 0.068191886 -0.587525129 -95.429519653
-0.590072930 0.034633264 0.806606710 353.654785156 0.076314293 0.996998787 0.013019579 -1.963606834 -0.803734958 0.069238126 -0.590945065 -96.994987488
-0.592397451 0.035907820 0.804845273 355.806610107 0.077395566 0.996922195 0.012488896 -1.948907852 -0.801919699 0.069689855 -0.593353271 -98.596168518
-0.595745385 0.034753855 0.802420974 357.980987549 0.075394586 0.997071683 0.012791156 -1.943855762 -0.799626768 0.068118475 -0.596621156 -100.183021545
-0.599418283 0.030789748 0.799843490 360.141174316 0.072959282 0.997201800 0.016290117 -1.939238071 -0.797103941 0.068120591 -0.599987507 -101.756286621
-0.602743387 0.028231863 0.797435462 362.326171875 0.070177436 0.997376859 0.017733322 -1.923214912 -0.794842958 0.066650622 -0.603143632 -103.367065430
-0.605068386 0.027625481 0.795694113 364.493530273 0.068938121 0.997462273 0.017791878 -1.896698475 -0.793183327 0.065618962 -0.605437338 -104.994491577
-0.608372211 0.027691828 0.793168724 366.654937744 0.068484060 0.997495055 0.017702822 -1.876103878 -0.790691555 0.065089308 -0.608744621 -106.605003357
-0.610959411 0.027577898 0.791181564 368.785095215 0.068720467 0.997468114 0.018298380 -1.856248379 -0.788673639 0.065549925 -0.611307740 -108.233276367
-0.613660693 0.026509698 0.789124668 370.918273926 0.068011522 0.997496307 0.019379299 -1.842721939 -0.786635101 0.065561891 -0.613927305 -109.870933533
-0.617087126 0.024949828 0.786499202 373.050811768 0.064676449 0.997723579 0.019094694 -1.821490765 -0.784232378 0.062651068 -0.617296040 -111.501869202
-0.620320499 0.021288564 0.784059405 375.185272217 0.054764256 0.998367488 0.016220167 -1.810020924 -0.782434285 0.053000133 -0.620473623 -113.148162842
-0.624472380 0.023359803 0.780697465 377.373413086 0.046817627 0.998874843 0.007560920 -1.805991888 -0.779642463 0.041271981 -0.624863386 -114.816558838
-0.627178907 0.034083940 0.778129101 379.483154297 0.057166651 0.998361826 0.002346156 -1.814629555 -0.776774466 0.045954499 -0.628100038 -116.496200562
-0.627912521 0.035035271 0.777494967 381.606872559 0.064635769 0.997882843 0.007234159 -1.830241203 -0.775595307 0.054796416 -0.628847539 -118.193847656
-0.630641580 0.026015878 0.775638044 383.705566406 0.063910119 0.997784257 0.018495928 -1.822002411 -0.773438215 0.061235417 -0.630906940 -119.886650085
-0.633752704 0.015260890 0.773385167 385.817993164 0.057938032 0.997933447 0.027785668 -1.791330338 -0.771362901 0.062417664 -0.633327186 -121.579589844
-0.637109935 0.009215479 0.770717800 387.911437988 0.051976323 0.998166084 0.031030867 -1.738803864 -0.769018471 0.059829149 -0.636420429 -123.261917114
-0.639689803 0.008888800 0.768581808 389.996612549 0.050504666 0.998258293 0.030489922 -1.685266495 -0.766972125 0.058321059 -0.639024556 -124.956153870
-0.641882598 0.014018803 0.766674757 392.073028564 0.056311909 0.997994959 0.028897442 -1.651879311 -0.764732420 0.061721686 -0.641385019 -126.681632996
-0.643813908 0.020994544 0.764893889 394.124908447 0.061252065 0.997829676 0.024168000 -1.604598045 -0.762726605 0.062411044 -0.643702745 -128.411224365
-0.646620989 0.024193196 0.762427628 396.201599121 0.062487651 0.997817695 0.021333743 -1.573173523 -0.760247588 0.061437164 -0.646721721 -130.135864258
-0.649800718 0.024035342 0.759724498 398.253234863 0.062757343 0.997783899 0.022110235 -1.547837257 -0.757509470 0.062045548 -0.649869084 -131.862945557
-0.652494729 0.023277801 0.757435679 400.294860840 0.063226707 0.997715235 0.023804635 -1.511766434 -0.755150974 0.063422583 -0.652475715 -133.587799072
-0.654654443 0.022991212 0.755578578 402.323577881 0.064141385 0.997622073 0.025217643 -1.470206261 -0.753202140 0.064972706 -0.654572487 -135.331024170
-0.656719744 0.023386054 0.753772020 404.354339600 0.064798146 0.997572541 0.025504990 -1.433649063 -0.751345694 0.065592669 -0.656640887 -137.070831299
-0.657908797 0.022566775 0.752759576 406.377960205 0.063906953 0.997618496 0.025947068 -1.397775650 -0.750381172 0.065177351 -0.657783985 -138.823364258
-0.658967257 0.023681641 0.751798749 408.402709961 0.065317541 0.997530162 0.025830008 -1.354412079 -0.749330223 0.066126771 -0.658886552 -140.598388672
-0.660127461 0.023155516 0.750796616 410.416015625 0.066348895 0.997415364 0.027574785 -1.310013771 -0.748217583 0.068017401 -0.659957647 -142.364440918
-0.660940468 0.022615559 0.750097454 412.432769775 0.068297118 0.997210443 0.030113233 -1.265840530 -0.747324049 0.071132548 -0.660641313 -144.151062012
-0.661737561 0.021765955 0.749419570 414.441802979 0.069464542 0.997058749 0.032378867 -1.222084999 -0.746510625 0.073484391 -0.661303222 -145.924255371
-0.662958562 0.022155391 0.748328090 416.446289062 0.068257086 0.997187674 0.030947028 -1.167816162 -0.745537996 0.071595304 -0.662606299 -147.693130493
-0.664741814 0.022262676 0.746741414 418.446868896 0.064323187 0.997549593 0.027519820 -1.119471550 -0.744298875 0.066326365 -0.664544940 -149.445709229
-0.666012287 0.021937177 0.745617986 420.437866211 0.061697647 0.997762561 0.025754882 -1.070945740 -0.743384838 0.063155949 -0.665875733 -151.207641602
-0.667406738 0.021228297 0.744390786 422.419433594 0.061157994 0.997779489 0.026378751 -1.034504890 -0.742177844 0.063130803 -0.667223036 -152.955429077
-0.667637885 0.020156801 0.744213402 424.383056641 0.059234198 0.997902691 0.026111420 -0.996951103 -0.742125988 0.061515849 -0.667431355 -154.735229492
-0.668522060 0.018906105 0.743451893 426.404113770 0.055874798 0.998128235 0.024860807 -0.957322121 -0.741590381 0.058160231 -0.668327034 -156.516235352
-0.669387043 0.018077195 0.742693901 428.410583496 0.055045452 0.998162985 0.025316935 -0.920789719 -0.740871787 0.057828750 -0.669152319 -158.304199219
-0.670598447 0.015941946 0.741649091 430.395812988 0.054304104 0.998141646 0.027646407 -0.883607864 -0.739830256 0.058814231 -0.670218110 -160.044937134
-0.670622885 0.015281349 0.741641045 432.379608154 0.057001080 0.997893214 0.030981401 -0.830302238 -0.739605188 0.063051164 -0.670081139 -161.814849854
-0.670203090 0.013955246 0.742046535 434.354431152 0.061588943 0.997420371 0.036868110 -0.775795937 -0.739617884 0.070410967 -0.669333756 -163.575469971
-0.669440329 0.013365773 0.742745578 436.330627441 0.065417998 0.997014463 0.041020177 -0.705400467 -0.739979982 0.076049492 -0.668315887 -165.344451904
-0.667798877 0.010860159 0.744262576 438.286163330 0.059883025 0.997436345 0.039176371 -0.632478714 -0.741929054 0.070730634 -0.666737199 -167.088012695
-0.667979538 0.010164136 0.744110227 440.281860352 0.052674636 0.998044550 0.033652704 -0.561019897 -0.742313087 0.061675053 -0.667208731 -168.833770752
-0.665967464 0.008244154 0.745935261 442.282348633 0.048296202 0.998317540 0.032085110 -0.510012627 -0.744415760 0.057393476 -0.665245175 -170.607727051
-0.663387477 0.008516765 0.748227596 444.278594971 0.046967994 0.998437405 0.030277582 -0.455252647 -0.746800542 0.055228516 -0.662750900 -172.361358643
-0.661038816 0.008952700 0.750298321 446.275451660 0.048726685 0.998330414 0.031017641 -0.404343605 -0.748767912 0.057063423 -0.660371363 -174.102615356
-0.658375561 0.008908646 0.752636850 448.245941162 0.049843449 0.998251140 0.031785093 -0.359093666 -0.751037419 0.058440544 -0.657668233 -175.818313599
-0.656764984 0.009268477 0.754038215 450.216064453 0.046621576 0.998510718 0.028333783 -0.308967590 -0.752652764 0.053763084 -0.656219125 -177.478607178
-0.654915750 0.004055831 0.755691051 452.220336914 0.039299335 0.998815298 0.028697874 -0.259537697 -0.754679382 0.048492860 -0.654299259 -179.199340820
-0.654281676 -0.002438950 0.756246865 454.247985840 0.030164212 0.999114871 0.029319368 -0.215875626 -0.755649149 0.041994721 -0.653629124 -180.904449463
-0.653616011 -0.005291791 0.756808043 456.269012451 0.023785997 0.999337852 0.027530361 -0.168636322 -0.756452680 0.035995703 -0.653057396 -182.614639282
-0.653413117 -0.006224769 0.756975770 458.297332764 0.021697635 0.999401271 0.026947444 -0.132802010 -0.756690502 0.034032393 -0.652887046 -184.307571411
-0.652395189 -0.005529262 0.757858932 460.322692871 0.024563139 0.999293804 0.028435681 -0.087037086 -0.757480800 0.037166689 -0.651798725 -186.039199829
-0.651310384 -0.006893875 0.758780122 462.352752686 0.025703430 0.999184370 0.031140991 -0.042113304 -0.758375943 0.039785698 -0.650602043 -187.747528076
-0.649730921 -0.008723464 0.760114074 464.355712891 0.024642462 0.999166906 0.032530863 0.017950058 -0.759764731 0.039867394 -0.648974836 -189.464935303
-0.648815334 -0.009474601 0.760886908 466.379333496 0.022014035 0.999270260 0.031214541 0.062707901 -0.760627389 0.037002664 -0.648133278 -191.157073975
-0.648483872 -0.008588991 0.761179924 468.409301758 0.020710457 0.999367118 0.028920824 0.112514496 -0.760946631 0.034519076 -0.647895575 -192.853073120
-0.646877706 -0.007020750 0.762561440 470.472351074 0.021553937 0.999389827 0.027485298 0.159334183 -0.762289107 0.034215827 -0.646331668 -194.618347168
-0.646012604 -0.006770866 0.763296723 472.471008301 0.023379944 0.999315977 0.028651992 0.192886353 -0.762968600 0.036355384 -0.645412445 -196.275939941
