1.000000000 0.000000000 0.000000000 0.000000000 0.000000000 1.000000000 0.000000000 0.000000000 0.000000000 0.000000000 1.000000000 0.000000000
0.999032736 -0.000553731 0.043969762 0.042436529 0.000660643 0.999996781 -0.002416999 -0.020094996 -0.043968290 0.002443708 0.999029934 1.029652357
0.996001244 -0.004552102 0.089223519 0.131425142 0.005234668 0.999958813 -0.007417569 -0.039609954 -0.089186080 0.007854964 0.995984018 2.051507235
0.990919530 -0.004167343 0.134391710 0.268991530 0.005740094 0.999919415 -0.011317384 -0.063974872 -0.134333760 0.011986039 0.990863681 3.065110207
0.983682096 -0.002172311 0.179902136 0.455446064 0.004713931 0.999894977 -0.013701487 -0.089625642 -0.179853454 0.014325955 0.983589113 4.072391987
0.974193633 -0.004406777 0.225670919 0.689580023 0.007673843 0.999878049 -0.013601967 -0.120133199 -0.225583494 0.014982714 0.974108636 5.066305637
0.962561190 -0.004659830 0.271024287 0.962121964 0.008977176 0.999851763 -0.014692200 -0.152577132 -0.270915627 0.016575176 0.962460399 6.070493221
0.949062109 -0.007294163 0.315004647 1.286962271 0.013458678 0.999758005 -0.017398870 -0.185558513 -0.314801455 0.020752149 0.948930621 7.045324802
0.934030950 -0.009169198 0.357074380 1.663161874 0.017074762 0.999673784 -0.018993648 -0.219159111 -0.356783748 0.023837611 0.933882833 8.001411438
0.916830122 -0.009120418 0.399173290 2.068170547 0.018584684 0.999630332 -0.019845888 -0.250344485 -0.398844719 0.025613816 0.916660666 8.934381485
0.897264063 -0.009241228 0.441397548 2.511754036 0.019371560 0.999642074 -0.018449318 -0.283997715 -0.441069096 0.025104467 0.897121966 9.838242531
0.875525534 -0.009196775 0.483084232 2.999842167 0.020026824 0.999650300 -0.017264972 -0.324593365 -0.482756615 0.024790563 0.875403643 10.713958740
0.851581097 -0.009538918 0.524135888 3.528988361 0.021114120 0.999647379 -0.016111920 -0.356101036 -0.523797333 0.024787284 0.851482093 11.576197624
0.826219380 -0.009541703 0.563267708 4.117133141 0.022540854 0.999615788 -0.016130259 -0.392875522 -0.562897384 0.026023667 0.826116979 12.430231094
0.798858643 -0.011124570 0.601415873 4.748626709 0.025606789 0.999551475 -0.015524404 -0.427507579 -0.600973368 0.027802126 0.798785269 13.262418747
0.770211160 -0.010113950 0.637708843 5.391651154 0.026256774 0.999529421 -0.015860016 -0.463210344 -0.637248278 0.028959734 0.770114362 14.040843964
0.739765286 -0.013329043 0.672732949 6.068955421 0.031023806 0.999416292 -0.014313367 -0.499576986 -0.672149420 0.031459272 0.739746928 14.770013809
0.707903564 -0.012735882 0.706194282 6.797860622 0.031683318 0.999403536 -0.013736234 -0.529487848 -0.705598116 0.032098506 0.707884848 15.487968445
0.673690975 -0.011497086 0.738923728 7.555530548 0.033040736 0.999347746 -0.014574789 -0.560428977 -0.738274217 0.034233484 0.673631430 16.187847137
0.638089240 -0.012756722 0.769856751 8.337574005 0.037714057 0.999180436 -0.014702301 -0.587419510 -0.769038200 0.038415801 0.638047397 16.831018448
0.601373851 -0.010976109 0.798892379 9.138087273 0.037614908 0.999185801 -0.014587003 -0.617584348 -0.798081994 0.038822502 0.601297081 17.436157227
0.563776493 -0.010034549 0.825866461 9.973124504 0.040732317 0.999047220 -0.015667096 -0.651910722 -0.824922383 0.042472191 0.563648045 18.000675201
0.525060058 -0.008484540 0.851022840 10.824853897 0.045768809 0.998784781 -0.018280528 -0.677348256 -0.849833488 0.048548684 0.524810374 18.518238068
0.486229151 -0.007507749 0.873799086 11.703637123 0.047080968 0.998735666 -0.017617185 -0.704928875 -0.872562051 0.049705293 0.485967875 19.009593964
0.447782844 -0.009367804 0.894093275 12.600262642 0.052431080 0.998499513 -0.015796989 -0.732306361 -0.892603755 0.053951897 0.447602153 19.450546265
0.410875201 -0.010017802 0.911636472 13.538702011 0.056365877 0.998305976 -0.014433941 -0.761372387 -0.909947515 0.057315744 0.410743743 19.860382080
0.375734568 -0.007679772 0.926695526 14.481909752 0.058252495 0.998183906 -0.015346632 -0.788407683 -0.924894691 0.059748594 0.375499576 20.237607956
0.342326820 -0.008435388 0.939543068 15.453773499 0.058867276 0.998187721 -0.012486648 -0.807799339 -0.937735021 0.059582848 0.342202932 20.591970444
0.309064746 -0.010082180 0.950987577 16.461603165 0.061031383 0.998092890 -0.009253218 -0.832644939 -0.949080646 0.060899928 0.309090644 20.909677505
0.276293665 -0.010117409 0.961019993 17.483148575 0.061711986 0.998067737 -0.007234785 -0.854814887 -0.959089875 0.061305374 0.276384234 21.199453354
0.244236365 -0.007369346 0.969687700 18.515846252 0.059344962 0.998210371 -0.007361177 -0.876973629 -0.967898130 0.059343956 0.244236603 21.464450836
0.213561520 -0.005832725 0.976912141 19.536281586 0.059143186 0.998225152 -0.006969241 -0.889787734 -0.975137770 0.059266064 0.213527456 21.681318283
0.183122292 -0.005676019 0.983073711 20.675464630 0.061227657 0.998107851 -0.005642374 -0.910361171 -0.981181622 0.061224543 0.183123305 21.874614716
0.152558073 -0.005620376 0.988278508 21.751810074 0.062757961 0.998020828 -0.004012011 -0.916566432 -0.986299872 0.062634416 0.152608842 22.037334442
0.122118786 -0.006310616 0.992495418 22.847270966 0.061196364 0.998125017 -0.001183323 -0.931575179 -0.990627050 0.060881626 0.122275986 22.175487518
0.093101919 -0.006685573 0.995634258 23.970863342 0.061967477 0.998077691 0.000907393 -0.941954613 -0.993726373 0.061612453 0.093337245 22.276170731
0.066309646 -0.006126252 0.997780323 25.089477539 0.064947076 0.997887015 0.001810709 -0.941287398 -0.995683193 0.064682841 0.066567414 22.337265015
0.040945288 -0.005876145 0.999144077 26.276153564 0.068682328 0.997633874 0.003052635 -0.953130126 -0.996797979 0.068498559 0.041251998 22.377521515
0.017850988 -0.005512922 0.999825478 27.450386047 0.072144084 0.997385323 0.004211398 -0.958010554 -0.997234523 0.072056316 0.018202040 22.400079727
-0.002056278 -0.005893496 0.999980569 28.603847504 0.078774750 0.996874213 0.006037173 -0.966876924 -0.996890306 0.078785636 -0.001585592 22.391532898
-0.019845437 -0.005891207 0.999785721 29.892848969 0.082633533 0.996551692 0.007512400 -0.951530874 -0.996382415 0.082764909 -0.019290196 22.360248566
-0.034664407 -0.005749721 0.999382436 31.121486664 0.086555026 0.996208787 0.008733694 -0.948818684 -0.995643854 0.086804323 -0.034035314 22.287115097
-0.049186423 -0.006831614 0.998766303 32.389381409 0.087790750 0.996076703 0.011136664 -0.951702595 -0.994923890 0.088230208 -0.048393697 22.224893570
-0.062582240 -0.007792561 0.998009384 33.614685059 0.088047206 0.996027470 0.013298268 -0.945021391 -0.994148433 0.088704161 -0.061647523 22.150438309
-0.074114993 -0.007592502 0.997220755 34.837631226 0.087826736 0.996035814 0.014110899 -0.935982227 -0.993374765 0.088628449 -0.073154368 22.050756454
-0.086446546 -0.004725143 0.996245265 36.134346008 0.087508596 0.996087611 0.012317723 -0.926990867 -0.992405772 0.088244855 -0.085694842 21.971628189
-0.096422024 -0.001442394 0.995339513 37.363468170 0.087913945 0.996078312 0.009959999 -0.917283535 -0.991450369 0.088464595 -0.095917091 21.853895187
-0.105744086 0.001178738 0.994392693 38.625560760 0.089267507 0.995972991 0.008312123 -0.913074374 -0.990378439 0.089645900 -0.105423458 21.727109909
-0.112653531 0.002512553 0.993631184 39.915760040 0.089512326 0.995956481 0.007630077 -0.898844242 -0.989594221 0.089801781 -0.112422906 21.561286926
-0.119335033 0.002766434 0.992850184 41.225013733 0.089038491 0.995996654 0.007926728 -0.898445368 -0.988853514 0.089347817 -0.119103611 21.429943085
-0.125432968 0.004360190 0.992092431 42.590457916 0.088196754 0.996080160 0.006773243 -0.880597591 -0.988174021 0.088348940 -0.125325814 21.282024384
-0.129583359 0.005995854 0.991550326 43.911895752 0.087333515 0.996164560 0.005389651 -0.873639107 -0.987715065 0.087293990 -0.129609972 21.102138519
-0.132993504 0.006973596 0.991092384 45.285255432 0.088708006 0.996045649 0.004895172 -0.866139412 -0.987139106 0.088568859 -0.133086175 20.902860641
-0.136231840 0.005938123 0.990659177 46.683238983 0.088110246 0.996091783 0.006145913 -0.864885807 -0.986750960 0.088124476 -0.136222616 20.719324112
-0.138444141 0.004672007 0.990359247 48.106006622 0.089277521 0.995976388 0.007781766 -0.849337101 -0.986338019 0.089494169 -0.138304234 20.512245178
-0.140848368 0.002994808 0.990026653 49.532909393 0.088611558 0.996020079 0.009593585 -0.845562041 -0.986057699 0.089079045 -0.140553176 20.320922852
-0.143113241 0.004013326 0.989698172 50.962200165 0.091046475 0.995804727 0.009127497 -0.837321520 -0.985509574 0.091414787 -0.142878249 20.131340027
-0.143470243 0.003480533 0.989648521 52.394187927 0.090598799 0.995840907 0.009631881 -0.832007051 -0.985498846 0.091042869 -0.143188849 19.922554016
-0.144218311 0.005143076 0.989532530 53.865219116 0.092313334 0.995695591 0.008278995 -0.810944915 -0.985230744 0.092541017 -0.144072324 19.720544815
-0.143947452 0.005412667 0.989570498 55.355346680 0.092255145 0.995703459 0.007973650 -0.802367926 -0.985275567 0.092440769 -0.143828377 19.495811462
-0.144224748 0.006899780 0.989520907 56.888172150 0.091703810 0.995765626 0.006422705 -0.793485165 -0.985286593 0.091669165 -0.144246817 19.286186218
-0.142646402 0.007307575 0.989746749 58.432621002 0.092703111 0.995675802 0.006009410 -0.782170057 -0.985422730 0.092609838 -0.142707005 19.056213379
-0.140308186 0.005795008 0.990090847 59.971168518 0.091913693 0.995740891 0.007197239 -0.780512273 -0.985832393 0.092012748 -0.140243247 18.828533173
-0.139179945 0.006753515 0.990244091 61.558185577 0.092841908 0.995661199 0.006258577 -0.771872878 -0.985905349 0.092807218 -0.139203072 18.614873886
-0.138247356 0.007207541 0.990371525 63.169273376 0.092667162 0.995680869 0.005689363 -0.764423549 -0.986052990 0.092561468 -0.138318151 18.397937775
-0.137267366 0.007774157 0.990503550 64.781677246 0.093470275 0.995608807 0.005139203 -0.764074922 -0.986114085 0.093288079 -0.137391254 18.172979355
-0.136358097 0.007400157 0.990631938 66.416847229 0.092894323 0.995661616 0.005348952 -0.758260965 -0.986294568 0.092753448 -0.136453986 17.946609497
-0.135096699 0.006129134 0.990813434 68.077735901 0.095080145 0.995446265 0.006806316 -0.747553229 -0.986259937 0.095126189 -0.135064274 17.706466675
-0.134938732 0.003801346 0.990846634 69.742843628 0.096579857 0.995281458 0.009334398 -0.748717070 -0.986135840 0.096955396 -0.134669185 17.484794617
-0.134472609 0.004718880 0.990906000 71.425331116 0.097965017 0.995153069 0.008555407 -0.744467318 -0.986062884 0.098224618 -0.134283096 17.265069962
-0.133690566 0.006880492 0.990999162 73.121871948 0.099899724 0.994975746 0.006568851 -0.734656692 -0.985975087 0.099878736 -0.133706227 17.030466080
-0.132613599 0.006593654 0.991145849 74.832901001 0.099169053 0.995048404 0.006649031 -0.730242252 -0.986194253 0.099172756 -0.132610813 16.800640106
-0.132327855 0.006209358 0.991186559 76.532150269 0.099598795 0.995002627 0.007063623 -0.731063962 -0.986189365 0.099655718 -0.132284999 16.579631805
-0.132053912 0.005425597 0.991227686 78.256744385 0.099490657 0.995007873 0.007808114 -0.721074820 -0.986236989 0.099648967 -0.131934479 16.348621368
-0.131973684 0.005708797 0.991236806 79.979637146 0.100770377 0.994880021 0.007686831 -0.715339065 -0.986117780 0.100901760 -0.131873250 16.127489090
-0.132081643 0.005622342 0.991222918 81.724609375 0.101547964 0.994799376 0.007888759 -0.705499947 -0.986023486 0.101698615 -0.131965682 15.913019180
-0.131924823 0.006150513 0.991240561 83.449592590 0.101961531 0.994760811 0.007397766 -0.709971547 -0.986001790 0.102044366 -0.131860763 15.682361603
-0.132048398 0.007631933 0.991213858 85.254371643 0.101737574 0.994793832 0.005893865 -0.693115592 -0.986008465 0.101621971 -0.132137343 15.425293922
-0.133476257 0.008283851 0.991017401 87.035736084 0.100356199 0.994937897 0.005199963 -0.691762447 -0.985957682 0.100148812 -0.133631945 15.200065613
-0.135516569 0.008265290 0.990740538 88.839271545 0.099100828 0.995063543 0.005253961 -0.697342515 -0.985806406 0.098895177 -0.135666683 14.981378555
-0.136710048 0.007459486 0.990583122 90.631393433 0.098398119 0.995128512 0.006086178 -0.699254453 -0.985711992 0.098303534 -0.136778086 14.753934860
-0.137768999 0.007283307 0.990437627 92.472457886 0.098511614 0.995115399 0.006385173 -0.698324323 -0.985553145 0.098449282 -0.137813553 14.501923561
-0.138858214 0.006451483 0.990291238 94.335876465 0.095698297 0.995386183 0.006934097 -0.689523160 -0.985677540 0.095732018 -0.138834953 14.266349792
-0.140555590 0.007213421 0.990046442 96.140510559 0.095609404 0.995398879 0.006321126 -0.689146757 -0.985445559 0.095546246 -0.140598565 14.019392014
-0.142776012 0.008352221 0.989719808 98.034690857 0.095410407 0.995423675 0.005363456 -0.684636235 -0.985145569 0.095195346 -0.142919481 13.739850044
-0.147209510 0.009080661 0.989063561 99.899925232 0.095314704 0.995434403 0.005047226 -0.680804372 -0.984502137 0.095015325 -0.147402912 13.470302582
-0.151773676 0.008510258 0.988378644 101.812736511 0.093836263 0.995570540 0.005837150 -0.676518202 -0.983950973 0.093631700 -0.151899964 13.179141998
-0.156170845 0.007807091 0.987699211 103.705650330 0.092408113 0.995698392 0.006740857 -0.675524354 -0.983397901 0.092324145 -0.156220466 12.885134697
-0.159921601 0.008376033 0.987094104 105.609031677 0.091076568 0.995823920 0.006305434 -0.679280818 -0.982919216 0.090909526 -0.160016626 12.565498352
-0.163691789 0.010351323 0.986457229 107.552833557 0.091707252 0.995774567 0.004768716 -0.671957016 -0.982239664 0.091245882 -0.163949355 12.213741302
-0.168345809 0.011784044 0.985657692 109.475418091 0.091448501 0.995802879 0.003713646 -0.683898091 -0.981476843 0.090762064 -0.168716908 11.891227722
-0.173042491 0.012251957 0.984838247 111.427665710 0.090343155 0.995904624 0.003484252 -0.686439335 -0.980762184 0.089576304 -0.173440710 11.554607391
-0.177746326 0.011670114 0.984007239 113.376029968 0.088477202 0.996069431 0.004168926 -0.695294857 -0.980090857 0.087803215 -0.178080216 11.210683823
-0.183264613 0.011336485 0.982998252 115.325881958 0.086705901 0.996222973 0.004675952 -0.693692565 -0.979232371 0.086088695 -0.183555335 10.862035751
-0.189216584 0.010720110 0.981876850 117.282981873 0.085903920 0.996287167 0.005677021 -0.699488521 -0.978170514 0.085421249 -0.189434960 10.500352859
-0.194895476 0.010383871 0.980768979 119.250717163 0.086273246 0.996249676 0.006596188 -0.700642526 -0.977022350 0.085899696 -0.195060387 10.117610931
-0.200624898 0.012089562 0.979593515 121.231033325 0.086873420 0.996204197 0.005497484 -0.700220764 -0.975808740 0.086203575 -0.200913638 9.726390839
-0.206540242 0.013349711 0.978347123 123.194969177 0.086515553 0.996239483 0.004670571 -0.702450156 -0.974605620 0.085606910 -0.206918567 9.325309753
-0.212953642 0.013352732 0.976971149 125.178359985 0.087251581 0.996171653 0.005403365 -0.705899119 -0.973158717 0.086392932 -0.213303491 8.909496307
-0.219281211 0.013705030 0.975565374 127.169692993 0.086344831 0.996250629 0.005412407 -0.701423585 -0.971833467 0.085421875 -0.219642416 8.483577728
-0.224733442 0.014249794 0.974316061 129.164077759 0.085437834 0.996330202 0.005135125 -0.705651402 -0.970667422 0.084397487 -0.225126177 8.031818390
-0.230620131 0.014989036 0.972928345 131.189880371 0.084880710 0.996379852 0.004769547 -0.704814792 -0.969334662 0.083682820 -0.231057450 7.571086884
-0.234672889 0.014241562 0.971970081 133.115921021 0.086263523 0.996252894 0.006230138 -0.709692240 -0.968239188 0.085307598 -0.235022083 7.104864120
-0.238940313 0.014228486 0.970929980 135.115249634 0.088888824 0.996014953 0.007278942 -0.708655596 -0.966957211 0.088044062 -0.239252880 6.618604660
-0.242345467 0.015291221 0.970069647 137.120483398 0.090714559 0.995852590 0.006964929 -0.709267020 -0.965939641 0.089687355 -0.242727548 6.109485626
-0.245218024 0.016295150 0.969330847 139.109771729 0.091999047 0.995737672 0.006534536 -0.712463737 -0.965092897 0.090779893 -0.245671958 5.596485138
-0.248499572 0.016086984 0.968498409 141.126785278 0.090902351 0.995836854 0.006782859 -0.716143012 -0.964357138 0.089724332 -0.248927340 5.082141876
-0.252039909 0.016925504 0.967568815 143.148941040 0.090088435 0.995915413 0.006045577 -0.715837777 -0.963514388 0.088690497 -0.252535224 4.552116394
-0.256114751 0.017567191 0.966486692 145.164184570 0.089582242 0.995963454 0.005635933 -0.725659966 -0.962486506 0.088023514 -0.256654620 4.019359589
-0.259928077 0.016937323 0.965479434 147.197723389 0.088097796 0.996092200 0.006243488 -0.728173435 -0.961600840 0.086679474 -0.260404557 3.478450775
-0.263835937 0.017567646 0.964407504 149.229446411 0.089288041 0.995986044 0.006283920 -0.736914098 -0.960426092 0.087767974 -0.264345437 2.908370972
-0.268844277 0.017837534 0.963018417 151.279602051 0.088713393 0.996037185 0.006316849 -0.741934061 -0.959089518 0.087130897 -0.269361287 2.347908020
-0.273780465 0.017779708 0.961627841 153.331542969 0.087885655 0.996108592 0.006604269 -0.745067298 -0.957768440 0.086321406 -0.274277687 1.780708313
-0.278289109 0.017205330 0.960343182 155.363754272 0.087956764 0.996095002 0.007642339 -0.750200033 -0.956461549 0.086595468 -0.278715730 1.203380585
-0.282892525 0.017070888 0.958999693 157.426223755 0.088406406 0.996049464 0.008348340 -0.753142357 -0.955068648 0.087143391 -0.283284128 0.611095428
-0.287386924 0.018002918 0.957645357 159.509719849 0.089283481 0.995973587 0.008070275 -0.749708414 -0.953644216 0.087821193 -0.287837058 0.006122589
-0.290786892 0.019222744 0.956594646 161.585006714 0.089912191 0.995922744 0.007318587 -0.748077750 -0.952553749 0.088137671 -0.291329712 -0.624542236
-0.294534862 0.020756152 0.955415308 163.645294189 0.089780115 0.995943189 0.006040752 -0.752451837 -0.951413989 0.087556504 -0.295203537 -1.250514984
-0.298306763 0.021992266 0.954216659 165.726699829 0.090428293 0.995888710 0.005316939 -0.755501270 -0.950176716 0.087874241 -0.299069017 -1.876972198
-0.301578581 0.022547051 0.953174591 167.812286377 0.089637533 0.995962799 0.004801571 -0.758446753 -0.949218273 0.086888261 -0.302382201 -2.534122467
-0.305418998 0.022282822 0.951957226 169.908706665 0.089661203 0.995957375 0.005453492 -0.772456348 -0.947987378 0.087019242 -0.306182116 -3.198883057
-0.309279114 0.022807583 0.950697780 171.985946655 0.089609057 0.995963156 0.005257929 -0.768352568 -0.946739972 0.086817287 -0.310074329 -3.865806580
-0.312800199 0.023981385 0.949516177 174.108734131 0.092322990 0.995715201 0.005265859 -0.774456382 -0.945321381 0.089309335 -0.313673943 -4.571262360
-0.316186219 0.023764322 0.948399603 176.219741821 0.093884081 0.995562851 0.006353843 -0.781224489 -0.944040298 0.091048606 -0.317014396 -5.260276794
-0.318561763 0.023894360 0.947600901 178.293228149 0.095119096 0.995442152 0.006876160 -0.780760288 -0.943117559 0.092325434 -0.319382548 -5.953487396
-0.321312726 0.023322515 0.946685910 180.398345947 0.094797060 0.995467246 0.007650582 -0.783675432 -0.942216277 0.092201263 -0.322067171 -6.660282135
-0.323915184 0.024075914 0.945779741 182.521377563 0.093960054 0.995552421 0.006836949 -0.779886723 -0.941408694 0.091080092 -0.324736774 -7.378791809
-0.326396167 0.025966220 0.944876313 184.613555908 0.093566053 0.995600700 0.004961092 -0.788159132 -0.940590739 0.090027623 -0.327389866 -8.103294373
-0.329545200 0.027960587 0.943725705 186.741867065 0.093359716 0.995627582 0.003102514 -0.793848813 -0.939512610 0.089128390 -0.330714703 -8.843265533
-0.332882732 0.028937237 0.942524076 188.879608154 0.092564508 0.995704412 0.002122159 -0.804835796 -0.938414037 0.087950714 -0.334131360 -9.591350555
-0.336243212 0.029147945 0.941323936 191.028289795 0.090636715 0.995882750 0.001538302 -0.823993325 -0.937403560 0.085835747 -0.337500751 -10.338893890
-0.339374572 0.029695706 0.940182447 193.175979614 0.091668598 0.995788217 0.001637290 -0.830759883 -0.936173975 0.086740866 -0.340667337 -11.122516632
-0.343214154 0.028727688 0.938817739 195.360870361 0.091186546 0.995829642 0.002863838 -0.839525521 -0.934820354 0.086590454 -0.344402373 -11.914081573
-0.346721739 0.028390259 0.937538266 197.526885986 0.091258369 0.995820701 0.003594147 -0.843676209 -0.933518052 0.086804375 -0.347863555 -12.713558197
-0.350282848 0.028129900 0.936221480 199.688125610 0.091305383 0.995813906 0.004241060 -0.849841714 -0.932182968 0.086967632 -0.351384908 -13.525096893
-0.354350388 0.028662553 0.934673250 201.822097778 0.091032706 0.995839894 0.003973747 -0.857107878 -0.930671096 0.086493924 -0.355485499 -14.308181763
-0.358890474 0.028703604 0.932938218 204.013107300 0.089311264 0.995996833 0.003713284 -0.874086261 -0.929096937 0.084654555 -0.360017329 -15.127719879
-0.362030387 0.029797656 0.931689918 206.211578369 0.089832552 0.995952129 0.003053674 -0.877663374 -0.927827537 0.084801607 -0.363241792 -15.985538483
-0.365558833 0.030331895 0.930293798 208.342514038 0.090377130 0.995902956 0.003042621 -0.892665446 -0.926390171 0.085189544 -0.366802394 -16.797367096
-0.368329793 0.029966045 0.929212153 210.509597778 0.091159619 0.995828092 0.004020376 -0.905063748 -0.925215065 0.086187445 -0.369524896 -17.656375885
-0.370721489 0.029706942 0.928268850 212.670394897 0.093063377 0.995646060 0.005303416 -0.917918563 -0.924069583 0.088353917 -0.371872067 -18.524246216
-0.373627752 0.030019021 0.927092850 214.849243164 0.093477733 0.995606542 0.005434997 -0.928529382 -0.922856569 0.088693224 -0.374792337 -19.399238586
-0.376788557 0.031392850 0.925767183 217.055618286 0.094026357 0.995559514 0.004509348 -0.932679534 -0.921514750 0.088745587 -0.378067195 -20.291336060
-0.379829586 0.031848747 0.924508035 219.223922729 0.093388058 0.995621443 0.004069459 -0.945175409 -0.920330465 0.087883711 -0.381140858 -21.170169830
-0.382900655 0.033222873 0.923191905 221.395019531 0.093184084 0.995644927 0.002818557 -0.960899472 -0.919077694 0.087106019 -0.384328991 -22.067905426
-0.385942757 0.033890434 0.921899974 223.550903320 0.092577919 0.995703101 0.002153132 -0.979475558 -0.917865634 0.086178593 -0.387421966 -22.962024689
-0.388653457 0.033688188 0.920767903 225.744964600 0.090337902 0.995909750 0.001693960 -1.000164628 -0.916944683 0.083838612 -0.390107065 -23.880001068
-0.391802043 0.035446297 0.919366479 227.921554565 0.091690645 0.995787442 0.000682659 -1.008762717 -0.915469229 0.084564790 -0.393401563 -24.800231934
-0.394227862 0.034606405 0.918360889 230.064605713 0.092893280 0.995673299 0.002356866 -1.036722064 -0.914305866 0.086238720 -0.395736814 -25.722492218
-0.396849990 0.034076232 0.917250752 232.228454590 0.093395002 0.995623291 0.003419671 -1.051718116 -0.913119674 0.087023698 -0.398295581 -26.653713226
-0.399882585 0.033397909 0.915957630 234.413452148 0.092061542 0.995745718 0.003884437 -1.066137075 -0.911931157 0.085877806 -0.401255965 -27.593143463
-0.403295875 0.033265293 0.914464772 236.553192139 0.090687633 0.995872259 0.003768295 -1.086413622 -0.910564661 0.084450379 -0.404648036 -28.523822784
-0.406924784 0.032889988 0.912869334 238.731048584 0.089218594 0.996004403 0.003885200 -1.100949526 -0.909094214 0.083025895 -0.408233315 -29.486076355
-0.410723507 0.032320071 0.911186934 240.903182983 0.088072240 0.996104538 0.004367033 -1.112191439 -0.907496274 0.082043931 -0.411970109 -30.452568054
-0.413884103 0.032687161 0.909742534 243.049835205 0.087696970 0.996138752 0.004106047 -1.122996569 -0.906095564 0.081481107 -0.415152609 -31.437232971
-0.417640299 0.033626560 0.907989979 245.200225830 0.088247068 0.996091664 0.003700916 -1.128296018 -0.904316843 0.081673108 -0.418975532 -32.416824341
-0.422579080 0.032193337 0.905754089 247.373168945 0.085438311 0.996333659 0.004448398 -1.148056626 -0.902289927 0.079265915 -0.423780292 -33.386100769
-0.426378340 0.031968880 0.903979838 249.500137329 0.085296467 0.996343076 0.004996336 -1.163474560 -0.900514305 0.079236597 -0.427545965 -34.378875732
-0.430318445 0.033169501 0.902067423 251.659011841 0.085384503 0.996339619 0.004095529 -1.177752733 -0.898629785 0.078784958 -0.431575447 -35.381317139
-0.433142185 0.033657927 0.900696933 253.719375610 0.085873798 0.996297657 0.004066012 -1.195870638 -0.897225440 0.079107441 -0.434428900 -36.374877930
-0.436642826 0.033289004 0.899018824 255.836074829 0.085804261 0.996300519 0.004782949 -1.218902469 -0.895533741 0.079228088 -0.437883824 -37.406356812
-0.440155596 0.033641264 0.897291064 257.970825195 0.084422290 0.996421814 0.004054485 -1.233418345 -0.893944025 0.077535972 -0.441420794 -38.445816040
-0.443480194 0.034161661 0.895632923 260.101959229 0.085125275 0.996361554 0.004146805 -1.238628149 -0.892232597 0.078080028 -0.444774687 -39.499969482
-0.446710765 0.034941241 0.893995881 262.241638184 0.085860744 0.996299267 0.003963089 -1.243992925 -0.890548944 0.078529507 -0.448057681 -40.576286316
-0.449818015 0.036295895 0.892382443 264.336059570 0.088240094 0.996091306 0.003964623 -1.269028068 -0.888750494 0.080527276 -0.451262563 -41.618492126
-0.453052878 0.038341489 0.890658736 266.467559814 0.090788603 0.995864630 0.003311149 -1.281838655 -0.886848569 0.082361788 -0.454660356 -42.705863953
-0.456202835 0.039096233 0.889016569 268.600769043 0.092153192 0.995738685 0.003499280 -1.291811943 -0.885091424 0.083522096 -0.457861602 -43.794929504
-0.459223837 0.041319195 0.887359142 270.717285156 0.093176678 0.995647848 0.001858972 -1.289324522 -0.883420408 0.083534859 -0.461075217 -44.879646301
-0.461410940 0.043865833 0.886101365 272.807739258 0.095332026 0.995445430 0.000362475 -1.309633255 -0.882049739 0.084641092 -0.463491201 -45.964538574
-0.464517504 0.044454038 0.884447455 274.948852539 0.096203610 0.995361567 0.000497949 -1.325879693 -0.880322874 0.085318334 -0.466639459 -47.059425354
-0.467534781 0.045597352 0.882797837 277.083465576 0.096603841 0.995322824 -0.000247437 -1.341846228 -0.878680229 0.085165992 -0.469752908 -48.169067383
-0.471116662 0.045266435 0.880908668 279.247497559 0.095136598 0.995464206 -0.000273207 -1.350139141 -0.876925349 0.083677955 -0.473286271 -49.311935425
-0.474259526 0.047086816 0.879124999 281.403900146 0.096434988 0.995338380 -0.001287786 -1.355620623 -0.875087678 0.084167644 -0.476589501 -50.466415405
-0.477177501 0.047060192 0.877546012 283.546997070 0.095355295 0.995442092 -0.001531886 -1.373332620 -0.873618245 0.082947679 -0.479490042 -51.629219055
-0.479813963 0.047213364 0.876098990 285.706970215 0.093785852 0.995589733 -0.002288978 -1.383566260 -0.872343242 0.081067421 -0.482125819 -52.800437927
-0.482744694 0.047664873 0.874463081 287.886199951 0.095341370 0.995443285 -0.001626309 -1.405280113 -0.870555937 0.082587413 -0.485089391 -53.982101440
-0.485213786 0.047525305 0.873103023 290.071472168 0.096620865 0.995321095 -0.000482390 -1.424554944 -0.869040847 0.084125906 -0.487535477 -55.170822144
-0.487430811 0.047856331 0.871849179 292.253662109 0.097340636 0.995251119 -0.000209020 -1.422640204 -0.867718875 0.084764481 -0.489774406 -56.390350342
-0.489312023 0.047457878 0.870816588 294.422729492 0.097124368 0.995272160 0.000333723 -1.439915657 -0.866683722 0.084740795 -0.491607904 -57.604095459
-0.491555184 0.046818063 0.869586945 296.587310791 0.096711174 0.995311916 0.001081320 -1.448835015 -0.865459681 0.084630311 -0.493778586 -58.832015991
-0.494407833 0.046931908 0.867962003 298.804046631 0.097771510 0.995207131 0.001880294 -1.450987935 -0.863713861 0.085791588 -0.496626735 -60.080169678
-0.496796817 0.046762891 0.866606116 301.002380371 0.097884454 0.995194852 0.002412271 -1.457854033 -0.862329125 0.086025663 -0.498986989 -61.322090149
-0.499316990 0.046925474 0.865147769 303.212005615 0.096801311 0.995301962 0.001883525 -1.469519138 -0.860994756 0.084687926 -0.501513541 -62.582862854
-0.501832068 0.049358364 0.863555610 305.407257080 0.096070014 0.995373964 -0.001064210 -1.474469543 -0.859613240 0.082427740 -0.504252493 -63.840644836
-0.504734933 0.048719220 0.861898541 307.594543457 0.094972663 0.995479643 -0.000653172 -1.496760249 -0.858034313 0.081527114 -0.507080376 -65.127159119
-0.509317279 0.046723701 0.859309614 309.796203613 0.092483029 0.995714009 0.000674669 -1.514393926 -0.855594993 0.079815172 -0.511455357 -66.402420044
-0.514117002 0.044138916 0.856583476 312.014373779 0.089981802 0.995939791 0.002686808 -1.525451899 -0.852987111 0.078458250 -0.516001403 -67.711692810
-0.518747807 0.042738356 0.853858352 314.223236084 0.089023270 0.996020555 0.004230620 -1.535450220 -0.850279689 0.078207888 -0.520488203 -69.040130615
-0.523160219 0.043017693 0.851147950 316.454833984 0.089898616 0.995938778 0.004920869 -1.540272713 -0.847479582 0.079091422 -0.524902761 -70.395172119
-0.527556896 0.044579860 0.848349214 318.730377197 0.092540376 0.995695233 0.005224688 -1.548065901 -0.844464302 0.081262857 -0.529411316 -71.792648315
-0.530811727 0.045376450 0.846274078 320.979553223 0.093443170 0.995610893 0.005226957 -1.546815038 -0.842322588 0.081853069 -0.532721996 -73.216766357
-0.535101712 0.045397341 0.843566954 323.229492188 0.094407260 0.995513618 0.006311061 -1.554793596 -0.839495957 0.083015896 -0.536986887 -74.618133545
-0.538956344 0.044277735 0.841169298 325.485076904 0.094547354 0.995486796 0.008177900 -1.549816847 -0.837010682 0.083937831 -0.540710330 -76.045524597
-0.540897727 0.043104935 0.839983106 327.696899414 0.093155943 0.995611787 0.008895473 -1.536688328 -0.835913658 0.083060957 -0.542539656 -77.524147034
-0.545977950 0.042320736 0.836729944 329.954193115 0.091421083 0.995769024 0.009288798 -1.536157370 -0.832796633 0.081566222 -0.547536969 -78.943931580
-0.550412893 0.042251825 0.833822846 332.187194824 0.091768883 0.995728910 0.010121338 -1.534509182 -0.829833984 0.082089916 -0.551939368 -80.388114929
-0.553839147 0.042795688 0.831523120 334.404663086 0.092558555 0.995652795 0.010406092 -1.519931316 -0.827463031 0.082727887 -0.555392623 -81.858123779
-0.557908595 0.042262431 0.828825593 336.628601074 0.092708178 0.995625317 0.011637125 -1.511797428 -0.824707925 0.083331361 -0.559386015 -83.320449829
-0.561115026 0.041113071 0.826716185 338.839782715 0.091197886 0.995755851 0.012379010 -1.507773876 -0.822698534 0.082340829 -0.562482953 -84.802085876
-0.564433098 0.040326577 0.824493229 341.087524414 0.090616435 0.995796621 0.013329224 -1.490959644 -0.820490062 0.082236096 -0.565714836 -86.311271667
-0.566955686 0.040185586 0.822767496 343.290008545 0.091962069 0.995653331 0.014739892 -1.483230114 -0.818598926 0.084020272 -0.568186939 -87.825706482
-0.569979012 0.039391257 0.820714474 345.507507324 0.089444891 0.995888829 0.014319700 -1.476317883 -0.816776335 0.081570633 -0.571159065 -89.356147766
-0.573076963 0.038229588 0.818609357 347.653991699 0.085202366 0.996277273 0.013120091 -1.461803436 -0.815060318 0.077266261 -0.574200809 -90.826171875
-0.576526642 0.037601527 0.816212654 349.783874512 0.081765369 0.996581256 0.011843666 -1.449703693 -0.812976778 0.073566139 -0.577630222 -92.299316406
-0.578737020 0.034686785 0.814776182 351.947448730 0.079673514 0.996720433 0.014159712 -1.446627617 -0.811612964 0.073110834 -0.579602659 -93.847213745
-0.582456529 0.033932410 0.812153280 354.130523682 0.080264032 0.996646464 0.015922731 -1.437345982 -0.808889389 0.074460998 -0.583226800 -95.403045654
-0.585326016 0.034608509 0.810059071 356.334289551 0.080341481 0.996647239 0.015472298 -1.418178558 -0.806807697 0.074137695 -0.586144090 -96.990592957
-0.588822901 0.033037275 0.807586670 358.539215088 0.077527687 0.996865869 0.015746111 -1.400965691 -0.804535210 0.071881995 -0.589538872 -98.563835144
-0.592398047 0.029097613 0.805119693 360.715637207 0.075359739 0.996967316 0.019417733 -1.394541264 -0.802113116 0.072176643 -0.592794418 -100.123550415
-0.595917284 0.026633445 0.802604079 362.918395996 0.072580181 0.997145653 0.020800233 -1.364863873 -0.799759150 0.070648372 -0.596149206 -101.709297180
-0.598871171 0.025924625 0.800425649 365.106353760 0.071446344 0.997220039 0.021156993 -1.334128857 -0.797652006 0.069857799 -0.599058568 -103.318962097
-0.601989746 0.026112378 0.798076749 367.288330078 0.070962608 0.997260034 0.020897655 -1.302526474 -0.795344353 0.069213785 -0.602193296 -104.919036865
-0.605092943 0.025514837 0.795745790 369.441040039 0.070713930 0.997258425 0.021795427 -1.279255390 -0.793008149 0.069458574 -0.605238318 -106.518768311
-0.608088315 0.024148311 0.793501914 371.587066650 0.069765650 0.997295558 0.023113569 -1.258486748 -0.790797949 0.069414265 -0.608128428 -108.135253906
-0.610862613 0.023096116 0.791399658 373.711578369 0.066826619 0.997511566 0.022470625 -1.229322433 -0.788911283 0.066613026 -0.610885978 -109.749191284
-0.613797784 0.019440407 0.789223790 375.883605957 0.056819499 0.998192012 0.019602079 -1.202838898 -0.787415922 0.056875013 -0.613792598 -111.403686523
-0.617148042 0.022508077 0.786525071 378.073608398 0.049757533 0.998706520 0.010462234 -1.184451818 -0.785272241 0.045592308 -0.617469728 -113.069702148
-0.619302750 0.032513313 0.784478784 380.211853027 0.059467454 0.998214662 0.005574516 -1.188532591 -0.782896996 0.050103270 -0.620130539 -114.740325928
-0.620013237 0.033379797 0.783880770 382.349731445 0.066690885 0.997720897 0.010263710 -1.193341732 -0.781751692 0.058641344 -0.620826304 -116.418167114
-0.622092068 0.024571188 0.782558560 384.460998535 0.066384912 0.997563481 0.021450419 -1.177571297 -0.780124664 0.065294206 -0.622207582 -118.094963074
-0.625142694 0.013704746 0.780390143 386.598388672 0.060008045 0.997730255 0.030548766 -1.134880066 -0.778200269 0.065927036 -0.624546230 -119.765510559
-0.628491342 0.007527708 0.777780056 388.712951660 0.054007534 0.997962117 0.033982482 -1.076303482 -0.775939286 0.063363686 -0.627617061 -121.427574158
-0.631179810 0.007384326 0.775601327 390.814727783 0.053169224 0.998014450 0.033766925 -1.019463539 -0.773812056 0.062551126 -0.630319118 -123.100883484
-0.633195758 0.012465351 0.773891330 392.907135010 0.058574189 0.997774720 0.031853724 -0.974540710 -0.771772146 0.065499701 -0.632516861 -124.807380676
-0.635062516 0.019432560 0.772216260 394.977630615 0.063602068 0.997604489 0.027201280 -0.920897484 -0.769837916 0.066389062 -0.634777188 -126.512947083
-0.637803495 0.022238109 0.769878030 397.075012207 0.064678594 0.997598767 0.024766950 -0.884812355 -0.767478585 0.065591067 -0.637710333 -128.214355469
-0.641234338 0.022007354 0.767029464 399.148956299 0.064473309 0.997599244 0.025276711 -0.847865105 -0.764631748 0.065661222 -0.641113818 -129.912506104
-0.643777609 0.021200901 0.764918864 401.204986572 0.064929761 0.997524679 0.026998825 -0.804378510 -0.762452960 0.067047246 -0.643560529 -131.608337402
-0.645900249 0.021005845 0.763132691 403.258636475 0.065296121 0.997478366 0.027808934 -0.750155449 -0.760624290 0.067791402 -0.645643055 -133.330230713
-0.648173511 0.021178227 0.761198163 405.318298340 0.065973967 0.997416317 0.028427627 -0.710278511 -0.758629382 0.068645298 -0.647896051 -135.046218872
-0.649897695 0.021071518 0.759729564 407.364532471 0.065991133 0.997404873 0.028787408 -0.667021751 -0.757151365 0.068844281 -0.649601638 -136.782089233
-0.651600063 0.021550333 0.758256555 409.413269043 0.066523820 0.997368515 0.028820451 -0.618361473 -0.755640090 0.069221534 -0.651318967 -138.524658203
-0.652696192 0.020947160 0.757330120 411.440643311 0.067719549 0.997229457 0.030780714 -0.568895340 -0.754587114 0.071376510 -0.652306378 -140.268005371
-0.653817177 0.020406654 0.756377339 413.479125977 0.069651857 0.997015119 0.033308562 -0.514972687 -0.753439963 0.074460782 -0.653286934 -142.027770996
-0.655660927 0.020147543 0.754786551 415.518280029 0.071553938 0.996803045 0.035549093 -0.464235306 -0.751657367 0.077316113 -0.655006349 -143.769165039
-0.657612979 0.020385593 0.753080070 417.542816162 0.070318654 0.996930659 0.034417890 -0.403896332 -0.750066996 0.075589232 -0.657028019 -145.511322021
-0.659459710 0.020156251 0.751469493 419.556762695 0.066349424 0.997299790 0.031475581 -0.351719856 -0.748806119 0.070616454 -0.659016371 -147.248596191
-0.660784781 0.019957535 0.750310004 421.549957275 0.064030282 0.997501194 0.029857764 -0.296092033 -0.747839153 0.067772120 -0.660411537 -148.997558594
-0.662296951 0.018834209 0.749004662 423.554779053 0.062569983 0.997582316 0.030241778 -0.244919777 -0.746624231 0.066894248 -0.661874175 -150.731414795
-0.662975132 0.017713694 0.748431981 425.534790039 0.060322765 0.997733295 0.029820941 -0.192653656 -0.746207178 0.064918011 -0.662540793 -152.487976074
-0.663469434 0.016207054 0.748027682 427.566619873 0.057226490 0.997936010 0.029135853 -0.150150299 -0.746011674 0.062137760 -0.663027644 -154.263549805
-0.663377464 0.016082287 0.748112082 429.576446533 0.056198873 0.998016119 0.028379010 -0.090027809 -0.746171594 0.060869049 -0.662965238 -156.048553467
-0.663603604 0.013979598 0.747953713 431.568389893 0.055932447 0.997953951 0.030972481 -0.046187401 -0.745990336 0.062388334 -0.663027883 -157.790054321
-0.662935257 0.012992485 0.748564005 433.566406250 0.058777533 0.997666538 0.034737896 0.012518883 -0.746365905 0.067027725 -0.662151992 -159.550537109
-0.661712050 0.011974023 0.749662459 435.574584961 0.063332617 0.997191489 0.039974745 0.087837219 -0.747078419 0.073929846 -0.660612047 -161.336303711
-0.659896553 0.011003040 0.751275837 437.574127197 0.066743314 0.996798396 0.044026271 0.164890289 -0.748386025 0.079195417 -0.658518255 -163.092071533
-0.658195317 0.008621773 0.752797782 439.556182861 0.060984802 0.997258902 0.041899398 0.248205185 -0.750372946 0.073487222 -0.656917036 -164.813903809
-0.657490909 0.007777778 0.753422260 441.563934326 0.053542729 0.997900963 0.036423672 0.324666977 -0.751557648 0.064288519 -0.656527221 -166.538177490
-0.655709982 0.006327275 0.754986346 443.582366943 0.049684558 0.998158991 0.034786101 0.380732536 -0.753376305 0.060320757 -0.654817164 -168.277267456
-0.653549135 0.006487156 0.756856143 445.606231689 0.048467617 0.998269677 0.033295669 0.438304901 -0.755330682 0.058443364 -0.652732611 -169.994720459
-0.651082158 0.006404732 0.758980095 447.627532959 0.049420223 0.998200119 0.033971142 0.499186516 -0.757396638 0.059626982 -0.650227010 -171.706970215
-0.648529947 0.005715684 0.761167526 449.630981445 0.050049320 0.998128116 0.035147976 0.548900604 -0.759541929 0.060890436 -0.647601962 -173.400634766
-0.646192670 0.007151797 0.763140798 451.627929688 0.047756489 0.998375237 0.031081701 0.613964081 -0.761678636 0.056529690 -0.645484328 -175.044097900
-0.645205975 0.001931076 0.764006257 453.652954102 0.040366549 0.998686194 0.031565446 0.671682358 -0.762941539 0.051206511 -0.644436240 -176.711380005
-0.643764257 -0.003950572 0.765213668 455.703369141 0.031914812 0.998977959 0.032006938 0.726353645 -0.764558077 0.045026589 -0.642980218 -178.415435791
-0.643402994 -0.007076671 0.765494943 457.745544434 0.025447324 0.999207079 0.030625861 0.776036263 -0.765104592 0.039184574 -0.642712653 -180.087951660
-0.642204642 -0.007676336 0.766494751 459.780334473 0.023882376 0.999263942 0.030017246 0.822569847 -0.766160965 0.037582926 -0.641548753 -181.771667480
-0.641754150 -0.007402396 0.766874731 461.834594727 0.026404349 0.999147236 0.031740759 0.871198654 -0.766455770 0.040618584 -0.641011477 -183.464523315
-0.640494823 -0.008527706 0.767915130 463.888153076 0.027228907 0.999057472 0.033805348 0.929830551 -0.767479599 0.042561635 -0.639658928 -185.149841309
-0.639095187 -0.010619312 0.769054353 465.913574219 0.026373772 0.999014080 0.035711654 0.991708755 -0.768675327 0.043106019 -0.638185024 -186.819854736
-0.638079584 -0.010956082 0.769892454 467.969665527 0.023961881 0.999132037 0.034077689 1.053383827 -0.769597471 0.040192354 -0.637263119 -188.499664307
-0.637188613 -0.010425769 0.770637393 470.017272949 0.022573784 0.999227047 0.032183051 1.107758522 -0.770377278 0.037902884 -0.636460721 -190.168548584
-0.635969102 -0.008686925 0.771665633 472.066436768 0.023421075 0.999258757 0.030551532 1.157965660 -0.771359026 0.037503071 -0.635294259 -191.852233887
-0.634945333 -0.008248175 0.772513032 474.092559814 0.025274087 0.999185920 0.031441707 1.207730293 -0.772143543 0.039488323 -0.634220004 -193.484268188
