1.000000000 0.000000000 0.000000000 0.000000000 0.000000000 1.000000000 0.000000000 0.000000000 0.000000000 0.000000000 1.000000000 0.000000000
0.999057237 -0.001057268 0.043399532 0.066906254 0.001162215 0.999996461 -0.002393009 -0.020971856 -0.043396848 0.002441192 0.999054930 1.089030902
0.996069027 -0.004739456 0.088453557 0.159508454 0.005469194 0.999952967 -0.008009420 -0.031600923 -0.088411436 0.008461705 0.996048100 2.220632455
0.991011378 -0.004531873 0.133700824 0.331338335 0.006294063 0.999898774 -0.012760381 -0.033391482 -0.133629462 0.013487204 0.990939586 3.312985453
0.983750142 -0.001700743 0.179534860 0.508557487 0.004507910 0.999873871 -0.015228956 -0.063081941 -0.179486315 0.015790815 0.983633729 4.341356100
0.974273007 -0.003885809 0.225337543 0.730580629 0.007473871 0.999858475 -0.015072197 -0.095066335 -0.225247084 0.016368578 0.974164165 5.386568461
0.962804743 -0.005026947 0.270151360 1.026297559 0.009644190 0.999829187 -0.015766655 -0.136520282 -0.270025957 0.017785601 0.962688763 6.376687174
0.949234178 -0.007210130 0.314487661 1.346760208 0.013775697 0.999730991 -0.018659467 -0.163654803 -0.314268524 0.022044491 0.949078150 7.386644052
0.934227570 -0.008868329 0.356567244 1.753943870 0.017072428 0.999656840 -0.019867913 -0.221732032 -0.356268690 0.024648620 0.934058385 8.345076427
0.916982254 -0.008831860 0.398830219 2.172272649 0.018455786 0.999623635 -0.020297086 -0.258950138 -0.398500853 0.025972793 0.916800133 9.326038353
0.897569793 -0.009396766 0.440772239 2.609582242 0.019611145 0.999634204 -0.018624228 -0.297491310 -0.440435999 0.025360593 0.897425747 10.239785550
0.875727191 -0.009430775 0.482714147 3.135037810 0.020716681 0.999622364 -0.018054054 -0.324509345 -0.482361593 0.025810661 0.875591859 11.186076485
0.851984089 -0.009543800 0.523480685 3.703628111 0.021516213 0.999627441 -0.016793793 -0.366523513 -0.523125381 0.025571366 0.851872021 12.101579358
0.826525872 -0.010101463 0.562808088 4.300788514 0.023567635 0.999583252 -0.016669992 -0.400114087 -0.562405148 0.027042235 0.826419486 12.956446244
0.799517446 -0.012202348 0.600518906 4.954695309 0.027411053 0.999493210 -0.016185087 -0.435074770 -0.600017073 0.029401115 0.799446738 13.798611832
0.770995794 -0.011498141 0.636736428 5.674459030 0.028574658 0.999454616 -0.016551701 -0.468571710 -0.636198849 0.030955817 0.770903861 14.659094604
0.740590518 -0.015119772 0.671786481 6.330672404 0.033755066 0.999321718 -0.014720696 -0.504288090 -0.671108247 0.033578205 0.740598558 15.393926468
0.708985252 -0.014492981 0.705074369 7.068977756 0.034523647 0.999303362 -0.014174209 -0.525237022 -0.704377761 0.034391044 0.708991697 16.093584091
0.674951324 -0.013604059 0.737736836 7.861652184 0.036279603 0.999232585 -0.014765899 -0.549557620 -0.736969809 0.036731063 0.674926906 16.827778736
0.639110266 -0.014714194 0.768974356 8.620291127 0.040594021 0.999068735 -0.014621507 -0.577272504 -0.768043094 0.040560516 0.639112393 17.455719871
0.602802322 -0.013529834 0.797775848 9.411337132 0.041240425 0.999048083 -0.014218116 -0.607944134 -0.796824063 0.041471328 0.602786481 18.036205286
0.565244220 -0.012695353 0.824825921 10.259487212 0.044598863 0.998889507 -0.015188652 -0.634911856 -0.823717132 0.045371596 0.565182718 18.617631807
0.526478224 -0.011749817 0.850107418 11.140295010 0.050350985 0.998580335 -0.017380816 -0.658122252 -0.848696328 0.051954366 0.526322416 19.166663064
0.487582402 -0.010944612 0.873008372 12.003561324 0.051857497 0.998519089 -0.016444744 -0.683914986 -0.871535542 0.053290197 0.487427896 19.646529621
0.449273355 -0.012494093 0.893306974 13.075156182 0.056875700 0.998273887 -0.014642458 -0.697525004 -0.891582081 0.057385926 0.449208469 20.204742943
0.412475627 -0.012967162 0.910876342 14.074314735 0.061135394 0.998038504 -0.013476180 -0.699831793 -0.908914914 0.061245380 0.412459311 20.668562699
0.377955548 -0.010465777 0.925764588 15.148413356 0.063762418 0.997856082 -0.014751072 -0.688560899 -0.923625442 0.064604238 0.377812565 21.114714744
0.344592575 -0.010973351 0.938688203 16.241380146 0.065000878 0.997810659 -0.012197334 -0.674799833 -0.936499249 0.065218668 0.344551422 21.561405989
0.311536652 -0.012328482 0.950154158 17.344268057 0.067468249 0.997679222 -0.009176366 -0.674780438 -0.947835930 0.066964012 0.311645425 21.936676468
0.279196054 -0.012302037 0.960155312 18.521706695 0.068234132 0.997644363 -0.007058902 -0.699824885 -0.957806696 0.067486182 0.279377788 22.284647261
0.247561904 -0.009439252 0.968826096 19.663666907 0.065779799 0.997808997 -0.007086929 -0.719188189 -0.966636499 0.065483639 0.247640407 22.534134647
0.217329539 -0.007644799 0.976068352 20.734399725 0.065680047 0.997817502 -0.006809052 -0.719542563 -0.973886032 0.065588024 0.217357328 22.781872899
0.187230781 -0.007402021 0.982288066 21.960411945 0.067482841 0.997706120 -0.005344484 -0.732327220 -0.979995256 0.067288241 0.187300805 22.990640322
0.157335446 -0.007653438 0.987515561 23.166230988 0.068837844 0.997622614 -0.003235787 -0.765044084 -0.985143090 0.068487547 0.157488245 23.121171251
0.127793002 -0.007981939 0.991768742 24.444286715 0.067582381 0.997713467 -0.000678452 -0.762652171 -0.989495614 0.067112794 0.128040238 23.225186623
0.098976599 -0.008166198 0.995056253 25.661576447 0.067846689 0.997694720 0.001439253 -0.768185092 -0.992774123 0.067368820 0.099302480 23.340947602
0.072232110 -0.007816182 0.997357223 26.897232554 0.070733863 0.997491584 0.002694441 -0.772421105 -0.994876496 0.070352304 0.072603790 23.435663756
0.047472482 -0.007055324 0.998847629 28.132852515 0.074299957 0.997229752 0.003512624 -0.756368346 -0.996105356 0.074047583 0.047865182 23.498074578
0.024526230 -0.006603430 0.999677377 29.379382756 0.078435586 0.996908289 0.004660788 -0.751000128 -0.996617441 0.078295969 0.024968345 23.545438560
0.003959598 -0.006651895 0.999970036 30.640353081 0.083271456 0.996506992 0.006299127 -0.733756391 -0.996519035 0.083244019 0.004499680 23.562019246
-0.013831773 -0.007247481 0.999878071 31.934564179 0.087111409 0.996162944 0.008425605 -0.730421277 -0.996102547 0.087217328 -0.013147362 23.549295679
-0.029320363 -0.007270024 0.999543627 33.204569865 0.089787673 0.995911949 0.009877419 -0.718655515 -0.995529251 0.090036306 -0.028547741 23.492204713
-0.043847134 -0.007743201 0.999008244 34.507120003 0.092102350 0.995680101 0.011759838 -0.713377926 -0.994783688 0.092526642 -0.042944552 23.440479896
-0.056940686 -0.009236923 0.998334832 35.845076123 0.092092483 0.995645394 0.014464595 -0.715563914 -0.994121086 0.092762758 -0.055842081 23.350438169
-0.069052697 -0.009380835 0.997568907 37.126323525 0.091350075 0.995695283 0.015686557 -0.715131335 -0.993421808 0.092211193 -0.067898504 23.257246733
-0.080508278 -0.006254707 0.996734316 38.409456929 0.091470337 0.995714428 0.013636554 -0.691164617 -0.992548031 0.092269480 -0.079591134 23.178900931
-0.090924120 -0.002868784 0.995853691 39.698351110 0.091967358 0.995698298 0.011265204 -0.680142857 -0.991602143 0.092610312 -0.090269157 23.072762582
-0.100843236 -0.000402855 0.994902246 41.010950034 0.092749029 0.995641248 0.009804190 -0.664230599 -0.990569664 0.093264903 -0.100366321 22.970708546
-0.108782185 0.000526775 0.994065470 42.330205329 0.092369865 0.995678674 0.009580553 -0.658222199 -0.989764742 0.092863887 -0.108360760 22.839962824
-0.114625779 0.001112462 0.993408120 43.678600543 0.091755382 0.995736525 0.009472253 -0.644215771 -0.989162211 0.092236306 -0.114239149 22.674934040
-0.119740122 0.002434264 0.992802285 45.066629117 0.092240928 0.995698853 0.008683648 -0.637344545 -0.988510958 0.092616785 -0.119449641 22.503153379
-0.124560675 0.003869517 0.992204447 46.449381216 0.091264045 0.995797928 0.007573695 -0.629114095 -0.988005826 0.091495976 -0.124390410 22.315997920
-0.129068834 0.004733097 0.991624341 47.832790563 0.091477984 0.995781403 0.007153744 -0.615341662 -0.987407218 0.091635121 -0.128957319 22.133749022
-0.132144902 0.003143087 0.991225426 49.173235520 0.091089958 0.995802124 0.008986030 -0.617874994 -0.987036141 0.091478140 -0.131876478 21.957629536
-0.134341064 0.000698719 0.990934907 50.563355541 0.091731101 0.995714678 0.011733897 -0.620054763 -0.986680234 0.092475894 -0.133829464 21.766823410
-0.137167552 -0.000690978 0.990547619 52.009405955 0.090848304 0.995776260 0.013274980 -0.602799844 -0.986372976 0.091810468 -0.136525418 21.578341698
-0.138840467 0.000150252 0.990314749 53.496221573 0.094567812 0.995432132 0.013107220 -0.596979517 -0.985789153 0.095471711 -0.138220471 21.349172299
-0.139754174 0.000033339 0.990186230 54.968160579 0.093358007 0.995545853 0.013142963 -0.573312821 -0.985775356 0.094278597 -0.139134801 21.153104478
-0.140071377 0.001319098 0.990140530 56.445386862 0.095959244 0.995309894 0.012249001 -0.559016742 -0.985480509 0.096728872 -0.139541007 20.927452947
-0.139945396 0.001359180 0.990158290 57.936598228 0.094611799 0.995441847 0.012005657 -0.548559463 -0.985628679 0.095360794 -0.139436098 20.711077310
-0.139808117 0.002544702 0.990175346 59.493255563 0.094358784 0.995480056 0.010764683 -0.533199387 -0.985672415 0.094936732 -0.139416307 20.521356985
-0.138257648 0.002302874 0.990393619 61.037328451 0.094991181 0.995417932 0.010946088 -0.523608420 -0.985830360 0.095592040 -0.137842894 20.295057598
-0.137185297 0.001270949 0.990544587 62.525378904 0.095234777 0.995383561 0.011912366 -0.509481751 -0.985956658 0.095968494 -0.136673028 20.110814368
-0.135625506 0.001970034 0.990758215 64.060804742 0.096240707 0.995295127 0.011195394 -0.500684968 -0.986074768 0.096869652 -0.135177002 19.889407116
-0.134798827 0.002589653 0.990869603 65.618743718 0.096669256 0.995260647 0.010549847 -0.481144185 -0.986146202 0.097208735 -0.134410308 19.688783586
-0.133686993 0.003001230 0.991019062 67.211501613 0.096739680 0.995259119 0.010035968 -0.469299714 -0.986290638 0.097212545 -0.133343537 19.468655795
-0.133038664 0.002640289 0.991107332 68.863622305 0.095354164 0.995391683 0.010147911 -0.459316902 -0.986513202 0.095856276 -0.132677342 19.263125745
-0.132223991 0.000715940 0.991219604 70.483840035 0.097177065 0.995191790 0.012244150 -0.451392138 -0.986444846 0.097942782 -0.131657803 19.041549247
-0.131803452 -0.001261303 0.991275067 72.152294563 0.098773193 0.995005787 0.014399284 -0.437534984 -0.986342591 0.099809279 -0.131020614 18.836815078
-0.131043414 -0.000374717 0.991376560 73.855897157 0.099643059 0.994931020 0.013547208 -0.416602659 -0.986356368 0.100559066 -0.130341819 18.614129959
-0.130571409 0.001526065 0.991437733 75.540897554 0.102431715 0.994668147 0.011959122 -0.398737746 -0.986133283 0.103116186 -0.130031539 18.401312450
-0.130045483 0.001030002 0.991507494 77.225921536 0.101839848 0.994724468 0.012323905 -0.395167222 -0.986264071 0.102577641 -0.129464319 18.187419425
-0.129514852 0.000930556 0.991577046 79.042253329 0.102111650 0.994695610 0.012403832 -0.378866539 -0.986305791 0.102858049 -0.128922875 17.914126824
-0.129159947 -0.000179513 0.991623757 80.757355716 0.101222738 0.994774019 0.013364442 -0.360410300 -0.986443949 0.102101022 -0.128466788 17.690783911
-0.128988100 0.000313732 0.991646092 82.543668138 0.102779920 0.994618455 0.013054398 -0.325276143 -0.986305408 0.103605168 -0.128326190 17.438665938
-0.130013093 0.000027392 0.991512277 84.262335450 0.105620417 0.994310453 0.013822119 -0.350293488 -0.985870642 0.106520997 -0.129276270 17.308383116
-0.129458923 0.001084610 0.991584193 86.009998521 0.106014879 0.994282753 0.012753494 -0.332432322 -0.985901229 0.106773732 -0.128833759 17.042539275
-0.128881684 0.002099872 0.991657754 87.968066286 0.107641726 0.994118712 0.011884670 -0.346030419 -0.985800573 0.108275468 -0.128349728 16.684877672
-0.129418058 0.003001527 0.991585577 89.759265334 0.107113190 0.994186306 0.010970615 -0.330284823 -0.985787873 0.107631690 -0.128987165 16.436659700
-0.132020804 0.003461959 0.991240900 91.573219145 0.105790281 0.994331782 0.010617179 -0.326052182 -0.985585574 0.106265342 -0.131638723 16.279136780
-0.132942491 0.002676289 0.991120140 93.401856054 0.105410920 0.994362782 0.011454099 -0.321769637 -0.985502325 0.105997623 -0.132475175 16.038109427
-0.134185253 0.002212150 0.990953795 95.245189993 0.105816716 0.994311920 0.012109017 -0.317233718 -0.985290384 0.106484328 -0.133656079 15.815325767
-0.134636849 0.000890073 0.990894609 97.087833777 0.103260956 0.994567540 0.013137111 -0.310648028 -0.985499921 0.104089463 -0.133997349 15.583562378
-0.137095586 0.001184226 0.990557115 98.836071896 0.103608190 0.994531248 0.013150656 -0.331882378 -0.985124430 0.104432727 -0.136468540 15.391459132
-0.139290319 0.002701996 0.990247901 100.738278476 0.102325218 0.994682435 0.011679181 -0.289309064 -0.984950637 0.102954129 -0.138826116 15.115459065
-0.143787054 0.003001310 0.989604100 102.628488217 0.103400059 0.994567368 0.012007413 -0.320336187 -0.984191908 0.104051633 -0.143316248 14.879430895
-0.148913921 0.001584391 0.988848893 104.468427554 0.102044095 0.994684521 0.013773405 -0.330189702 -0.983570865 0.102957242 -0.148284050 14.643645044
-0.154740311 -0.000675828 0.987954948 106.308587363 0.100757432 0.994774823 0.016461817 -0.385489686 -0.982803834 0.102091110 -0.153863671 14.405089122
-0.159330925 -0.000320594 0.987225179 108.223112119 0.099713883 0.994880722 0.016416171 -0.378484260 -0.982176561 0.101055660 -0.158483298 14.100962782
-0.163136751 0.001601279 0.986602167 110.150625611 0.100935120 0.994778788 0.015075285 -0.365055080 -0.981426769 0.102042141 -0.162446605 13.777012044
-0.167646406 0.002921213 0.985842862 112.090155560 0.100864021 0.994798814 0.014204567 -0.362117570 -0.980673815 0.101817420 -0.167069091 13.455545243
-0.172127267 0.003058233 0.985069973 113.998966124 0.100413683 0.994840730 0.014457327 -0.358517396 -0.979943517 0.101403005 -0.171546304 13.125064738
-0.177046265 0.002737252 0.984198724 115.878483713 0.099003348 0.994973399 0.015042369 -0.345010601 -0.979210374 0.100102164 -0.176427321 12.797877516
-0.181598165 0.002615783 0.983369343 117.916277740 0.097532550 0.995113733 0.015364248 -0.309158878 -0.978524148 0.098700639 -0.180965952 12.419911957
-0.187336992 0.002336315 0.982292926 119.881128167 0.096674477 0.995186311 0.016070193 -0.290272522 -0.977526929 0.097973196 -0.186661072 12.056465771
-0.192612378 0.001664221 0.981273510 121.873679080 0.097106433 0.995122362 0.017373135 -0.278785972 -0.976458300 0.098634251 -0.191834491 11.668125359
-0.197853770 0.003011510 0.980226921 123.858988249 0.097982025 0.995047718 0.016720126 -0.264939940 -0.975322207 0.099352759 -0.197169016 11.273848282
-0.203726348 0.003803573 0.979020484 125.843529458 0.097687614 0.995080967 0.016462043 -0.249073305 -0.974142035 0.098991928 -0.203095774 10.887242777
-0.209768082 0.003663615 0.977744307 127.791809408 0.098271839 0.995008262 0.017355221 -0.233474850 -0.972800081 0.099725303 -0.209081005 10.468282288
-0.215025912 0.003689850 0.976601373 129.731533071 0.096872706 0.995141697 0.017569316 -0.205247841 -0.971791920 0.098383876 -0.214338697 10.056707298
-0.219988563 0.004615847 0.975491531 131.729302015 0.096253802 0.995211680 0.016997575 -0.172306960 -0.970742107 0.097634041 -0.219379480 9.603618752
-0.224515921 0.005045565 0.974457358 133.702759938 0.095287369 0.995308018 0.016800777 -0.148757567 -0.969800453 0.096625520 -0.223943275 9.137164938
-0.228387847 0.004196374 0.973561185 135.590423638 0.094790866 0.995335423 0.017946774 -0.096958142 -0.968944623 0.096383533 -0.227720293 8.666306862
-0.232198917 0.004570910 0.972657581 137.581374199 0.096096340 0.995204464 0.018263854 -0.054372228 -0.967909684 0.097709681 -0.231524646 8.193253071
-0.235203766 0.005157736 0.971932398 139.552900791 0.097651710 0.995051450 0.018350903 -0.041822818 -0.967028093 0.099227062 -0.234543511 7.725174909
-0.238392993 0.005902858 0.971150831 141.539330561 0.098858097 0.994934730 0.018219743 -0.029894300 -0.966124142 0.100349582 -0.237769013 7.235168887
-0.241407857 0.005982032 0.970405308 143.544800451 0.098371520 0.994980778 0.018338370 -0.007540723 -0.965424927 0.099887272 -0.240784639 6.732184073
-0.245041749 0.006576007 0.969490225 145.573346545 0.096942658 0.995131632 0.017752635 0.018434286 -0.964653649 0.098335097 -0.244486292 6.223675447
-0.249079384 0.007234742 0.968456049 147.668885543 0.094860951 0.995346017 0.016961881 0.038549085 -0.963826157 0.096093517 -0.248606467 5.694654510
-0.252693464 0.006014942 0.967527691 149.527712960 0.092656005 0.995535280 0.018010317 0.025680403 -0.963099620 0.094198340 -0.252122579 5.148030867
-0.257190390 0.006922615 0.966335957 151.516617293 0.093240646 0.995486533 0.017684562 0.071869042 -0.961852008 0.094650088 -0.256675038 4.627539414
-0.261920842 0.007020332 0.965063826 153.496377211 0.092243185 0.995577528 0.017792738 0.084487699 -0.960670946 0.093680850 -0.261410082 4.105814348
-0.266432470 0.006857476 0.963829193 155.441683866 0.091832415 0.995606274 0.018301781 0.089316187 -0.959468888 0.093386952 -0.265891578 3.586763672
-0.270459210 0.006463027 0.962709741 157.446477219 0.092214294 0.995553620 0.019222736 0.097172909 -0.958304931 0.093974565 -0.269852629 3.036204660
-0.274587342 0.006082607 0.961542923 159.395713933 0.092095515 0.995549265 0.020001944 0.104002493 -0.957141686 0.094046071 -0.273925408 2.472753315
-0.278478050 0.006734614 0.960418982 161.454023783 0.092741974 0.995491085 0.019910431 0.111228985 -0.955954445 0.094615770 -0.277846998 1.915648844
-0.282099668 0.008246454 0.959349662 163.535358709 0.093522186 0.995436955 0.018943826 0.140962518 -0.954815887 0.095064525 -0.281583661 1.317504745
-0.285495409 0.009881084 0.958329137 165.593533789 0.093527227 0.995461171 0.017598712 0.159547565 -0.953805551 0.094654218 -0.285123745 0.710765266
-0.289359955 0.011844495 0.957147076 167.541310452 0.094786340 0.995363563 0.016337920 0.205343706 -0.952515809 0.095452008 -0.289141052 0.193917823
-0.292890207 0.012593012 0.956063148 169.628141810 0.094231647 0.995425604 0.015756407 0.225291914 -0.951491315 0.094706303 -0.292737071 -0.421124943
-0.296460558 0.012654354 0.954961258 171.697201246 0.094851074 0.995358735 0.016256136 0.232902267 -0.950323319 0.095398404 -0.296284885 -1.044124475
-0.300101245 0.012757410 0.953822044 173.796539537 0.094045521 0.995434852 0.016275580 0.260436352 -0.949260071 0.094587012 -0.299931016 -1.701595628
-0.304278836 0.013402257 0.952488724 175.833783596 0.095538112 0.995288751 0.016515796 0.271428425 -0.947779964 0.096024381 -0.304125729 -2.303476408
-0.307221857 0.013931106 0.951535945 177.912858964 0.097657770 0.995075497 0.016962154 0.297664602 -0.946613802 0.098136023 -0.307069423 -2.976767567
-0.310216193 0.013940758 0.950563816 179.999283138 0.098869223 0.994943463 0.017674319 0.319462846 -0.945510862 0.099464366 -0.310025886 -3.625170080
-0.313190753 0.013668343 0.949591875 182.140817267 0.097905355 0.995033507 0.017968343 0.346446611 -0.944630136 0.098597649 -0.312973497 -4.311009462
-0.315648578 0.015021976 0.948757248 184.260473519 0.098258851 0.995016769 0.016935996 0.369828001 -0.943774959 0.098569620 -0.315551670 -5.009488155
-0.318413365 0.017208988 0.947795748 186.390654112 0.097461652 0.995131098 0.014673935 0.396375951 -0.942928500 0.097046117 -0.318540258 -5.726509207
-0.321882295 0.018963105 0.946589768 188.480823283 0.096773624 0.995221908 0.012969947 0.401182787 -0.941820925 0.095779719 -0.322179440 -6.428130109
-0.325348413 0.020181363 0.945378825 190.539298880 0.096636401 0.995247275 0.012011115 0.391317274 -0.940643299 0.095265804 -0.325752376 -7.088279075
-0.328705369 0.021043670 0.944198043 192.597861637 0.095030666 0.995414690 0.010898044 0.389361050 -0.939639267 0.093310014 -0.329197947 -7.763429747
-0.332895356 0.021593172 0.942716509 194.693306332 0.095788133 0.995340670 0.011026498 0.387116866 -0.938085985 0.093971724 -0.333412656 -8.489987286
-0.336193206 0.021190381 0.941554617 196.790076135 0.095499042 0.995360787 0.011697734 0.411665185 -0.936938665 0.093850262 -0.336657195 -9.212699765
-0.339924453 0.020736247 0.940224109 198.959317716 0.095035198 0.995396611 0.012405550 0.427212941 -0.935638647 0.093571335 -0.340330322 -9.975030888
-0.343622570 0.020818672 0.938877049 201.108535545 0.095170006 0.995379250 0.012760018 0.436654711 -0.934273086 0.093737565 -0.344016089 -10.758197656
-0.347828146 0.020783436 0.937327920 203.142440233 0.094435625 0.995446459 0.012971523 0.409164857 -0.932790166 0.093029009 -0.348206993 -11.462658981
-0.351405423 0.021785284 0.935969887 205.226816079 0.094499312 0.995448820 0.012309622 0.401621526 -0.931441951 0.092774179 -0.351864808 -12.235706319
-0.354580320 0.022281492 0.934760040 207.301758512 0.094510464 0.995450060 0.012122296 0.393940528 -0.930236835 0.092642933 -0.355072835 -13.010595680
-0.357439199 0.022936419 0.933654722 209.446148210 0.095262174 0.995379678 0.012017280 0.386268973 -0.929065303 0.093237425 -0.357972688 -13.806950067
-0.359997964 0.022653598 0.932678015 211.533864401 0.096137268 0.995284060 0.012933141 0.386307561 -0.927986579 0.094321020 -0.360478090 -14.628975279
-0.362347282 0.022740027 0.931765710 213.721562991 0.098137926 0.995076038 0.013878977 0.401232147 -0.926862123 0.096470564 -0.362794757 -15.479253667
-0.364614181 0.023530270 0.930861335 215.951880860 0.098856379 0.995009184 0.013569800 0.410718737 -0.925896277 0.096969322 -0.365120577 -16.360114334
-0.367270263 0.024311077 0.929796497 217.896816222 0.098571928 0.995046069 0.012918844 0.393733853 -0.924876278 0.096396540 -0.367847221 -17.123294160
-0.369841376 0.023736733 0.928791648 219.778451612 0.097471135 0.995148407 0.013380059 0.360146272 -0.923967930 0.095478876 -0.370360702 -17.897807834
-0.371927808 0.025739327 0.927904733 222.030649363 0.098084131 0.995109217 0.011711089 0.377468471 -0.923065116 0.095368409 -0.372633409 -18.796108822
-0.374349014 0.027203229 0.926888774 224.156751213 0.098204887 0.995111274 0.010457202 0.372768199 -0.922072999 0.094939651 -0.375190414 -19.666168587
-0.376801635 0.027193139 0.925894735 226.236025686 0.096080185 0.995324676 0.009868475 0.360455633 -0.921297523 0.092678595 -0.377652687 -20.500455093
-0.379568502 0.027942554 0.924741567 228.353387416 0.096371316 0.995300288 0.009481875 0.340813502 -0.920130600 0.092717583 -0.380477501 -21.376790526
-0.381590963 0.026372097 0.923955004 230.262371365 0.097386351 0.995176515 0.011815359 0.248796749 -0.919186725 0.094489241 -0.382318647 -22.227398018
-0.383828243 0.025522846 0.923051713 232.281611397 0.097711765 0.995128334 0.013115221 0.249889826 -0.918220176 0.095227004 -0.384452243 -23.082963523
-0.387043660 0.024859169 0.921726221 234.354297529 0.095973969 0.995292870 0.013457318 0.247499560 -0.917052999 0.093670293 -0.387607629 -23.930241676
-0.389740867 0.025082274 0.920582933 236.312664195 0.094389921 0.995452511 0.012839036 0.238332496 -0.916074560 0.091897647 -0.390336038 -24.800172745
-0.393761762 0.024295911 0.918891388 238.381813877 0.092203845 0.995652848 0.013185514 0.230597530 -0.914576473 0.089917270 -0.394290196 -25.670929440
-0.396696165 0.023722300 0.917643398 240.406942241 0.091159188 0.995742548 0.013666743 0.228933102 -0.913412369 0.089073172 -0.397169756 -26.544842090
-0.399859839 0.024402047 0.916251412 242.542706071 0.091164628 0.995747473 0.013265788 0.227145412 -0.912031315 0.088834175 -0.400384028 -27.463687164
-0.403919624 0.023706902 0.914487244 244.555378678 0.090719988 0.995774398 0.014255921 0.199379793 -0.910285022 0.088720519 -0.404363511 -28.305069364
-0.407412273 0.023751507 0.912935433 246.529384401 0.090235637 0.995816892 0.014361315 0.214905895 -0.908775423 0.088230286 -0.407851256 -29.206905161
-0.410714405 0.024084020 0.911445905 248.621413239 0.090094781 0.995830749 0.014284575 0.215852342 -0.907301828 0.087983400 -0.411171879 -30.160406013
-0.414300943 0.024363234 0.909813806 250.536614093 0.090637693 0.995776784 0.014608416 0.174304034 -0.905615557 0.088515705 -0.414759488 -31.061217030
-0.417302770 0.024756122 0.908430257 252.604558921 0.091221917 0.995721059 0.014769396 0.166577150 -0.904177505 0.089032059 -0.417775457 -32.012510558
-0.421177275 0.026137081 0.906601652 254.706561853 0.092116699 0.995648524 0.014090107 0.255296628 -0.902288322 0.089447584 -0.421752194 -32.909531412
-0.421902448 0.026641616 0.906249717 256.684277788 0.090237572 0.995838848 0.012734565 0.331344363 -0.902139405 0.087150519 -0.422550922 -34.098066969
-0.425096819 0.027165242 0.904740153 258.693774578 0.090900554 0.995777564 0.012811411 0.333105808 -0.900571921 0.087687472 -0.425771210 -35.062632569
-0.427866750 0.027813885 0.903413766 260.762855296 0.091913182 0.995683767 0.012876448 0.319565883 -0.899156278 0.088545037 -0.428576440 -36.062415152
-0.430909215 0.028726639 0.901937929 262.631739799 0.093654574 0.995519389 0.013037143 0.319795661 -0.897522183 0.090088438 -0.431668860 -36.990150345
-0.433508905 0.031442959 0.900600560 264.712473780 0.096163072 0.995298702 0.011539423 0.337461115 -0.896003735 0.091606959 -0.434494502 -37.986795499
-0.437165928 0.033427034 0.898759470 266.729142065 0.098268564 0.995101450 0.010788624 0.404544131 -0.893996220 0.093036221 -0.438309276 -38.837143235
-0.439856785 0.035276047 0.897374843 268.806649510 0.099899183 0.994948760 0.009854828 0.390102200 -0.892494348 0.093981727 -0.441159012 -39.824438546
-0.441109530 0.037596500 0.896665426 270.840440202 0.101171231 0.994836395 0.008057886 0.390137260 -0.891732451 0.094271156 -0.442635498 -40.914037082
-0.443397055 0.038387989 0.895502883 272.997436354 0.102380500 0.994712725 0.008051555 0.384055414 -0.890459030 0.095252068 -0.444982875 -41.979281292
-0.446264830 0.039020746 0.894049821 275.110796233 0.102438781 0.994709367 0.007718277 0.346565863 -0.889018559 0.095029769 -0.447901044 -43.031932915
-0.449088781 0.038077872 0.892675385 277.193512099 0.100517626 0.994902059 0.008130151 0.329696209 -0.887814999 0.093380770 -0.450626851 -44.135566086
-0.452104823 0.039513429 0.891089175 279.305580072 0.101756022 0.994780994 0.007515724 0.328254899 -0.886141603 0.094071585 -0.453766014 -45.200832912
-0.454439315 0.040207273 0.889869813 281.453574994 0.101072392 0.994856750 0.006664786 0.340388244 -0.885025017 0.092970011 -0.456165865 -46.341420247
-0.456503252 0.040344136 0.888806577 283.481292752 0.099521012 0.995017670 0.005950156 0.355566246 -0.884138196 0.091171196 -0.458243892 -47.402994657
-0.459667897 0.041115594 0.887138621 285.704566833 0.100632947 0.994905332 0.006032441 0.365129452 -0.882370917 0.092048293 -0.461463625 -48.518511869
-0.461631873 0.041044841 0.886121512 287.942239779 0.102521076 0.994703790 0.007334815 0.351690504 -0.881127370 0.094232115 -0.463394935 -49.666141397
-0.463590048 0.041831942 0.885061781 290.156199541 0.104131542 0.994534972 0.007537346 0.372816788 -0.879909591 0.095657087 -0.465412540 -50.804209975
-0.465542663 0.041050283 0.884072906 292.332369239 0.103183876 0.994628894 0.008151702 0.359870889 -0.878989827 0.095017034 -0.467277912 -51.943249245
-0.467020617 0.040965688 0.883296981 294.581022732 0.103866517 0.994552392 0.008791247 0.353887467 -0.878124985 0.095850675 -0.468731435 -53.173866069
-0.470211045 0.040778999 0.881611392 296.876968421 0.103464512 0.994590797 0.009178351 0.391494109 -0.876468293 0.095531255 -0.471886757 -54.324612753
-0.472180943 0.041040349 0.880545766 299.049165447 0.103894881 0.994544252 0.009358673 0.401200625 -0.875357647 0.095903184 -0.473868725 -55.479012855
-0.473987075 0.042304528 0.879514969 301.316808211 0.104130895 0.994529122 0.008281398 0.406297482 -0.874352909 0.095509956 -0.475799158 -56.657408090
-0.475881369 0.045567198 0.878328272 303.515351029 0.104596214 0.994501816 0.005076380 0.416786790 -0.873267745 0.094285566 -0.478031043 -57.854435696
-0.479141813 0.044985859 0.876583935 305.669581953 0.103133863 0.994653215 0.005327974 0.411829282 -0.871657347 0.092958342 -0.481219510 -59.018966146
-0.483474317 0.043267820 0.874288557 307.826372318 0.101237371 0.994839403 0.006749644 0.402270570 -0.869484663 0.091773955 -0.485359621 -60.232282007
-0.488187874 0.040540841 0.871796444 310.056823367 0.098566786 0.995090450 0.008921011 0.374504607 -0.867154651 0.090285303 -0.489787072 -61.514055987
-0.492684973 0.039060797 0.869330645 312.414088021 0.096473900 0.995285726 0.009955461 0.395801847 -0.864843514 0.088772624 -0.494130669 -62.828271701
-0.497426618 0.039634266 0.866600188 314.709637311 0.097820904 0.995147203 0.010635576 0.397395813 -0.861973219 0.090062033 -0.498889767 -64.108338627
-0.501528224 0.041399050 0.864150195 316.961457086 0.100312472 0.994899989 0.010555597 0.417575022 -0.859306027 0.091978972 -0.503123265 -65.397072207
-0.505077984 0.042553271 0.862024042 319.172480235 0.101803578 0.994748642 0.010543716 0.424283070 -0.857048576 0.093082531 -0.506757714 -66.681418622
-0.506360712 0.040864594 0.861352956 320.823734010 0.098235427 0.995107395 0.010539119 0.534518023 -0.856708019 0.089951971 -0.507897640 -68.001580321
-0.510357127 0.039789154 0.859041574 322.881371681 0.098424548 0.995067452 0.012384474 0.558081794 -0.854311542 0.090871283 -0.511755995 -69.210410524
-0.513098362 0.038235671 0.857477757 325.172461988 0.096334684 0.995260599 0.013265314 0.571440088 -0.852906618 0.089411260 -0.514350005 -70.650074879
-0.516974284 0.037844201 0.855163964 327.417625117 0.096452940 0.995235304 0.014266041 0.542561437 -0.850549481 0.089858255 -0.518161244 -71.962883090
-0.520373613 0.038692921 0.853061639 329.613833956 0.097820074 0.995097960 0.014535572 0.567705624 -0.848317473 0.091010481 -0.521607665 -73.331367410
-0.524097540 0.038870125 0.850770757 331.878600635 0.100137662 0.994841129 0.016235048 0.559007160 -0.845750682 0.093702943 -0.525286152 -74.712278016
-0.528443570 0.037383334 0.848144964 334.185313391 0.098170965 0.995019022 0.017309172 0.578188763 -0.843273298 0.092410131 -0.529481362 -76.118370813
-0.531766823 0.037068447 0.846079178 336.452511416 0.097173384 0.995114022 0.017476201 0.608808941 -0.841297438 0.091509641 -0.532770689 -77.508212439
-0.533768533 0.037226926 0.844810813 338.524183629 0.099293409 0.994878769 0.018895850 0.610073767 -0.839780908 0.093970156 -0.534731369 -78.862628838
-0.536938339 0.038410335 0.842746621 339.538807953 0.104857134 0.994255040 0.021491806 0.615666752 -0.837079567 0.099907770 -0.537881247 -79.601353082
-0.541206636 0.036440847 0.840099662 340.599947320 0.100990995 0.994645930 0.021915563 0.665858969 -0.834803088 0.096703349 -0.541989176 -80.395287379
-0.544174768 0.035225676 0.838232053 342.620281403 0.096319744 0.995134950 0.020710820 0.680475192 -0.833424459 0.092008602 -0.544920258 -81.690371632
-0.547362802 0.034310215 0.836191828 344.788964568 0.092947981 0.995470133 0.019997174 0.698510092 -0.831717883 0.088668052 -0.548072386 -83.104365697
-0.549795132 0.032054965 0.834684247 347.006863192 0.090931422 0.995621581 0.021659733 0.729655199 -0.830335347 0.087807441 -0.550302702 -84.580818988
-0.553097195 0.032151468 0.832496112 349.354152977 0.091925332 0.995508799 0.022626621 0.770680266 -0.828029726 0.089042202 -0.553568658 -86.082752168
-0.556020353 0.033387497 0.830497828 351.589910390 0.092908014 0.995427528 0.022184180 0.791612227 -0.825959726 0.089494760 -0.556579931 -87.538214996
-0.558934148 0.032173831 0.828587631 353.793210785 0.090575355 0.995636792 0.022438435 0.825225252 -0.824250401 0.087591227 -0.559409559 -89.004388032
-0.562431106 0.028059491 0.826367906 355.959191418 0.088255164 0.995751799 0.026256055 0.835008104 -0.822120597 0.087698457 -0.562518181 -90.432895654
-0.565980810 0.025915787 0.824010980 358.209515454 0.085528541 0.995958269 0.027422536 0.892968877 -0.819969872 0.085997086 -0.565909807 -91.938257152
-0.569257893 0.025031469 0.821777875 360.395667945 0.084209633 0.996054774 0.027993311 0.941538476 -0.817835062 0.085137027 -0.569119933 -93.411567660
-0.572232091 0.024991293 0.819710845 362.551904329 0.083393808 0.996127524 0.027846524 0.987405125 -0.815840614 0.084293484 -0.572100255 -94.889770211
-0.574905219 0.024632029 0.817849162 364.586202037 0.083106198 0.996135431 0.028417649 1.029195470 -0.813988543 0.084305789 -0.574730533 -96.330870189
-0.578183025 0.022916125 0.815585213 366.599167671 0.081436446 0.996234737 0.029739788 1.020704889 -0.811832800 0.083613401 -0.577872222 -97.676055382
-0.581134159 0.021726142 0.813517710 368.797217096 0.078617713 0.996466835 0.029548292 1.063369585 -0.810001447 0.081128424 -0.580788975 -99.217446105
-0.584162628 0.018094475 0.811434911 370.933915754 0.068028205 0.997325132 0.026734690 1.084066871 -0.808780680 0.070817867 -0.583831005 -100.694468928
-0.587069489 0.021938118 0.809239231 373.083405955 0.061169001 0.997977125 0.017320854 1.128258168 -0.807222254 0.059668900 -0.587223854 -102.252904981
-0.589126674 0.031876694 0.807411690 375.177981008 0.071263109 0.997377709 0.012620445 1.123283135 -0.804892124 0.064973708 -0.589853445 -103.754745020
-0.589240926 0.032750999 0.807293319 377.335081076 0.078962926 0.996729183 0.017198595 1.134638870 -0.804089540 0.073880358 -0.589899741 -105.328450416
-0.589953871 0.023703623 0.807088947 379.471704036 0.078374515 0.996530091 0.028021664 1.164786942 -0.803624206 0.079786694 -0.589764545 -106.925929470
-0.592669360 0.013407163 0.805334265 381.626189742 0.072529084 0.996687768 0.036783497 1.229530864 -0.802173648 0.080210608 -0.591678710 -108.493469869
-0.595480428 0.007555449 0.803334286 383.643221606 0.066904012 0.996948570 0.040216926 1.270924191 -0.800579111 0.077694679 -0.594168851 -109.924103605
-0.597492222 0.007083987 0.801843415 385.772938479 0.065948161 0.997007569 0.040332968 1.333449132 -0.799158235 0.076978734 -0.596171444 -111.491736179
-0.599228343 0.012430604 0.800481650 388.177460330 0.071728268 0.996691780 0.038217154 1.415302887 -0.797358419 0.080317964 -0.598137590 -113.307503709
-0.601842286 0.019590151 0.798374655 389.697859138 0.077308173 0.996433211 0.033827539 1.438527264 -0.794864334 0.082079730 -0.601210120 -114.366676916
-0.604164068 0.022403789 0.796544945 391.835614302 0.077654316 0.996502262 0.030871480 1.508254566 -0.793067202 0.080506592 -0.603790611 -115.971104184
-0.608375879 0.022021642 0.793343455 393.495643137 0.077700870 0.996465436 0.031925051 1.410460704 -0.789836290 0.081065908 -0.607936636 -117.094033327
-0.611300477 0.020227324 0.791140052 395.051278268 0.077836835 0.996363135 0.034668873 1.347361698 -0.787561524 0.082772936 -0.610651691 -118.232965663
-0.613105700 0.019492920 0.789760360 397.258006301 0.078329713 0.996269367 0.036218828 1.418945572 -0.786108044 0.084067672 -0.612345303 -119.940011354
-0.614718891 0.019607610 0.788502521 399.357066565 0.078812613 0.996214786 0.036669776 1.464960524 -0.784798864 0.084685548 -0.613937376 -121.537589646
-0.615752419 0.019694361 0.787693526 401.583083805 0.079057327 0.996187149 0.036893120 1.536039214 -0.783963581 0.084989973 -0.614961631 -123.281518295
-0.617485502 0.019844266 0.786331902 403.391583404 0.079269914 0.996162241 0.037108904 1.547348505 -0.782577750 0.085246673 -0.616688795 -124.652463249
-0.617681531 0.019130471 0.786195619 405.570755273 0.080080042 0.996037710 0.038679040 1.633634254 -0.782340535 0.086849907 -0.616766066 -126.388476692
-0.620936678 0.018336148 0.783646239 405.585302018 0.082168773 0.995741077 0.041809106 1.639700469 -0.779542131 0.090352057 -0.619798815 -126.459961408
-0.621584832 0.018398213 0.783130769 407.714275528 0.084252695 0.995495098 0.043485542 1.736158763 -0.778802786 0.093010831 -0.620334753 -128.166252177
-0.622936068 0.018633354 0.782050799 409.750744085 0.082816004 0.995669128 0.042243318 1.799607757 -0.777876703 0.091081208 -0.621781352 -129.777427952
-0.623599936 0.019018542 0.781512262 411.696201554 0.078953282 0.996124560 0.038758733 1.868502854 -0.777746424 0.085872902 -0.622684788 -131.372146574
-0.625108300 0.018097863 0.780328188 413.283601342 0.075544168 0.996440558 0.037407136 1.883153488 -0.776873665 0.082332755 -0.624250451 -132.694924708
-0.627673980 0.017184875 0.778286615 414.539316079 0.074405583 0.996503657 0.038003553 1.928759492 -0.774912372 0.081762711 -0.626758068 -133.630459423
-0.634314933 0.015351138 0.772922317 414.558617125 0.069946855 0.996841666 0.037604918 1.921591601 -0.769903893 0.077916847 -0.633385318 -133.642724827
-0.635613870 0.014146288 0.771877510 416.312348795 0.067041355 0.997066408 0.036932838 1.968914700 -0.769090674 0.075222738 -0.634697625 -135.151252204
-0.636556183 0.013644883 0.771109618 418.314770053 0.066603396 0.997080666 0.037338082 2.018103549 -0.768349018 0.075126306 -0.635606659 -136.799605755
-0.637374083 0.011359326 0.770470793 420.374685663 0.065886372 0.997032869 0.039805070 2.083306971 -0.767732547 0.076134245 -0.636231336 -138.486166945
-0.637856975 0.009707076 0.770093664 422.235452737 0.067876185 0.996738130 0.043656879 2.149216199 -0.767157939 0.080117865 -0.636435248 -140.033296943
-0.635932152 0.008542224 0.771697692 424.297577054 0.072385656 0.996190779 0.048623550 2.246256104 -0.768342772 0.086781122 -0.634128080 -141.741537605
-0.634714546 0.007701026 0.772708314 426.288574100 0.076108808 0.995711495 0.052593413 2.336996649 -0.768989528 0.092191713 -0.632578686 -143.366849892
-0.633266686 0.005267319 0.773915731 428.176612810 0.070496033 0.996212372 0.050904019 2.429760744 -0.770716299 0.086793809 -0.631239433 -144.938787841
-0.632260993 0.004479028 0.774742522 430.146890185 0.062550459 0.997013993 0.045282866 2.523970657 -0.772226312 0.077091091 -0.630653222 -146.581474269
-0.629538666 0.002499024 0.776965136 432.180300901 0.057914782 0.997363844 0.043717739 2.602986035 -0.774807683 0.072519774 -0.628023835 -148.230501019
-0.627659197 0.002772791 0.778483297 434.263648972 0.057557278 0.997422047 0.042853472 2.679915691 -0.776357580 0.071704755 -0.626200716 -149.878436656
-0.624921283 0.003363349 0.780680523 436.342575293 0.059256984 0.997310263 0.043137554 2.774292499 -0.778435611 0.073218348 -0.623439711 -151.527659834
-0.622072246 0.003159956 0.782953470 438.302358864 0.059245872 0.997314839 0.043046928 2.868642160 -0.780715088 0.073165061 -0.620589096 -153.087988105
-0.620066311 0.004366482 0.784537255 440.375433325 0.056825422 0.997607965 0.039360135 2.946971466 -0.782488748 0.068987555 -0.618831218 -154.691041608
-0.618560866 -0.000470325 0.785736746 442.412282284 0.050075757 0.997943341 0.040018825 3.010486045 -0.784139575 0.064100442 -0.617265146 -156.303365044
-0.617770855 -0.006130460 0.786334273 444.430592189 0.041621450 0.998312995 0.040482322 3.090363279 -0.785255898 0.057737171 -0.616473514 -157.860811486
-0.616948685 -0.009338310 0.786947975 446.444075834 0.034070865 0.998675215 0.038561526 3.166360711 -0.786265538 0.050602481 -0.615813196 -159.409015014
-0.615799151 -0.009445364 0.787846553 448.540897450 0.032949654 0.998744671 0.037728002 3.246567440 -0.787213901 0.049192143 -0.614714899 -161.032624716
-0.614888290 -0.009206739 0.788560478 450.586480729 0.035290921 0.998608866 0.039177598 3.303085490 -0.787824182 0.051918872 -0.613707983 -162.603950216
-0.613657345 -0.010281211 0.789505516 452.728858250 0.037053944 0.998438544 0.041802851 3.378398842 -0.788702522 0.054906920 -0.612318186 -164.257625263
-0.613155274 -0.011760494 0.789874864 454.874479397 0.035808382 0.998447614 0.042662878 3.501677421 -0.789150410 0.054443110 -0.611782296 -165.821425880
-0.612424062 -0.011916260 0.790439606 457.084567296 0.033811270 0.998576579 0.041250633 3.573623824 -0.789806031 0.051988647 -0.611149421 -167.390711241
-0.611671946 -0.011208261 0.791032114 459.460442288 0.032002098 0.998730637 0.038897054 3.675708536 -0.790463975 0.049106924 -0.610536824 -169.166764483
-0.610666132 -0.008777186 0.791839527 461.811335455 0.033942171 0.998729501 0.037246649 3.798224796 -0.791160416 0.049622020 -0.609592365 -170.902734019
-0.608987529 -0.007852441 0.793140926 463.913116547 0.036368539 0.998622873 0.037811205 3.877875186 -0.792345580 0.051871929 -0.607863294 -172.514243242
-0.607454288 -0.008340248 0.794310851 465.916280617 0.037562266 0.998524719 0.039210471 3.938071080 -0.793466044 0.053654684 -0.606244844 -174.051941922
