1.000000000 0.000000000 0.000000000 0.000000000 0.000000000 1.000000000 0.000000000 0.000000000 0.000000000 0.000000000 1.000000000 0.000000000
0.999999881 -0.000240282 0.000192710 -0.018321812 0.000239982 0.999998748 0.001550717 -0.015985029 -0.000193083 -0.001550671 0.999998748 1.313857794
0.999999285 -0.001107724 -0.000193015 -0.032609563 0.001108017 0.999998152 0.001528323 -0.034885123 0.000191321 -0.001528536 0.999998808 2.622275829
0.999997556 -0.002190024 -0.000186863 -0.044449542 0.002190087 0.999997497 0.000336397 -0.047318645 0.000186125 -0.000336806 0.999999940 3.944488287
0.999996901 -0.002467478 0.000002270 -0.056974873 0.002467477 0.999996781 0.000456661 -0.069235429 -0.000003396 -0.000456654 0.999999881 5.260844231
0.999995351 -0.003051640 0.000034914 -0.064387374 0.003051586 0.999994278 0.001456493 -0.095849141 -0.000039358 -0.001456379 0.999998927 6.615574837
0.999990940 -0.004258303 0.000131649 -0.068971694 0.004257956 0.999987781 0.002535929 -0.111755952 -0.000142446 -0.002535345 0.999996781 7.948716164
0.999992847 -0.003805904 0.000269924 -0.089300916 0.003805029 0.999987662 0.003171592 -0.137773037 -0.000281992 -0.003170542 0.999994934 9.304818153
0.999995053 -0.003157320 -0.000107796 -0.104788452 0.003157462 0.999994099 0.001345511 -0.152905196 0.000103547 -0.001345844 0.999999046 10.668333054
0.999998331 -0.001763070 0.000258419 -0.124233358 0.001763052 0.999998450 0.000070749 -0.173499256 -0.000258543 -0.000070293 0.999999881 11.986339569
0.999999285 0.001120990 -0.000240320 -0.122222692 -0.001121175 0.999999046 -0.000768835 -0.197345719 0.000239458 0.000769104 0.999999583 13.341691971
0.999990463 0.004343383 -0.000448180 -0.125378594 -0.004343872 0.999989986 -0.001096404 -0.211924732 0.000443413 0.001098340 0.999999285 14.697401047
0.999989510 0.004474398 0.000975712 -0.156063139 -0.004475070 0.999989748 0.000688795 -0.249671251 -0.000972620 -0.000693154 0.999999285 16.009904861
0.999997675 0.001812912 0.001233804 -0.150308579 -0.001817056 0.999992728 0.003366843 -0.269175798 -0.001227691 -0.003369078 0.999993622 17.376775742
0.999996245 -0.002506319 0.001089446 -0.140843943 0.002500263 0.999981582 0.005525045 -0.292274714 -0.001103273 -0.005522299 0.999984145 18.742303848
0.999988377 -0.004794934 0.000521205 -0.134352162 0.004793222 0.999983191 0.003240452 -0.307259232 -0.000536734 -0.003237916 0.999994636 20.095739365
0.999978185 -0.006523288 0.001138209 -0.150829777 0.006521988 0.999978065 0.001143131 -0.321212232 -0.001145641 -0.001135682 0.999998689 21.408119202
0.999989510 -0.004015247 0.002199093 -0.167398706 0.004016736 0.999991655 -0.000672642 -0.338102072 -0.002196374 0.000681468 0.999997377 22.759826660
0.999992669 -0.002309536 0.003048155 -0.189447284 0.002304992 0.999996185 0.001493249 -0.365446001 -0.003051592 -0.001486212 0.999994218 24.112361908
0.999994755 -0.000774896 0.003153625 -0.180577040 0.000758385 0.999985993 0.005233607 -0.378485262 -0.003157636 -0.005231188 0.999981344 25.511457443
0.999991000 -0.002716629 0.003277090 -0.169917405 0.002694116 0.999972939 0.006854549 -0.386692971 -0.003295622 -0.006845659 0.999971151 26.901721954
