1.000000000 0.000000000 0.000000000 0.000000000 0.000000000 1.000000000 0.000000000 0.000000000 0.000000000 0.000000000 1.000000000 0.000000000
0.999999821 -0.000437618 0.000059414 -0.015259339 0.000437520 0.999998569 0.001648069 -0.019057432 -0.000060135 -0.001648043 0.999998569 1.312932134
0.999998391 -0.001677684 -0.000658752 -0.012917796 0.001678920 0.999996841 0.001880129 -0.042622164 0.000655595 -0.001881232 0.999998033 2.640041828
0.999995112 -0.003058816 -0.000493631 -0.024967648 0.003059172 0.999995053 0.000722179 -0.057735916 0.000491419 -0.000723685 0.999999583 3.957535744
0.999994516 -0.003283298 -0.000385679 -0.032164305 0.003283631 0.999994159 0.000864262 -0.080075547 0.000382839 -0.000865523 0.999999523 5.295935154
0.999992430 -0.003873877 -0.000381598 -0.038162310 0.003874537 0.999990940 0.001743151 -0.099151708 0.000374842 -0.001744616 0.999998391 6.627039433
0.999985754 -0.005336059 -0.000253764 -0.046516925 0.005336797 0.999981344 0.003003512 -0.119111896 0.000237732 -0.003004825 0.999995470 7.960039616
0.999988198 -0.004845969 -0.000271516 -0.067324243 0.004846846 0.999982715 0.003326255 -0.133985087 0.000255392 -0.003327532 0.999994457 9.289897919
0.999993920 -0.003474829 -0.000249659 -0.083784036 0.003475223 0.999992669 0.001595385 -0.153909951 0.000244113 -0.001596243 0.999998629 10.621098518
0.999999344 -0.001051647 -0.000501291 -0.089460544 0.001051284 0.999999166 -0.000724895 -0.171943709 0.000502053 0.000724367 0.999999583 11.967023849
0.999996901 0.002431382 -0.000344244 -0.103836231 -0.002431817 0.999996245 -0.001269587 -0.198737308 0.000341155 0.001270420 0.999999106 13.298297882
0.999987781 0.004944070 -0.000126626 -0.122610830 -0.004944245 0.999986768 -0.001410004 -0.218892053 0.000119653 0.001410613 0.999998987 14.647006989
0.999982178 0.005967950 -0.000017002 -0.136314675 -0.005967957 0.999982119 -0.000407672 -0.241402835 0.000014569 0.000407766 0.999999940 15.985022545
0.999994338 0.003338783 0.000413956 -0.140495226 -0.003339732 0.999991775 0.002312232 -0.262647688 -0.000406233 -0.002313602 0.999997258 17.337184906
0.999999702 -0.000655152 0.000466643 -0.141578689 0.000653061 0.999989808 0.004467008 -0.282613814 -0.000469565 -0.004466703 0.999989927 18.685214996
0.999993920 -0.003473335 0.000381253 -0.145847708 0.003472475 0.999991477 0.002234450 -0.303041369 -0.000389011 -0.002233112 0.999997437 20.042428970
0.999990106 -0.004460723 0.000429664 -0.152410477 0.004460583 0.999989986 0.000324073 -0.323298484 -0.000431105 -0.000322153 0.999999881 21.392513275
0.999996543 -0.002180594 0.001475470 -0.171615168 0.002182624 0.999996662 -0.001375839 -0.338215619 -0.001472465 0.001379055 0.999997973 22.742828369
0.999997199 0.000841569 0.002175595 -0.173915610 -0.000842481 0.999999583 0.000418410 -0.357086599 -0.002175242 -0.000420242 0.999997556 24.122705460
0.999994576 0.001282111 0.003034798 -0.183667466 -0.001295918 0.999988794 0.004552112 -0.383664250 -0.003028928 -0.004556022 0.999985039 25.504243851
0.999992788 -0.000471014 0.003749632 -0.194474548 0.000448574 0.999981999 0.005983208 -0.387973100 -0.003752382 -0.005981483 0.999975085 26.869165421
