1.000000000 0.000000000 0.000000000 0.000000000 0.000000000 1.000000000 0.000000000 0.000000000 0.000000000 0.000000000 1.000000000 0.000000000
0.999999945 -0.000186567 -0.000273774 -0.013336104 0.000186960 0.999998953 0.001435036 -0.007100173 0.000273506 -0.001435087 0.999998933 1.323213490
0.999998777 -0.001397983 -0.000701756 -0.016851994 0.001398904 0.999998160 0.001312713 -0.015228282 0.000699920 -0.001313693 0.999998892 2.644387601
0.999995576 -0.002859746 -0.000818750 -0.014686745 0.002860076 0.999995829 0.000403230 -0.031518354 0.000817593 -0.000405570 0.999999584 3.942391726
0.999995570 -0.002956457 -0.000345586 -0.033140452 0.002956657 0.999995462 0.000578042 -0.044314655 0.000343876 -0.000579061 0.999999773 5.264930140
0.999993756 -0.003529504 -0.000175620 -0.043115179 0.003529749 0.999992771 0.001413702 -0.058077726 0.000170629 -0.001414313 0.999998985 6.576073737
0.999986739 -0.005104544 0.000681599 -0.067103003 0.005102841 0.999983913 0.002477029 -0.069617724 -0.000694232 -0.002473518 0.999996700 7.911019841
0.999989305 -0.004395166 0.001439263 -0.113988373 0.004391658 0.999987401 0.002431257 -0.070999670 -0.001449931 -0.002424910 0.999996009 9.264344502
0.999993075 -0.003407753 0.001495530 -0.128091158 0.003406764 0.999993977 0.000663196 -0.089676871 -0.001497781 -0.000658096 0.999998662 10.577022525
0.999997581 -0.000239942 0.002186406 -0.161682529 0.000243784 0.999998427 -0.001757093 -0.105111318 -0.002185981 0.001757622 0.999996066 11.878041648
0.999993489 0.002593469 0.002509229 -0.176725260 -0.002586684 0.999993000 -0.002703574 -0.113882556 -0.002516223 0.002697066 0.999993197 13.217232318
0.999985165 0.004847218 0.002484951 -0.188266230 -0.004840377 0.999984499 -0.002751935 -0.137179636 -0.002498251 0.002739866 0.999993126 14.571063970
0.999975325 0.006120160 0.003448505 -0.212682236 -0.006113226 0.999979279 -0.002017548 -0.155687463 -0.003460781 0.001996416 0.999992019 15.924228740
0.999986694 0.003603893 0.003691067 -0.205999338 -0.003606786 0.999993193 0.000777507 -0.176568410 -0.003688240 -0.000790809 0.999992886 17.277812207
0.999993584 -0.000889168 0.003470205 -0.200536919 0.000879347 0.999995607 0.002830517 -0.195398780 -0.003472706 -0.002827448 0.999989973 18.625586225
0.999988506 -0.003330400 0.003449157 -0.204120753 0.003329473 0.999994420 0.000274378 -0.209788604 -0.003450052 -0.000262891 0.999994014 19.966543774
0.999982506 -0.004782680 0.003480394 -0.201068362 0.004786858 0.999987831 -0.001193223 -0.231512701 -0.003474645 0.001209862 0.999993232 21.324824418
0.999986768 -0.002943653 0.004218968 -0.209867157 0.002955129 0.999991944 -0.002716490 -0.250583217 -0.004210938 0.002728922 0.999987410 22.696007986
0.999985924 -0.000088292 0.005305087 -0.221833515 0.000093055 0.999999593 -0.000897688 -0.266870206 -0.005305005 0.000898169 0.999985525 24.074925950
0.999983537 0.000903798 0.005666503 -0.221295281 -0.000918004 0.999996441 0.002504852 -0.284895497 -0.005664219 -0.002510013 0.999980808 25.458704182
0.999981612 -0.001833222 0.005780615 -0.203804703 0.001808334 0.999989087 0.004307683 -0.296179911 -0.005788449 -0.004297151 0.999974014 26.867980618
